500 10310
0 21
0 25
0 27
0 38
0 79
0 80
0 90
0 104
0 107
0 110
0 112
0 139
0 157
0 163
0 172
0 183
0 195
0 202
0 203
0 218
0 219
0 250
0 254
0 264
0 275
0 300
0 367
0 373
0 389
0 417
0 428
0 431
0 455
0 458
0 472
0 484
1 21
1 40
1 41
1 50
1 100
1 107
1 111
1 144
1 152
1 176
1 185
1 200
1 216
1 245
1 247
1 269
1 275
1 288
1 315
1 352
1 376
1 441
1 483
1 499
2 172
2 176
2 181
2 193
2 251
2 299
2 457
3 6
3 105
3 135
3 178
3 207
3 256
3 266
3 344
3 378
3 429
4 32
4 49
4 72
4 86
4 125
4 130
4 182
4 183
4 232
4 239
4 253
4 254
4 279
4 328
4 348
4 351
4 394
4 425
4 450
4 467
4 485
4 491
4 494
5 19
5 29
5 58
5 70
5 83
5 86
5 131
5 135
5 181
5 189
5 233
5 246
5 288
5 300
5 308
5 313
5 368
5 397
5 412
5 413
5 444
5 448
5 466
5 472
5 477
5 490
5 493
6 3
6 41
6 50
6 66
6 68
6 108
6 143
6 151
6 176
6 189
6 193
6 202
6 207
6 246
6 254
6 256
6 260
6 263
6 266
6 293
6 324
6 335
6 340
6 357
6 378
6 380
6 416
6 431
6 450
6 461
6 499
7 88
7 108
7 135
7 260
7 309
7 345
7 346
7 397
7 469
7 470
8 71
8 77
8 90
8 133
8 135
8 188
8 193
8 195
8 228
8 261
8 264
8 286
8 308
8 318
8 338
8 339
8 343
8 370
8 454
8 476
8 487
9 49
9 68
9 81
9 90
9 95
9 139
9 143
9 146
9 152
9 163
9 202
9 218
9 322
9 399
9 472
10 27
10 60
10 84
10 101
10 115
10 142
10 230
10 269
10 364
10 430
10 433
10 448
10 491
10 493
11 61
11 79
11 91
11 93
11 99
11 100
11 161
11 200
11 223
11 240
11 254
11 277
11 299
11 306
11 311
11 315
11 343
11 346
11 351
12 23
12 24
12 158
12 197
12 210
12 234
12 273
12 320
12 387
12 486
13 35
13 44
13 63
13 76
13 79
13 84
13 119
13 126
13 153
13 154
13 173
13 214
13 219
13 270
13 285
13 299
13 320
13 350
13 378
13 382
13 392
13 404
13 426
13 431
13 448
13 460
13 471
13 496
14 24
14 51
14 83
14 135
14 151
14 161
14 163
14 171
14 184
14 197
14 210
14 234
14 242
14 260
14 273
14 282
14 387
14 405
14 448
14 461
14 474
15 127
15 213
15 312
15 374
15 388
15 490
16 50
16 56
16 160
16 210
16 292
16 312
16 313
16 453
17 22
17 36
17 43
17 85
17 90
17 98
17 99
17 143
17 162
17 170
17 174
17 202
17 214
17 220
17 227
17 238
17 243
17 247
17 251
17 260
17 268
17 290
17 296
17 297
17 351
17 387
17 397
17 415
17 417
17 429
17 431
17 458
17 471
17 478
17 479
17 481
17 495
17 498
18 28
18 37
18 148
18 149
18 157
18 186
18 192
18 202
18 213
18 220
18 228
18 268
18 271
18 272
18 356
18 401
18 483
19 5
19 29
19 34
19 58
19 60
19 83
19 96
19 100
19 116
19 121
19 135
19 146
19 172
19 181
19 189
19 195
19 203
19 209
19 215
19 217
19 226
19 235
19 246
19 252
19 253
19 262
19 280
19 288
19 296
19 318
19 327
19 337
19 340
19 349
19 397
19 409
19 413
19 424
19 466
19 472
19 476
19 486
19 490
19 493
20 77
20 175
20 203
20 227
20 239
20 337
21 0
21 1
21 38
21 48
21 76
21 79
21 90
21 125
21 132
21 136
21 157
21 195
21 212
21 214
21 218
21 219
21 235
21 236
21 237
21 239
21 249
21 253
21 273
21 279
21 304
21 325
21 349
21 358
21 367
21 387
21 393
21 396
21 417
21 421
21 439
21 472
21 476
22 17
22 43
22 98
22 157
22 190
22 238
22 290
22 360
22 361
23 12
23 34
23 98
23 119
23 154
23 167
23 168
23 182
23 213
23 219
23 257
23 265
23 277
23 279
23 317
23 378
23 392
23 408
23 410
23 424
23 442
23 443
23 449
23 452
23 492
24 12
24 14
24 32
24 112
24 149
24 163
24 167
24 168
24 197
24 210
24 234
24 273
24 282
24 385
24 483
24 494
25 0
25 34
25 39
25 60
25 80
25 84
25 104
25 109
25 147
25 176
25 189
25 209
25 230
25 256
25 269
25 271
25 311
25 349
25 391
25 407
25 408
25 433
25 448
25 491
25 498
26 29
26 157
26 176
26 299
26 338
26 407
26 439
27 0
27 10
27 31
27 43
27 48
27 52
27 62
27 71
27 85
27 88
27 110
27 121
27 125
27 133
27 136
27 142
27 150
27 155
27 167
27 191
27 198
27 220
27 249
27 250
27 260
27 261
27 264
27 267
27 275
27 301
27 304
27 316
27 345
27 361
27 383
27 393
27 444
27 447
27 461
28 18
28 37
28 45
28 57
28 84
28 97
28 103
28 130
28 148
28 149
28 155
28 186
28 192
28 241
28 271
28 300
28 384
28 401
28 456
28 467
28 468
28 474
28 481
29 5
29 19
29 26
29 34
29 58
29 70
29 83
29 86
29 100
29 112
29 135
29 174
29 176
29 181
29 189
29 191
29 203
29 232
29 235
29 246
29 247
29 249
29 252
29 275
29 288
29 315
29 339
29 356
29 370
29 389
29 397
29 413
29 427
29 432
29 439
29 455
29 466
29 486
29 490
29 493
29 497
30 58
30 83
30 181
30 245
30 288
30 397
30 461
31 27
31 110
31 135
31 191
31 214
31 275
31 397
31 423
32 4
32 24
32 49
32 130
32 164
32 183
32 225
32 232
32 236
32 249
32 253
32 328
32 344
32 387
32 450
32 494
33 57
33 110
33 115
33 129
33 176
33 315
33 329
33 342
33 369
33 430
33 495
34 19
34 23
34 25
34 29
34 58
34 83
34 135
34 168
34 181
34 189
34 195
34 219
34 243
34 246
34 288
34 397
34 410
34 413
34 432
34 448
34 466
34 472
34 493
35 13
35 126
35 163
35 173
35 319
35 431
36 17
36 141
36 153
36 243
36 297
36 329
36 458
36 468
36 488
37 18
37 28
37 115
37 149
37 237
37 271
37 398
37 401
37 461
38 0
38 21
38 48
38 55
38 73
38 89
38 90
38 112
38 114
38 124
38 130
38 135
38 139
38 146
38 157
38 159
38 163
38 183
38 202
38 207
38 219
38 231
38 241
38 242
38 259
38 264
38 268
38 270
38 304
38 313
38 338
38 339
38 359
38 387
38 388
38 393
38 417
38 428
38 439
38 467
38 472
38 477
38 486
38 493
39 25
39 41
39 44
39 60
39 80
39 84
39 117
39 124
39 137
39 153
39 188
39 193
39 194
39 230
39 232
39 247
39 255
39 256
39 269
39 279
39 311
39 318
39 326
39 340
39 367
39 391
39 413
39 419
39 433
39 448
39 452
39 474
39 491
39 498
40 1
40 315
40 352
40 376
40 433
40 434
40 483
40 495
41 1
41 6
41 39
41 86
41 91
41 127
41 225
41 377
41 432
42 90
42 112
42 139
42 159
42 174
42 175
42 238
42 296
42 312
42 328
42 337
42 418
43 17
43 22
43 27
43 79
43 80
43 87
43 98
43 149
43 157
43 174
43 203
43 235
43 238
43 243
43 251
43 260
43 268
43 290
43 297
43 318
43 332
43 333
43 380
43 429
43 451
43 458
43 471
43 472
43 479
43 493
44 13
44 39
44 58
44 62
44 63
44 76
44 80
44 101
44 126
44 131
44 154
44 165
44 172
44 173
44 205
44 211
44 227
44 254
44 270
44 284
44 315
44 320
44 335
44 348
44 382
44 413
44 431
44 496
45 28
45 186
45 271
45 284
45 293
45 443
46 150
46 153
46 159
46 200
46 226
46 242
46 247
46 340
46 418
46 439
47 81
47 260
47 325
47 332
47 336
47 383
48 21
48 27
48 38
48 52
48 63
48 77
48 80
48 85
48 110
48 126
48 136
48 142
48 155
48 167
48 179
48 189
48 191
48 225
48 237
48 239
48 275
48 281
48 301
48 316
48 345
48 361
48 383
48 387
48 431
49 4
49 9
49 32
49 68
49 85
49 94
49 95
49 97
49 100
49 118
49 130
49 136
49 166
49 172
49 173
49 175
49 179
49 183
49 232
49 235
49 242
49 253
49 254
49 269
49 277
49 319
49 328
49 378
49 379
49 392
49 394
49 406
49 450
49 494
50 1
50 6
50 16
50 68
50 69
50 100
50 133
50 193
50 196
50 207
50 266
50 279
50 280
50 288
50 292
50 293
50 324
50 335
50 340
50 357
50 375
50 378
50 416
50 450
50 453
50 458
51 14
51 140
51 300
51 301
51 308
51 387
51 439
51 461
52 27
52 48
52 79
52 107
52 110
52 142
52 153
52 167
52 184
52 191
52 220
52 232
52 237
52 269
52 275
52 295
52 316
52 372
52 383
52 393
53 71
53 132
53 172
53 318
53 370
53 498
54 56
54 72
54 124
54 128
54 134
54 143
54 150
54 176
54 177
54 196
54 209
54 218
54 222
54 247
54 249
54 257
54 262
54 289
54 319
54 332
54 372
54 373
54 388
54 390
54 407
54 423
54 424
54 432
54 474
55 38
55 102
55 108
55 110
55 143
55 214
55 256
55 413
55 467
56 16
56 54
56 57
56 75
56 79
56 80
56 138
56 160
56 187
56 202
56 312
56 328
56 355
56 374
56 399
56 411
56 421
56 448
56 453
56 472
57 28
57 33
57 56
57 58
57 103
57 115
57 135
57 138
57 147
57 162
57 173
57 230
57 262
57 342
57 344
57 430
57 448
57 460
57 482
57 493
57 495
58 5
58 19
58 29
58 30
58 34
58 44
58 57
58 60
58 63
58 79
58 83
58 96
58 99
58 112
58 130
58 135
58 175
58 181
58 187
58 189
58 202
58 203
58 211
58 246
58 288
58 295
58 303
58 308
58 356
58 370
58 376
58 397
58 400
58 406
58 409
58 413
58 418
58 428
58 435
58 436
58 454
58 466
58 475
58 486
58 489
58 490
58 493
59 104
59 135
59 151
59 178
59 182
59 194
59 216
59 218
59 292
59 310
59 353
59 354
59 373
60 10
60 19
60 25
60 39
60 58
60 69
60 74
60 80
60 84
60 104
60 109
60 117
60 133
60 137
60 174
60 176
60 207
60 219
60 230
60 263
60 269
60 296
60 311
60 348
60 353
60 391
60 419
60 433
60 436
60 448
60 467
60 474
60 491
61 11
61 93
61 99
61 104
61 107
61 126
61 127
61 149
61 161
61 168
61 181
61 223
61 240
61 280
61 306
61 343
61 351
61 483
62 27
62 44
62 143
62 169
62 237
62 264
62 276
62 338
62 368
62 397
62 402
62 445
62 457
62 489
62 491
63 13
63 44
63 48
63 58
63 126
63 131
63 146
63 156
63 173
63 189
63 255
63 270
63 320
63 382
63 390
63 431
63 451
63 496
64 70
64 74
64 77
64 79
64 89
64 116
64 145
64 201
64 229
64 233
64 251
64 267
64 284
64 287
64 323
64 328
64 337
64 359
64 484
64 488
64 497
65 95
65 184
65 274
65 336
65 418
65 481
66 6
66 68
66 69
66 130
66 167
66 207
66 256
66 266
66 281
66 340
66 354
66 369
66 378
66 417
66 419
66 459
67 141
67 355
67 385
67 464
67 474
67 490
68 6
68 9
68 49
68 50
68 66
68 69
68 88
68 114
68 154
68 207
68 219
68 256
68 257
68 266
68 280
68 293
68 295
68 340
68 345
68 357
68 374
68 378
68 416
68 417
68 439
68 466
68 499
69 50
69 60
69 66
69 68
69 114
69 136
69 145
69 207
69 220
69 247
69 256
69 266
69 293
69 324
69 335
69 357
69 378
69 400
69 401
69 416
69 431
69 442
69 468
69 470
70 5
70 29
70 64
70 74
70 89
70 111
70 145
70 172
70 181
70 250
70 267
70 287
70 323
70 338
70 379
70 497
71 8
71 27
71 53
71 76
71 77
71 79
71 102
71 106
71 131
71 133
71 211
71 219
71 228
71 243
71 261
71 288
71 316
71 318
71 370
71 378
71 389
71 418
71 454
71 464
71 476
72 4
72 54
72 127
72 141
72 156
72 181
72 199
72 220
72 289
72 302
72 313
72 347
72 355
72 369
72 403
72 419
72 455
72 464
72 480
73 38
73 163
73 185
73 186
73 195
73 417
74 60
74 64
74 70
74 89
74 125
74 126
74 145
74 201
74 202
74 224
74 267
74 287
74 308
74 323
74 328
74 338
74 417
74 483
74 497
75 56
75 79
75 138
75 156
75 160
75 187
75 312
75 326
75 359
75 374
75 375
75 401
75 453
75 472
76 13
76 21
76 44
76 71
76 126
76 173
76 181
76 222
76 233
76 270
76 285
76 315
76 320
76 327
76 382
76 403
76 410
76 431
76 491
76 496
77 8
77 20
77 48
77 64
77 71
77 131
77 133
77 135
77 172
77 195
77 228
77 254
77 261
77 265
77 307
77 312
77 318
77 333
77 334
77 341
77 356
77 370
77 372
77 389
77 414
77 418
77 435
77 454
77 476
77 487
78 134
78 176
78 177
78 181
78 247
78 286
78 329
78 349
78 403
78 433
79 0
79 11
79 13
79 21
79 43
79 52
79 56
79 58
79 64
79 71
79 75
79 112
79 139
79 143
79 146
79 177
79 195
79 202
79 214
79 218
79 219
79 224
79 233
79 242
79 246
79 272
79 292
79 308
79 313
79 320
79 328
79 337
79 349
79 359
79 367
79 385
79 387
79 393
79 417
79 428
79 432
79 439
79 440
79 456
79 467
79 471
79 472
79 483
80 0
80 25
80 39
80 43
80 44
80 48
80 56
80 60
80 84
80 90
80 101
80 109
80 217
80 220
80 230
80 269
80 326
80 337
80 352
80 391
80 396
80 404
80 419
80 429
80 433
80 448
80 491
80 493
81 9
81 47
81 95
81 107
81 135
81 140
81 195
81 211
81 253
81 325
81 336
81 337
81 352
81 365
81 371
81 398
81 404
81 481
82 124
82 190
82 244
82 250
82 259
82 351
82 362
82 372
82 386
82 437
82 496
83 5
83 14
83 19
83 29
83 30
83 34
83 58
83 100
83 105
83 111
83 135
83 168
83 169
83 174
83 181
83 189
83 193
83 211
83 231
83 246
83 249
83 270
83 286
83 288
83 292
83 308
83 346
83 397
83 398
83 413
83 428
83 439
83 441
83 466
83 480
83 490
83 493
84 10
84 13
84 25
84 28
84 39
84 60
84 80
84 195
84 230
84 255
84 269
84 273
84 279
84 299
84 309
84 311
84 312
84 328
84 329
84 383
84 391
84 419
84 433
84 439
84 448
84 450
84 491
84 495
85 17
85 27
85 48
85 49
85 110
85 136
85 139
85 142
85 148
85 153
85 167
85 191
85 270
85 275
85 287
85 301
85 342
85 383
85 484
86 4
86 5
86 29
86 41
86 88
86 97
86 114
86 116
86 122
86 127
86 143
86 155
86 162
86 168
86 185
86 193
86 225
86 227
86 243
86 250
86 279
86 281
86 304
86 347
86 372
86 375
86 398
86 403
86 412
86 416
86 422
86 432
86 436
86 437
86 451
86 460
86 477
86 490
87 43
87 104
87 174
87 176
87 212
87 214
87 263
87 295
87 300
87 316
87 338
87 387
87 439
88 7
88 27
88 68
88 86
88 90
88 114
88 127
88 155
88 158
88 159
88 225
88 234
88 276
88 296
88 317
88 318
88 347
88 360
88 364
88 372
88 375
88 390
88 398
88 418
88 422
88 432
88 437
88 445
88 451
89 38
89 64
89 70
89 74
89 145
89 229
89 255
89 267
89 287
89 292
89 299
89 302
89 321
89 323
89 367
89 397
89 451
89 488
90 0
90 8
90 9
90 17
90 21
90 38
90 42
90 80
90 88
90 112
90 141
90 143
90 195
90 202
90 212
90 214
90 219
90 239
90 263
90 264
90 266
90 270
90 286
90 289
90 313
90 328
90 348
90 357
90 359
90 364
90 372
90 400
90 428
90 437
90 467
90 468
90 484
90 490
91 11
91 41
91 107
91 143
91 157
91 175
91 431
91 472
92 181
92 194
92 208
92 216
92 353
92 447
92 453
93 11
93 61
93 99
93 161
93 180
93 215
93 218
93 294
93 306
93 320
93 351
94 49
94 130
94 153
94 167
94 253
94 328
94 336
94 376
95 9
95 49
95 65
95 81
95 195
95 219
95 238
95 325
95 336
95 365
95 371
95 404
95 433
95 454
95 481
96 19
96 58
96 135
96 181
96 293
96 302
96 336
96 493
97 28
97 49
97 86
97 114
97 127
97 153
97 225
97 292
97 296
97 353
97 375
97 398
97 432
97 437
97 454
97 458
98 17
98 22
98 23
98 43
98 114
98 143
98 159
98 170
98 172
98 174
98 177
98 224
98 227
98 238
98 243
98 251
98 260
98 275
98 290
98 297
98 304
98 333
98 374
98 398
98 415
98 429
98 432
98 458
98 472
99 11
99 17
99 58
99 61
99 93
99 161
99 175
99 193
99 232
99 279
99 290
99 306
99 343
99 351
99 455
100 1
100 11
100 19
100 29
100 49
100 50
100 83
100 149
100 189
100 228
100 288
100 300
100 397
100 413
100 466
101 10
101 44
101 80
101 150
101 153
101 159
101 174
101 193
101 211
101 226
101 231
101 239
101 264
101 281
101 288
101 296
101 321
101 338
101 357
101 376
101 388
101 394
101 418
101 436
101 451
101 462
101 468
101 495
102 55
102 71
102 150
102 153
102 159
102 163
102 169
102 174
102 207
102 211
102 226
102 234
102 250
102 269
102 281
102 296
102 307
102 312
102 321
102 336
102 337
102 396
102 408
102 417
102 418
102 420
102 436
102 450
102 468
102 481
103 28
103 57
103 226
103 235
103 271
103 343
103 401
104 0
104 25
104 59
104 60
104 61
104 87
104 111
104 124
104 143
104 168
104 172
104 176
104 179
104 193
104 198
104 204
104 210
104 224
104 231
104 232
104 233
104 235
104 247
104 250
104 263
104 286
104 299
104 300
104 304
104 306
104 308
104 321
104 327
104 338
104 340
104 349
104 356
104 357
104 359
104 378
104 387
104 393
104 412
104 432
104 433
104 438
104 439
104 489
105 3
105 83
105 150
105 153
105 159
105 174
105 273
105 296
105 301
105 365
105 413
105 418
105 436
105 483
106 71
106 238
106 251
106 297
106 378
106 389
107 0
107 1
107 52
107 61
107 81
107 91
107 146
107 172
107 195
107 218
107 219
107 221
107 236
107 242
107 279
107 292
107 297
107 348
107 387
107 391
107 428
107 455
107 460
107 466
107 472
107 484
108 6
108 7
108 55
108 142
108 146
108 158
108 164
108 251
108 309
108 320
108 329
108 331
108 346
108 350
108 480
109 25
109 60
109 80
109 145
109 230
109 232
109 275
109 281
109 377
109 382
109 395
109 448
109 491
110 0
110 27
110 31
110 33
110 48
110 52
110 55
110 85
110 125
110 127
110 133
110 136
110 142
110 167
110 191
110 197
110 205
110 206
110 220
110 243
110 275
110 278
110 281
110 287
110 296
110 301
110 316
110 340
110 345
110 359
110 361
110 383
110 405
110 407
110 412
110 428
110 430
110 461
110 463
110 473
110 487
111 1
111 70
111 83
111 104
111 119
111 132
111 134
111 144
111 145
111 152
111 183
111 185
111 186
111 200
111 224
111 235
111 294
111 315
111 352
111 376
111 438
111 441
111 458
111 466
111 476
111 483
112 0
112 24
112 29
112 38
112 42
112 58
112 79
112 90
112 125
112 127
112 139
112 142
112 157
112 174
112 181
112 184
112 218
112 225
112 241
112 242
112 248
112 258
112 264
112 275
112 279
112 289
112 293
112 296
112 299
112 300
112 313
112 324
112 342
112 365
112 367
112 393
112 400
112 417
112 427
112 437
112 439
112 440
112 441
112 456
112 467
112 472
112 484
112 493
113 124
113 190
113 214
113 219
113 362
113 387
114 38
114 68
114 69
114 86
114 88
114 97
114 98
114 116
114 120
114 122
114 127
114 167
114 171
114 177
114 210
114 225
114 246
114 263
114 275
114 279
114 291
114 347
114 366
114 372
114 375
114 379
114 398
114 422
114 432
114 437
114 443
114 451
114 456
114 477
114 484
114 494
115 10
115 33
115 37
115 57
115 147
115 162
115 196
115 234
115 236
115 269
115 311
115 337
115 342
115 344
115 347
115 402
115 426
115 430
115 460
115 482
115 495
116 19
116 64
116 86
116 114
116 187
116 225
116 296
116 398
116 432
116 453
116 471
117 39
117 60
117 185
117 227
117 269
117 338
117 419
117 421
117 433
117 437
117 448
117 454
117 479
117 491
118 49
118 141
118 191
118 199
118 219
118 239
118 241
118 283
118 292
118 302
118 355
118 365
118 376
118 403
118 405
118 437
118 455
118 464
118 474
119 13
119 23
119 111
119 129
119 143
119 159
119 183
119 213
119 220
119 257
119 265
119 312
119 392
119 442
119 443
119 467
119 491
119 492
120 114
120 127
120 225
120 230
120 238
120 286
120 358
120 403
120 432
120 437
120 451
121 19
121 27
121 176
121 185
121 193
121 261
121 263
121 308
121 349
121 439
121 466
121 474
122 86
122 114
122 225
122 288
122 299
122 398
123 131
123 183
123 327
123 355
123 403
123 405
123 411
123 455
123 464
124 38
124 39
124 54
124 82
124 104
124 113
124 190
124 238
124 246
124 259
124 330
124 362
124 364
124 386
124 392
124 393
124 438
124 468
125 4
125 21
125 27
125 74
125 110
125 112
125 139
125 143
125 146
125 149
125 157
125 212
125 214
125 218
125 219
125 220
125 234
125 235
125 239
125 242
125 243
125 279
125 289
125 308
125 359
125 362
125 385
125 400
125 424
125 428
125 432
125 441
125 456
125 467
125 481
126 13
126 35
126 44
126 48
126 61
126 63
126 74
126 76
126 149
126 173
126 231
126 239
126 270
126 286
126 320
126 382
126 413
126 431
126 436
126 459
126 496
127 15
127 41
127 61
127 72
127 86
127 88
127 97
127 110
127 112
127 114
127 120
127 153
127 225
127 256
127 263
127 288
127 291
127 292
127 301
127 324
127 338
127 345
127 347
127 372
127 375
127 383
127 398
127 410
127 413
127 422
127 424
127 432
127 437
127 439
127 449
127 451
127 477
128 54
128 177
128 183
128 209
128 211
128 214
128 233
128 247
128 280
128 289
128 332
128 357
128 373
128 377
128 390
128 407
128 410
128 435
128 494
129 33
129 119
129 160
129 213
129 222
129 257
129 258
129 265
129 350
129 392
130 4
130 28
130 32
130 38
130 49
130 58
130 66
130 94
130 160
130 183
130 191
130 221
130 232
130 238
130 246
130 253
130 254
130 263
130 277
130 318
130 328
130 347
130 379
130 394
130 406
130 410
130 432
130 450
130 461
130 467
130 494
131 5
131 44
131 63
131 71
131 77
131 123
131 133
131 176
131 261
131 275
131 318
131 420
131 454
131 476
132 21
132 53
132 111
132 185
132 230
132 315
132 352
132 376
132 387
132 483
133 8
133 27
133 50
133 60
133 71
133 77
133 110
133 131
133 145
133 163
133 172
133 213
133 228
133 261
133 314
133 318
133 332
133 365
133 370
133 382
133 383
133 414
133 435
133 442
133 454
133 476
133 487
134 54
134 78
134 111
134 157
134 168
134 172
134 173
134 176
134 189
134 193
134 202
134 225
134 233
134 235
134 236
134 243
134 247
134 250
134 263
134 265
134 269
134 299
134 300
134 308
134 336
134 338
134 349
134 356
134 369
134 436
134 439
134 491
134 493
135 3
135 5
135 7
135 8
135 14
135 19
135 29
135 31
135 34
135 38
135 57
135 58
135 59
135 77
135 81
135 83
135 96
135 145
135 149
135 162
135 176
135 181
135 189
135 193
135 203
135 243
135 246
135 247
135 261
135 288
135 289
135 297
135 302
135 303
135 362
135 376
135 393
135 397
135 409
135 413
135 417
135 439
135 466
135 475
135 486
135 490
135 493
136 21
136 27
136 48
136 49
136 69
136 85
136 110
136 141
136 142
136 149
136 150
136 159
136 167
136 191
136 195
136 220
136 226
136 275
136 286
136 301
136 316
136 324
136 342
136 345
136 361
136 383
136 396
136 461
136 489
137 39
137 60
137 263
137 269
137 334
137 433
137 448
137 449
137 463
137 472
138 56
138 57
138 75
138 160
138 207
138 213
138 221
138 235
138 249
138 266
138 275
138 281
138 312
138 349
138 374
138 411
138 421
138 453
139 0
139 9
139 38
139 42
139 79
139 85
139 112
139 125
139 143
139 189
139 193
139 196
139 199
139 202
139 207
139 208
139 212
139 214
139 218
139 233
139 238
139 247
139 250
139 263
139 264
139 279
139 286
139 301
139 305
139 321
139 332
139 367
139 381
139 385
139 396
139 416
139 428
139 432
139 456
139 467
139 472
139 476
139 494
139 496
139 497
140 51
140 81
140 271
140 288
140 325
140 336
141 36
141 67
141 72
141 90
141 118
141 136
141 156
141 191
141 218
141 219
141 233
141 275
141 284
141 302
141 317
141 322
141 355
141 369
141 403
141 405
141 446
141 455
141 456
141 464
141 474
142 10
142 27
142 48
142 52
142 85
142 108
142 110
142 112
142 136
142 167
142 168
142 174
142 177
142 191
142 197
142 205
142 206
142 218
142 220
142 269
142 275
142 279
142 288
142 301
142 316
142 345
142 383
142 411
142 413
142 456
142 479
143 6
143 9
143 17
143 54
143 55
143 62
143 79
143 86
143 90
143 91
143 98
143 104
143 119
143 125
143 139
143 146
143 157
143 174
143 195
143 202
143 210
143 214
143 218
143 219
143 222
143 241
143 258
143 263
143 264
143 288
143 297
143 305
143 316
143 318
143 339
143 349
143 380
143 387
143 393
143 400
143 413
143 418
143 440
143 464
143 467
143 474
144 1
144 111
144 315
144 358
144 376
144 492
145 64
145 69
145 70
145 74
145 89
145 109
145 111
145 133
145 135
145 212
145 229
145 263
145 267
145 286
145 320
145 323
145 466
145 488
145 497
146 9
146 19
146 38
146 63
146 79
146 107
146 108
146 125
146 143
146 150
146 153
146 157
146 160
146 169
146 179
146 195
146 207
146 219
146 264
146 279
146 299
146 333
146 337
146 355
146 367
146 376
146 382
146 385
146 393
146 396
146 407
146 417
146 418
146 428
146 439
146 456
146 472
147 25
147 57
147 115
147 162
147 171
147 218
147 269
147 342
147 344
147 422
147 430
147 461
147 493
147 495
148 18
148 28
148 85
148 149
148 246
148 256
148 271
148 385
148 401
149 18
149 24
149 28
149 37
149 43
149 61
149 100
149 125
149 126
149 135
149 136
149 148
149 186
149 192
149 260
149 263
149 271
149 296
149 347
149 384
149 401
149 434
150 27
150 46
150 54
150 101
150 102
150 105
150 136
150 146
150 153
150 159
150 169
150 172
150 173
150 174
150 175
150 176
150 211
150 230
150 231
150 235
150 239
150 244
150 247
150 261
150 281
150 292
150 296
150 297
150 301
150 318
150 322
150 337
150 351
150 359
150 396
150 407
150 416
150 418
150 436
150 446
150 464
150 468
151 6
151 14
151 59
151 152
151 193
151 197
151 210
151 234
151 246
151 273
151 282
151 321
151 356
151 415
152 1
152 9
152 111
152 151
152 185
152 315
152 356
152 362
152 376
152 483
152 499
153 13
153 36
153 39
153 46
153 52
153 85
153 94
153 97
153 101
153 102
153 105
153 127
153 146
153 150
153 157
153 159
153 172
153 174
153 175
153 177
153 211
153 212
153 226
153 233
153 234
153 239
153 244
153 266
153 281
153 292
153 296
153 321
153 337
153 353
153 358
153 382
153 389
153 396
153 407
153 408
153 412
153 418
153 420
153 436
153 443
153 462
153 466
153 468
154 13
154 23
154 44
154 68
154 158
154 173
154 178
154 193
154 320
154 407
154 431
154 496
155 27
155 28
155 48
155 86
155 88
155 185
155 225
155 375
155 398
155 437
155 452
155 497
156 63
156 72
156 75
156 141
156 355
156 393
156 403
156 436
156 464
157 0
157 18
157 21
157 22
157 26
157 38
157 43
157 91
157 112
157 125
157 134
157 143
157 146
157 153
157 167
157 195
157 202
157 212
157 214
157 218
157 225
157 250
157 275
157 279
157 300
157 340
157 383
157 393
157 429
157 436
157 476
158 12
158 88
158 108
158 154
158 191
158 225
158 336
158 398
158 432
158 437
159 38
159 42
159 46
159 88
159 98
159 101
159 102
159 105
159 119
159 136
159 150
159 153
159 174
159 185
159 211
159 214
159 219
159 226
159 239
159 244
159 247
159 256
159 269
159 281
159 292
159 296
159 304
159 319
159 321
159 322
159 337
159 338
159 341
159 342
159 362
159 391
159 394
159 396
159 413
159 418
159 419
159 436
159 468
159 478
159 496
160 16
160 56
160 75
160 129
160 130
160 138
160 146
160 187
160 312
160 314
160 340
160 352
160 374
160 411
160 421
160 436
160 446
160 453
160 454
161 11
161 14
161 61
161 93
161 99
161 172
161 225
161 244
161 255
161 258
161 266
161 306
161 328
161 343
161 351
161 474
162 17
162 57
162 86
162 115
162 135
162 147
162 186
162 204
162 271
162 342
162 344
162 430
162 439
162 455
162 460
162 495
163 0
163 9
163 14
163 24
163 35
163 38
163 73
163 102
163 133
163 184
163 197
163 210
163 231
163 234
163 273
163 282
163 328
163 349
163 459
164 32
164 108
164 239
164 253
164 309
164 346
164 480
164 499
165 44
165 180
165 255
165 320
165 368
165 398
165 431
165 496
166 49
166 183
166 232
166 253
166 265
166 268
166 397
167 23
167 24
167 27
167 48
167 52
167 66
167 85
167 94
167 110
167 114
167 136
167 142
167 157
167 191
167 205
167 206
167 214
167 220
167 239
167 246
167 266
167 272
167 275
167 301
167 316
167 337
167 345
167 361
167 365
167 373
167 383
167 392
167 393
167 448
167 457
167 461
167 467
167 473
167 499
168 23
168 24
168 34
168 61
168 83
168 86
168 104
168 134
168 142
168 172
168 176
168 181
168 193
168 233
168 247
168 250
168 263
168 282
168 296
168 317
168 321
168 327
168 338
168 349
168 356
168 385
168 387
168 412
168 419
168 428
168 439
168 483
169 62
169 83
169 102
169 146
169 150
169 237
169 276
169 298
169 368
169 402
169 407
169 431
169 445
169 457
169 464
169 489
169 493
170 17
170 98
170 205
170 240
170 297
170 385
171 14
171 114
171 147
171 197
171 210
171 234
171 287
172 0
172 2
172 19
172 44
172 49
172 53
172 70
172 77
172 98
172 104
172 107
172 133
172 134
172 150
172 153
172 161
172 168
172 176
172 231
172 233
172 235
172 239
172 244
172 247
172 263
172 300
172 308
172 338
172 349
172 356
172 380
172 387
172 397
172 431
172 439
172 496
173 13
173 35
173 44
173 49
173 57
173 63
173 76
173 126
173 134
173 150
173 154
173 226
173 231
173 248
173 270
173 284
173 285
173 296
173 303
173 307
173 320
173 334
173 340
173 350
173 367
173 382
173 394
173 416
173 431
173 442
173 451
173 466
173 468
173 496
174 17
174 29
174 42
174 43
174 60
174 83
174 87
174 98
174 101
174 102
174 105
174 112
174 142
174 143
174 150
174 153
174 159
174 175
174 180
174 181
174 202
174 211
174 213
174 214
174 219
174 225
174 226
174 239
174 253
174 263
174 274
174 281
174 292
174 296
174 316
174 321
174 322
174 337
174 341
174 358
174 388
174 396
174 401
174 418
174 420
174 436
174 454
174 458
174 468
174 474
175 20
175 42
175 49
175 58
175 91
175 99
175 150
175 153
175 174
175 239
175 243
175 244
175 246
175 296
175 321
175 337
175 363
175 372
175 395
175 396
175 405
175 416
175 418
175 436
175 469
175 483
176 1
176 2
176 6
176 25
176 26
176 29
176 33
176 54
176 60
176 78
176 87
176 104
176 121
176 131
176 134
176 135
176 150
176 168
176 172
176 187
176 189
176 193
176 219
176 226
176 231
176 233
176 235
176 239
176 242
176 247
176 250
176 262
176 286
176 300
176 308
176 327
176 338
176 349
176 356
176 370
176 382
176 387
176 412
176 428
176 448
176 449
176 466
176 494
177 54
177 78
177 79
177 98
177 114
177 128
177 142
177 153
177 179
177 196
177 202
177 209
177 249
177 262
177 281
177 289
177 332
177 338
177 388
177 390
177 407
177 457
178 3
178 59
178 154
178 194
178 215
178 216
178 230
178 264
178 300
178 310
178 347
178 353
178 354
178 411
179 48
179 49
179 104
179 146
179 177
179 202
179 359
179 413
179 427
179 437
179 467
180 93
180 165
180 174
180 224
180 307
180 340
180 395
181 2
181 5
181 19
181 29
181 30
181 34
181 58
181 61
181 70
181 72
181 76
181 78
181 83
181 92
181 96
181 112
181 135
181 168
181 174
181 187
181 188
181 189
181 197
181 203
181 238
181 246
181 251
181 252
181 253
181 288
181 293
181 300
181 301
181 303
181 320
181 327
181 332
181 387
181 393
181 397
181 398
181 409
181 413
181 433
181 466
181 475
181 486
181 490
181 493
182 4
182 23
182 59
182 194
182 215
182 216
182 233
182 301
182 353
182 473
183 0
183 4
183 32
183 38
183 49
183 111
183 119
183 123
183 128
183 130
183 166
183 190
183 232
183 251
183 252
183 253
183 254
183 268
183 287
183 299
183 300
183 328
183 379
183 383
183 392
183 394
183 395
183 406
183 450
183 469
183 485
183 490
183 494
184 14
184 52
184 65
184 112
184 163
184 197
184 210
184 234
184 257
184 273
184 363
184 397
185 1
185 73
185 86
185 111
185 117
185 121
185 132
185 152
185 155
185 159
185 191
185 200
185 245
185 299
185 300
185 315
185 352
185 376
185 442
185 483
185 495
186 18
186 28
186 45
186 73
186 111
186 149
186 162
186 271
186 321
186 356
186 400
186 401
186 434
187 56
187 58
187 75
187 116
187 160
187 176
187 181
187 233
187 279
187 312
187 374
187 393
187 409
187 411
187 421
187 453
188 8
188 39
188 181
188 308
188 318
188 476
189 5
189 6
189 19
189 25
189 29
189 34
189 48
189 58
189 63
189 83
189 100
189 134
189 135
189 139
189 176
189 181
189 198
189 218
189 222
189 246
189 275
189 288
189 294
189 300
189 304
189 375
189 387
189 397
189 413
189 419
189 439
189 465
189 466
189 486
189 490
189 493
190 22
190 82
190 113
190 124
190 183
190 211
190 236
190 337
190 362
190 386
191 27
191 29
191 31
191 48
191 52
191 85
191 110
191 118
191 130
191 136
191 141
191 142
191 158
191 167
191 185
191 196
191 206
191 211
191 220
191 273
191 275
191 286
191 290
191 296
191 300
191 301
191 308
191 316
191 345
191 361
191 380
191 383
191 393
191 400
191 418
191 433
191 447
191 459
191 461
191 463
191 473
191 491
192 18
192 28
192 149
192 245
192 271
192 470
192 482
193 2
193 6
193 8
193 39
193 50
193 83
193 86
193 99
193 101
193 104
193 121
193 134
193 135
193 139
193 151
193 154
193 168
193 176
193 204
193 208
193 226
193 231
193 235
193 247
193 250
193 263
193 264
193 286
193 292
193 299
193 300
193 304
193 308
193 325
193 327
193 338
193 349
193 356
193 357
193 371
193 380
193 387
193 403
193 432
193 439
193 472
193 483
193 493
194 39
194 59
194 92
194 178
194 182
194 215
194 216
194 231
194 242
194 310
194 313
194 329
194 344
194 353
194 354
194 397
194 407
194 448
195 0
195 8
195 19
195 21
195 34
195 73
195 77
195 79
195 81
195 84
195 90
195 95
195 107
195 136
195 143
195 146
195 157
195 202
195 212
195 218
195 219
195 222
195 241
195 263
195 264
195 273
195 280
195 281
195 295
195 296
195 339
195 359
195 372
195 376
195 383
195 385
195 391
195 392
195 393
195 400
195 418
195 427
195 428
195 432
195 443
195 467
196 50
196 54
196 115
196 139
196 177
196 191
196 222
196 230
196 231
196 243
196 246
196 249
196 262
196 279
196 286
196 289
196 304
196 346
196 373
196 388
196 390
196 407
196 410
196 436
196 453
197 12
197 14
197 24
197 110
197 142
197 151
197 163
197 171
197 181
197 184
197 210
197 234
197 253
197 273
197 280
197 282
197 287
197 304
197 316
197 378
197 383
197 432
197 459
198 27
198 104
198 189
198 224
198 295
198 360
198 395
198 458
198 464
198 465
199 72
199 118
199 139
199 221
199 398
199 403
199 464
199 492
200 1
200 11
200 46
200 111
200 185
200 228
200 242
200 243
200 315
200 316
200 352
200 369
200 376
200 379
200 483
200 491
201 64
201 74
201 302
201 316
201 323
201 361
202 0
202 6
202 9
202 17
202 18
202 38
202 56
202 58
202 74
202 79
202 90
202 134
202 139
202 143
202 157
202 174
202 177
202 179
202 195
202 218
202 219
202 230
202 235
202 242
202 253
202 264
202 269
202 279
202 285
202 293
202 300
202 309
202 321
202 330
202 359
202 366
202 367
202 370
202 377
202 411
202 415
202 417
202 427
202 428
202 456
202 467
203 0
203 19
203 20
203 29
203 43
203 58
203 135
203 181
203 216
203 288
203 397
203 466
204 104
204 162
204 193
204 217
204 232
204 263
204 300
204 322
204 344
204 356
204 368
204 439
205 44
205 110
205 142
205 167
205 170
205 251
205 275
205 296
205 316
205 383
206 110
206 142
206 167
206 191
206 243
206 275
206 330
206 347
206 383
206 414
206 429
206 470
207 3
207 6
207 38
207 50
207 60
207 66
207 68
207 69
207 102
207 138
207 139
207 146
207 246
207 256
207 266
207 267
207 270
207 280
207 281
207 293
207 302
207 324
207 335
207 340
207 357
207 367
207 376
207 378
207 383
207 416
207 457
207 468
207 472
207 499
208 92
208 139
208 193
208 335
208 370
208 417
208 467
209 19
209 25
209 54
209 128
209 177
209 249
209 289
209 354
209 355
209 361
209 388
209 407
209 410
209 417
209 472
210 12
210 14
210 16
210 24
210 104
210 114
210 143
210 151
210 163
210 171
210 184
210 197
210 234
210 248
210 273
210 282
210 287
210 318
210 352
210 400
210 428
210 459
210 464
210 476
211 44
211 58
211 71
211 81
211 83
211 101
211 102
211 128
211 150
211 153
211 159
211 174
211 190
211 191
211 218
211 226
211 239
211 257
211 270
211 271
211 281
211 292
211 295
211 296
211 322
211 337
211 338
211 341
211 352
211 358
211 376
211 396
211 399
211 405
211 417
211 418
211 420
211 422
211 429
211 436
211 446
211 454
211 464
211 468
211 472
212 21
212 87
212 90
212 125
212 139
212 145
212 153
212 157
212 195
212 218
212 233
212 279
212 288
212 295
212 346
212 372
212 390
212 417
212 450
212 467
213 15
213 18
213 23
213 119
213 129
213 133
213 138
213 174
213 242
213 257
213 265
213 294
213 300
213 309
213 375
213 388
213 392
213 408
213 424
213 436
213 442
213 443
213 449
213 452
213 483
213 492
214 13
214 17
214 21
214 31
214 55
214 79
214 87
214 90
214 113
214 125
214 128
214 139
214 143
214 157
214 159
214 167
214 174
214 241
214 244
214 247
214 264
214 286
214 288
214 289
214 297
214 305
214 359
214 367
214 373
214 393
214 417
214 428
214 452
214 472
214 490
215 19
215 93
215 178
215 182
215 194
215 338
215 353
215 354
215 383
215 492
216 1
216 59
216 92
216 178
216 182
216 194
216 203
216 314
216 442
217 19
217 80
217 204
217 269
217 298
217 431
217 433
217 491
218 0
218 9
218 21
218 54
218 59
218 79
218 93
218 107
218 112
218 125
218 139
218 141
218 142
218 143
218 147
218 157
218 189
218 195
218 202
218 211
218 212
218 230
218 236
218 244
218 264
218 272
218 288
218 301
218 312
218 316
218 332
218 338
218 339
218 355
218 358
218 359
218 393
218 417
218 428
218 437
218 456
218 476
218 496
219 0
219 13
219 21
219 23
219 34
219 38
219 60
219 68
219 71
219 79
219 90
219 95
219 107
219 113
219 118
219 125
219 141
219 143
219 146
219 159
219 174
219 176
219 195
219 202
219 241
219 266
219 279
219 300
219 336
219 338
219 339
219 362
219 366
219 367
219 393
219 396
219 397
219 400
219 403
219 417
219 428
219 456
219 466
219 467
220 17
220 18
220 27
220 52
220 69
220 72
220 80
220 110
220 119
220 125
220 136
220 142
220 167
220 191
220 251
220 266
220 271
220 275
220 301
220 316
220 345
220 371
220 383
220 462
221 107
221 130
221 138
221 199
221 312
221 338
221 374
221 411
221 453
221 496
222 54
222 76
222 129
222 143
222 189
222 195
222 196
222 235
222 289
222 332
222 359
222 373
222 388
222 390
222 407
222 410
222 458
222 467
223 11
223 61
223 234
223 291
223 303
223 306
223 343
223 351
223 420
223 450
224 74
224 79
224 98
224 104
224 111
224 180
224 198
224 253
224 278
224 295
224 314
224 360
224 363
224 380
224 395
224 445
224 465
225 32
225 41
225 48
225 86
225 88
225 97
225 112
225 114
225 116
225 120
225 122
225 127
225 134
225 155
225 157
225 158
225 161
225 174
225 247
225 283
225 315
225 346
225 347
225 362
225 372
225 375
225 398
225 413
225 432
225 437
225 450
225 451
225 456
225 460
225 462
225 470
225 477
225 480
226 19
226 46
226 101
226 102
226 103
226 136
226 153
226 159
226 173
226 174
226 176
226 193
226 211
226 238
226 247
226 248
226 250
226 274
226 281
226 289
226 292
226 296
226 300
226 337
226 349
226 396
226 397
226 399
226 418
226 431
226 436
226 451
226 460
226 468
227 17
227 20
227 44
227 86
227 98
227 117
227 238
227 243
227 251
227 256
227 260
227 297
227 308
227 387
227 428
227 443
227 458
228 8
228 18
228 71
228 77
228 100
228 133
228 200
228 318
228 336
228 361
228 430
228 454
228 476
229 64
229 89
229 145
229 322
229 450
229 492
230 10
230 25
230 39
230 57
230 60
230 80
230 84
230 109
230 120
230 132
230 150
230 178
230 196
230 202
230 218
230 269
230 313
230 342
230 381
230 391
230 398
230 419
230 433
230 448
230 467
230 491
231 38
231 83
231 101
231 104
231 126
231 150
231 163
231 172
231 173
231 176
231 193
231 194
231 196
231 233
231 235
231 250
231 256
231 263
231 286
231 297
231 300
231 304
231 308
231 328
231 338
231 349
231 387
231 450
231 467
231 468
232 4
232 29
232 32
232 39
232 49
232 52
232 99
232 104
232 109
232 130
232 166
232 183
232 204
232 239
232 253
232 254
232 299
232 304
232 328
232 350
232 353
232 379
232 394
232 430
232 450
232 464
232 490
232 494
233 5
233 64
233 76
233 79
233 104
233 128
233 134
233 139
233 141
233 153
233 168
233 172
233 176
233 182
233 187
233 212
233 231
233 235
233 247
233 250
233 263
233 279
233 288
233 293
233 297
233 299
233 304
233 308
233 338
233 349
233 356
233 359
233 387
233 403
233 439
233 458
234 12
234 14
234 24
234 88
234 102
234 115
234 125
234 151
234 153
234 163
234 171
234 184
234 197
234 210
234 223
234 269
234 273
234 282
234 290
234 336
234 349
234 391
234 399
234 459
235 19
235 21
235 29
235 43
235 49
235 103
235 104
235 111
235 125
235 134
235 138
235 150
235 172
235 176
235 193
235 202
235 222
235 231
235 233
235 246
235 247
235 263
235 265
235 286
235 299
235 300
235 304
235 308
235 315
235 338
235 349
235 380
235 428
235 439
235 448
236 21
236 32
236 107
236 115
236 134
236 190
236 218
236 367
236 428
237 21
237 37
237 48
237 52
237 62
237 169
237 298
237 402
237 421
237 436
237 457
237 489
238 17
238 22
238 42
238 43
238 95
238 98
238 106
238 120
238 124
238 130
238 139
238 181
238 226
238 227
238 243
238 247
238 251
238 260
238 268
238 289
238 290
238 297
238 333
238 358
238 378
238 391
238 412
238 415
238 441
238 456
238 458
238 471
238 477
238 478
238 479
238 484
238 491
239 4
239 20
239 21
239 48
239 90
239 101
239 118
239 125
239 126
239 150
239 153
239 159
239 164
239 167
239 172
239 174
239 175
239 176
239 211
239 232
239 244
239 250
239 256
239 264
239 281
239 292
239 296
239 308
239 312
239 337
239 340
239 358
239 396
239 418
239 436
239 446
239 454
239 468
239 490
240 11
240 61
240 170
240 284
240 343
240 370
241 28
241 38
241 112
241 118
241 143
241 195
241 214
241 219
241 279
241 325
241 343
241 345
241 357
241 398
241 417
241 474
242 14
242 38
242 46
242 49
242 79
242 107
242 112
242 125
242 176
242 194
242 200
242 202
242 213
242 272
242 279
242 299
242 320
242 324
242 356
242 367
242 385
242 393
242 417
242 433
242 454
242 456
242 467
242 472
242 490
243 17
243 34
243 36
243 43
243 71
243 86
243 98
243 110
243 125
243 134
243 135
243 175
243 196
243 200
243 206
243 227
243 238
243 247
243 251
243 260
243 268
243 289
243 297
243 306
243 356
243 363
243 415
243 417
243 429
243 458
243 471
243 478
244 82
244 150
244 153
244 159
244 161
244 172
244 175
244 214
244 218
244 239
244 275
244 281
244 337
244 424
244 433
244 436
244 468
244 482
245 1
245 30
245 185
245 192
245 315
245 376
245 483
246 5
246 6
246 19
246 29
246 34
246 58
246 79
246 83
246 114
246 124
246 130
246 135
246 148
246 151
246 167
246 175
246 181
246 189
246 196
246 207
246 235
246 282
246 288
246 303
246 337
246 397
246 413
246 429
246 436
246 451
246 466
246 490
246 493
246 499
247 1
247 17
247 29
247 39
247 46
247 54
247 69
247 78
247 104
247 128
247 134
247 135
247 139
247 150
247 159
247 168
247 172
247 176
247 193
247 214
247 225
247 226
247 233
247 235
247 238
247 243
247 249
247 250
247 263
247 286
247 299
247 300
247 304
247 308
247 325
247 327
247 338
247 349
247 356
247 371
247 380
247 387
247 394
247 412
247 439
247 451
247 454
247 466
247 468
248 112
248 173
248 210
248 226
248 266
248 270
248 318
248 320
248 353
248 431
248 496
249 21
249 27
249 29
249 32
249 54
249 83
249 138
249 177
249 196
249 209
249 247
249 289
249 299
249 319
249 332
249 361
249 373
249 377
249 382
249 388
249 390
249 397
249 407
249 410
249 433
249 435
250 0
250 27
250 70
250 82
250 86
250 102
250 104
250 134
250 139
250 157
250 168
250 176
250 193
250 226
250 231
250 233
250 239
250 247
250 261
250 263
250 266
250 286
250 299
250 301
250 308
250 329
250 332
250 338
250 349
250 352
250 356
250 387
250 437
251 2
251 17
251 43
251 64
251 98
251 106
251 108
251 181
251 183
251 205
251 220
251 227
251 238
251 243
251 260
251 264
251 268
251 279
251 297
251 308
251 342
251 429
251 458
252 19
252 29
252 181
252 183
252 288
252 370
252 391
253 4
253 19
253 21
253 32
253 49
253 81
253 94
253 130
253 164
253 166
253 174
253 181
253 183
253 197
253 202
253 224
253 232
253 254
253 261
253 304
253 328
253 335
253 379
253 394
253 401
253 450
253 453
253 467
253 485
253 494
254 0
254 4
254 6
254 11
254 44
254 49
254 77
254 130
254 183
254 232
254 253
254 328
254 335
254 337
254 378
254 393
254 450
254 473
254 494
255 39
255 63
255 84
255 89
255 161
255 165
255 391
255 491
256 3
256 6
256 25
256 39
256 55
256 66
256 68
256 69
256 127
256 148
256 159
256 207
256 227
256 231
256 239
256 266
256 269
256 280
256 288
256 293
256 340
256 357
256 378
256 410
256 416
256 420
257 23
257 54
257 68
257 119
257 129
257 184
257 211
257 213
257 264
257 265
257 320
257 336
257 346
257 356
257 382
257 392
257 408
257 424
257 443
257 452
257 455
257 492
258 112
258 129
258 143
258 161
258 279
258 340
258 381
259 38
259 82
259 124
259 268
259 362
259 438
259 475
260 6
260 7
260 14
260 17
260 27
260 43
260 47
260 98
260 149
260 227
260 238
260 243
260 251
260 261
260 268
260 297
260 375
260 429
260 433
260 439
260 458
261 8
261 27
261 71
261 77
261 121
261 131
261 133
261 135
261 150
261 250
261 253
261 260
261 279
261 318
261 370
261 454
261 456
261 467
261 476
261 487
262 19
262 54
262 57
262 176
262 177
262 196
262 279
262 289
263 6
263 60
263 87
263 90
263 104
263 114
263 121
263 127
263 130
263 134
263 137
263 139
263 143
263 145
263 149
263 168
263 172
263 174
263 193
263 195
263 204
263 231
263 233
263 235
263 247
263 250
263 279
263 281
263 288
263 299
263 300
263 304
263 308
263 316
263 338
263 349
263 351
263 356
263 380
263 387
263 393
263 412
263 433
263 439
263 454
263 471
263 472
263 499
264 0
264 8
264 27
264 38
264 62
264 90
264 101
264 112
264 139
264 143
264 146
264 178
264 193
264 195
264 202
264 214
264 218
264 239
264 251
264 257
264 279
264 286
264 292
264 310
264 336
264 370
264 371
264 381
264 385
264 400
264 428
264 439
264 445
264 467
264 472
265 23
265 77
265 119
265 129
265 134
265 166
265 213
265 235
265 257
265 300
265 349
265 392
265 424
265 426
265 442
265 449
265 494
266 3
266 6
266 50
266 66
266 68
266 69
266 90
266 138
266 153
266 161
266 167
266 207
266 219
266 220
266 248
266 250
266 256
266 280
266 287
266 293
266 307
266 324
266 335
266 340
266 354
266 357
266 374
266 378
266 416
266 428
266 451
266 465
266 468
266 499
267 27
267 64
267 70
267 74
267 89
267 145
267 207
267 281
267 323
267 359
267 393
267 451
268 17
268 18
268 38
268 43
268 166
268 183
268 238
268 243
268 251
268 259
268 260
268 297
268 472
269 1
269 10
269 25
269 39
269 49
269 52
269 60
269 80
269 84
269 102
269 115
269 117
269 134
269 137
269 142
269 147
269 159
269 202
269 217
269 230
269 234
269 256
269 326
269 327
269 337
269 345
269 390
269 391
269 416
269 419
269 433
269 448
269 468
269 491
269 498
270 13
270 38
270 44
270 63
270 76
270 83
270 85
270 90
270 126
270 173
270 207
270 211
270 248
270 272
270 285
270 286
270 309
270 320
270 350
270 382
270 383
270 400
270 405
270 418
270 431
270 487
270 496
271 18
271 25
271 28
271 37
271 45
271 103
271 140
271 148
271 149
271 162
271 186
271 192
271 211
271 220
271 288
271 306
271 375
271 376
271 384
271 396
271 397
271 401
271 434
272 18
272 79
272 167
272 218
272 242
272 270
272 429
273 12
273 14
273 21
273 24
273 84
273 105
273 151
273 163
273 184
273 191
273 195
273 197
273 210
273 234
273 281
273 282
273 324
273 355
273 373
273 459
273 465
273 491
274 65
274 174
274 226
274 281
274 407
274 479
275 0
275 1
275 27
275 29
275 31
275 48
275 52
275 85
275 98
275 109
275 110
275 112
275 114
275 131
275 136
275 138
275 141
275 142
275 157
275 167
275 189
275 191
275 205
275 206
275 220
275 244
275 301
275 315
275 316
275 326
275 345
275 361
275 373
275 383
275 392
275 400
275 436
275 444
275 447
275 459
275 461
275 463
275 466
275 472
275 473
275 486
275 493
276 62
276 88
276 169
276 277
276 391
276 457
277 11
277 23
277 49
277 130
277 276
277 328
277 466
278 110
278 224
278 295
278 308
278 404
278 465
279 4
279 21
279 23
279 39
279 50
279 84
279 86
279 99
279 107
279 112
279 114
279 125
279 139
279 142
279 146
279 157
279 187
279 196
279 202
279 212
279 219
279 233
279 241
279 242
279 251
279 258
279 261
279 262
279 263
279 264
279 296
279 313
279 321
279 325
279 356
279 359
279 385
279 393
279 394
279 400
279 417
279 428
279 456
279 466
279 467
279 468
279 493
280 19
280 50
280 61
280 68
280 128
280 195
280 197
280 207
280 256
280 266
280 317
280 340
280 378
280 495
281 48
281 66
281 86
281 101
281 102
281 109
281 110
281 138
281 150
281 153
281 159
281 174
281 177
281 195
281 207
281 211
281 226
281 239
281 244
281 263
281 267
281 273
281 274
281 292
281 294
281 296
281 299
281 301
281 321
281 337
281 346
281 357
281 358
281 396
281 399
281 412
281 418
281 436
281 440
281 446
281 456
281 468
281 473
281 494
282 14
282 24
282 151
282 163
282 168
282 197
282 210
282 234
282 246
282 273
282 345
282 385
282 398
282 420
282 431
282 459
282 466
282 475
283 118
283 225
283 390
283 397
283 403
283 455
283 474
284 44
284 45
284 64
284 141
284 173
284 240
284 320
284 431
285 13
285 76
285 173
285 202
285 270
285 300
285 320
285 481
285 496
286 8
286 78
286 83
286 90
286 104
286 120
286 126
286 136
286 139
286 145
286 176
286 191
286 193
286 196
286 214
286 231
286 235
286 247
286 250
286 264
286 270
286 292
286 293
286 299
286 300
286 304
286 327
286 328
286 338
286 349
286 356
286 378
286 387
286 412
286 439
286 492
287 64
287 70
287 74
287 85
287 89
287 110
287 171
287 183
287 197
287 210
287 266
287 323
287 381
287 488
287 497
288 1
288 5
288 19
288 29
288 30
288 34
288 50
288 58
288 71
288 83
288 100
288 101
288 122
288 127
288 135
288 140
288 142
288 143
288 181
288 189
288 203
288 212
288 214
288 218
288 233
288 246
288 252
288 256
288 263
288 271
288 300
288 303
288 340
288 374
288 392
288 396
288 397
288 413
288 442
288 450
288 466
288 476
288 486
288 490
288 493
289 54
289 72
289 90
289 112
289 125
289 128
289 135
289 177
289 196
289 209
289 214
289 222
289 226
289 238
289 243
289 249
289 262
289 319
289 332
289 344
289 373
289 383
289 388
289 393
289 400
289 407
289 410
289 417
289 423
289 472
290 17
290 22
290 43
290 98
290 99
290 191
290 234
290 238
290 297
290 333
291 114
291 127
291 223
291 371
291 375
291 437
292 16
292 50
292 59
292 79
292 83
292 89
292 97
292 107
292 118
292 127
292 150
292 153
292 159
292 174
292 193
292 211
292 226
292 239
292 264
292 281
292 286
292 293
292 296
292 321
292 337
292 358
292 418
292 428
292 446
293 6
293 45
293 50
293 68
293 69
293 96
293 112
293 181
293 202
293 207
293 233
293 256
293 266
293 286
293 292
293 297
293 324
293 335
293 340
293 357
293 359
293 378
293 391
293 464
293 476
294 93
294 111
294 189
294 213
294 281
294 315
294 376
294 483
295 52
295 58
295 68
295 87
295 195
295 198
295 211
295 212
295 224
295 278
295 307
295 323
295 360
295 363
295 395
295 465
296 17
296 19
296 42
296 60
296 88
296 97
296 101
296 102
296 105
296 110
296 112
296 116
296 149
296 150
296 153
296 159
296 168
296 173
296 174
296 175
296 191
296 195
296 205
296 211
296 226
296 239
296 279
296 281
296 292
296 297
296 321
296 322
296 337
296 347
296 358
296 396
296 399
296 405
296 410
296 417
296 418
296 431
296 436
296 446
296 462
296 468
296 490
296 491
296 493
297 17
297 36
297 43
297 98
297 106
297 107
297 135
297 143
297 150
297 170
297 214
297 227
297 231
297 233
297 238
297 243
297 251
297 260
297 268
297 290
297 293
297 296
297 316
297 333
297 353
297 362
297 403
297 415
297 429
297 437
297 439
297 456
297 458
297 468
297 471
297 478
297 488
298 169
298 217
298 237
298 344
298 347
298 457
299 2
299 11
299 13
299 26
299 84
299 89
299 104
299 112
299 122
299 134
299 146
299 183
299 185
299 193
299 232
299 233
299 235
299 242
299 247
299 249
299 250
299 263
299 281
299 286
299 300
299 304
299 308
299 338
299 349
299 356
299 367
299 375
299 397
299 433
300 0
300 5
300 28
300 51
300 87
300 100
300 104
300 112
300 134
300 157
300 172
300 176
300 178
300 181
300 183
300 185
300 189
300 191
300 193
300 202
300 204
300 213
300 219
300 226
300 231
300 235
300 247
300 263
300 265
300 285
300 286
300 288
300 299
300 304
300 308
300 338
300 349
300 356
300 387
300 397
300 417
300 439
300 497
301 27
301 48
301 51
301 85
301 105
301 110
301 127
301 136
301 139
301 142
301 150
301 167
301 181
301 182
301 191
301 218
301 220
301 250
301 275
301 281
301 316
301 317
301 321
301 325
301 345
301 355
301 361
301 369
301 383
301 398
301 418
301 436
301 447
301 461
301 463
301 473
301 477
302 72
302 89
302 96
302 118
302 135
302 141
302 201
302 207
302 311
302 317
302 327
302 342
302 355
302 357
302 403
302 405
302 455
302 464
302 465
302 474
303 58
303 135
303 173
303 181
303 223
303 246
303 288
303 397
303 481
303 493
304 21
304 27
304 38
304 86
304 98
304 104
304 159
304 189
304 193
304 196
304 197
304 231
304 232
304 233
304 235
304 247
304 253
304 263
304 286
304 299
304 300
304 308
304 338
304 349
304 356
304 387
304 390
304 413
304 433
304 439
304 480
305 139
305 143
305 214
305 308
305 315
305 359
305 419
305 428
305 459
305 490
306 11
306 61
306 93
306 99
306 104
306 161
306 223
306 243
306 271
306 312
306 320
306 343
306 351
306 440
306 491
307 77
307 102
307 173
307 180
307 266
307 295
308 5
308 8
308 51
308 58
308 74
308 79
308 83
308 104
308 121
308 125
308 134
308 172
308 176
308 188
308 191
308 193
308 227
308 231
308 233
308 235
308 239
308 247
308 250
308 251
308 263
308 278
308 299
308 300
308 304
308 305
308 310
308 323
308 338
308 339
308 349
308 352
308 355
308 356
308 380
308 387
308 393
308 398
308 436
308 439
308 466
309 7
309 84
309 108
309 164
309 202
309 213
309 270
309 326
309 329
309 346
309 373
309 376
309 425
309 470
309 480
309 492
309 498
310 59
310 178
310 194
310 264
310 308
310 353
310 406
311 11
311 25
311 39
311 60
311 84
311 115
311 302
311 342
311 351
311 391
311 419
311 425
311 433
311 463
311 491
311 495
312 15
312 16
312 42
312 56
312 75
312 77
312 84
312 102
312 119
312 138
312 160
312 187
312 218
312 221
312 239
312 306
312 327
312 359
312 374
312 411
312 421
312 428
312 432
312 448
312 453
313 5
313 16
313 38
313 72
313 79
313 90
313 112
313 194
313 230
313 279
313 349
313 359
313 361
313 381
313 428
313 433
313 457
313 472
314 133
314 160
314 216
314 224
314 318
314 476
315 1
315 11
315 29
315 33
315 40
315 44
315 76
315 111
315 132
315 144
315 152
315 185
315 200
315 225
315 235
315 245
315 275
315 294
315 305
315 338
315 352
315 376
315 401
315 407
315 441
315 451
315 467
315 483
316 27
316 48
316 52
316 71
316 87
316 110
316 136
316 142
316 143
316 167
316 174
316 191
316 197
316 200
316 201
316 205
316 218
316 220
316 263
316 275
316 297
316 301
316 345
316 377
316 383
316 397
316 413
316 415
316 427
316 430
316 461
317 23
317 88
317 141
317 168
317 280
317 301
317 302
317 340
317 355
317 369
317 392
317 403
317 405
317 434
317 455
317 464
317 496
318 8
318 19
318 39
318 43
318 53
318 71
318 77
318 88
318 130
318 131
318 133
318 143
318 150
318 188
318 210
318 228
318 248
318 261
318 314
318 349
318 370
318 376
318 389
318 402
318 407
318 430
318 454
318 455
318 476
318 487
319 35
319 49
319 54
319 159
319 249
319 289
319 323
319 390
319 407
320 12
320 13
320 44
320 63
320 76
320 79
320 93
320 108
320 126
320 145
320 154
320 165
320 173
320 181
320 242
320 248
320 257
320 270
320 284
320 285
320 306
320 335
320 350
320 374
320 375
320 382
320 383
320 386
320 403
320 418
320 431
320 446
320 476
320 496
321 89
321 101
321 102
321 104
321 139
321 151
321 153
321 159
321 168
321 174
321 175
321 186
321 202
321 279
321 281
321 292
321 296
321 301
321 346
321 418
321 442
322 9
322 141
322 150
322 159
322 174
322 204
322 211
322 229
322 296
322 337
322 352
322 361
322 436
323 64
323 70
323 74
323 89
323 145
323 201
323 267
323 287
323 295
323 308
323 319
323 359
323 363
323 381
323 388
323 428
323 493
324 6
324 50
324 69
324 112
324 127
324 136
324 207
324 242
324 266
324 273
324 293
324 335
324 340
324 357
324 367
324 378
324 406
324 416
324 428
324 451
324 491
325 21
325 47
325 81
325 95
325 140
325 193
325 241
325 247
325 279
325 301
325 336
325 365
325 387
325 404
325 464
325 481
325 493
326 39
326 75
326 80
326 269
326 275
326 309
326 337
326 426
326 433
327 19
327 76
327 104
327 123
327 168
327 176
327 181
327 193
327 247
327 269
327 286
327 302
327 312
327 349
327 356
327 380
327 387
327 389
327 400
327 439
327 456
327 484
328 4
328 32
328 42
328 49
328 56
328 64
328 74
328 79
328 84
328 90
328 94
328 130
328 161
328 163
328 183
328 231
328 232
328 253
328 254
328 277
328 286
328 379
328 394
328 396
328 397
328 434
328 450
328 467
328 494
329 33
329 36
329 78
329 84
329 108
329 194
329 250
329 309
329 346
329 349
329 353
329 425
329 469
329 470
329 480
330 124
330 202
330 206
330 362
330 386
330 397
330 438
331 108
331 346
331 417
331 425
331 440
331 470
331 487
332 43
332 47
332 54
332 128
332 133
332 139
332 177
332 181
332 218
332 222
332 249
332 250
332 289
332 351
332 377
332 407
332 410
332 420
333 43
333 77
333 98
333 146
333 238
333 290
333 297
333 355
333 432
334 77
334 137
334 173
334 355
334 359
334 390
334 405
334 455
334 464
334 474
335 6
335 44
335 50
335 69
335 207
335 208
335 253
335 254
335 266
335 293
335 320
335 324
335 340
335 343
335 345
335 349
335 357
335 378
335 397
335 428
335 436
335 437
335 499
336 47
336 65
336 81
336 94
336 95
336 96
336 102
336 134
336 140
336 158
336 219
336 228
336 234
336 257
336 264
336 325
336 365
336 371
336 404
336 481
337 19
337 20
337 42
337 64
337 79
337 80
337 81
337 102
337 115
337 146
337 150
337 153
337 159
337 167
337 174
337 175
337 190
337 211
337 226
337 239
337 244
337 246
337 254
337 269
337 281
337 292
337 296
337 322
337 326
337 338
337 370
337 396
337 403
337 418
337 420
337 431
337 436
337 466
337 467
337 468
337 488
338 8
338 26
338 38
338 62
338 70
338 74
338 87
338 101
338 104
338 117
338 127
338 134
338 159
338 168
338 172
338 176
338 177
338 193
338 211
338 215
338 218
338 219
338 221
338 231
338 233
338 235
338 247
338 250
338 263
338 286
338 299
338 300
338 304
338 308
338 315
338 337
338 356
338 378
338 387
338 398
338 403
338 412
338 437
338 439
338 467
338 490
339 8
339 29
339 38
339 143
339 195
339 218
339 219
339 308
339 349
339 389
339 456
340 6
340 19
340 39
340 46
340 50
340 66
340 68
340 104
340 110
340 157
340 160
340 173
340 180
340 207
340 239
340 256
340 258
340 266
340 280
340 288
340 293
340 317
340 324
340 335
340 356
340 357
340 378
340 390
340 416
340 499
341 77
341 159
341 174
341 211
341 445
341 449
342 33
342 57
342 85
342 112
342 115
342 136
342 147
342 159
342 162
342 230
342 251
342 302
342 311
342 344
342 356
342 426
342 430
342 465
342 495
343 8
343 11
343 61
343 99
343 103
343 161
343 223
343 240
343 241
343 306
343 335
343 351
343 467
343 490
343 493
344 3
344 32
344 57
344 115
344 147
344 162
344 194
344 204
344 289
344 298
344 342
344 430
344 460
344 468
344 484
344 494
344 495
345 7
345 27
345 48
345 68
345 110
345 127
345 136
345 142
345 167
345 191
345 220
345 241
345 269
345 275
345 282
345 301
345 316
345 335
345 367
345 383
345 417
345 436
345 444
345 453
345 458
345 466
346 7
346 11
346 83
346 108
346 164
346 196
346 212
346 225
346 257
346 281
346 309
346 321
346 329
346 331
346 376
346 425
346 469
346 470
346 478
346 480
347 72
347 86
347 88
347 114
347 115
347 127
347 130
347 149
347 178
347 206
347 225
347 296
347 298
347 375
347 398
347 432
347 451
347 467
347 496
348 4
348 44
348 60
348 90
348 107
348 393
349 19
349 21
349 25
349 78
349 79
349 104
349 121
349 134
349 138
349 143
349 163
349 168
349 172
349 176
349 193
349 226
349 231
349 233
349 234
349 235
349 247
349 250
349 263
349 265
349 286
349 299
349 300
349 304
349 308
349 313
349 318
349 327
349 329
349 335
349 339
349 355
349 356
349 366
349 378
349 380
349 385
349 387
349 391
349 400
349 401
349 411
349 412
349 439
349 456
349 495
350 13
350 108
350 129
350 173
350 232
350 270
350 320
350 382
350 474
350 495
351 4
351 11
351 17
351 61
351 82
351 93
351 99
351 150
351 161
351 223
351 263
351 306
351 311
351 332
351 343
351 382
351 398
351 496
352 1
352 40
352 80
352 81
352 111
352 132
352 160
352 185
352 200
352 210
352 211
352 250
352 308
352 315
352 322
352 376
352 380
352 412
352 416
352 417
352 441
352 483
353 59
353 60
353 92
353 97
353 153
353 178
353 182
353 194
353 215
353 232
353 248
353 297
353 310
353 329
353 354
353 486
354 59
354 66
354 178
354 194
354 209
354 215
354 266
354 353
354 439
355 56
355 67
355 72
355 118
355 123
355 141
355 146
355 156
355 209
355 218
355 273
355 301
355 302
355 308
355 317
355 333
355 334
355 349
355 369
355 385
355 388
355 403
355 405
355 418
355 433
355 436
355 455
355 464
355 474
355 483
356 18
356 29
356 58
356 77
356 104
356 134
356 151
356 152
356 168
356 172
356 176
356 186
356 193
356 204
356 233
356 242
356 243
356 247
356 250
356 257
356 263
356 279
356 286
356 299
356 300
356 304
356 308
356 327
356 338
356 340
356 342
356 349
356 358
356 383
356 387
356 402
356 412
356 413
356 428
356 433
356 439
356 453
356 472
356 493
357 6
357 50
357 68
357 69
357 90
357 101
357 104
357 128
357 193
357 207
357 241
357 256
357 266
357 281
357 293
357 302
357 324
357 335
357 340
357 358
357 378
357 407
357 416
357 432
357 438
357 466
357 499
358 21
358 120
358 144
358 153
358 174
358 211
358 218
358 238
358 239
358 281
358 292
358 296
358 356
358 357
358 396
358 429
358 436
358 499
359 38
359 64
359 75
359 79
359 90
359 104
359 110
359 125
359 150
359 179
359 195
359 202
359 214
359 218
359 222
359 233
359 267
359 279
359 293
359 305
359 312
359 313
359 323
359 334
359 366
359 381
359 392
359 393
359 396
359 430
359 448
359 449
359 454
359 456
359 467
359 472
359 484
360 22
360 88
360 198
360 224
360 295
360 465
360 467
361 22
361 27
361 48
361 110
361 136
361 167
361 191
361 201
361 209
361 228
361 249
361 275
361 301
361 313
361 322
361 383
361 458
361 470
362 82
362 113
362 124
362 125
362 135
362 152
362 159
362 190
362 219
362 225
362 259
362 297
362 330
362 364
362 438
362 450
362 494
363 175
363 184
363 224
363 243
363 295
363 323
363 395
363 428
363 465
364 10
364 88
364 90
364 124
364 362
364 386
364 473
365 81
365 95
365 105
365 112
365 118
365 133
365 167
365 325
365 336
365 370
365 371
365 481
365 495
366 114
366 202
366 219
366 349
366 359
366 393
366 401
366 437
366 486
367 0
367 21
367 39
367 79
367 89
367 112
367 139
367 146
367 173
367 202
367 207
367 214
367 219
367 236
367 242
367 299
367 324
367 345
367 369
367 385
367 394
367 401
367 453
367 467
367 487
368 5
368 62
368 165
368 169
368 204
368 457
369 33
369 66
369 72
369 134
369 141
369 200
369 301
369 317
369 355
369 367
369 399
369 403
369 405
369 464
369 472
369 474
370 8
370 29
370 53
370 58
370 71
370 77
370 133
370 176
370 202
370 208
370 240
370 252
370 261
370 264
370 318
370 337
370 365
370 389
370 454
370 476
371 81
371 95
371 193
371 220
371 247
371 264
371 291
371 336
371 365
371 481
372 52
372 54
372 77
372 82
372 86
372 88
372 90
372 114
372 127
372 175
372 195
372 212
372 225
372 375
372 398
372 432
372 437
372 451
372 481
372 493
373 0
373 54
373 59
373 128
373 167
373 196
373 214
373 222
373 249
373 273
373 275
373 289
373 309
373 388
373 407
373 410
373 442
374 15
374 56
374 68
374 75
374 98
374 138
374 160
374 187
374 221
374 266
374 288
374 312
374 320
374 375
374 382
374 383
374 411
374 453
374 455
375 50
375 75
375 86
375 88
375 97
375 114
375 127
375 155
375 189
375 213
375 225
375 260
375 271
375 291
375 299
375 320
375 347
375 372
375 374
375 398
375 416
375 431
375 432
375 437
375 451
375 452
375 456
375 465
375 468
376 1
376 40
376 58
376 94
376 101
376 111
376 118
376 132
376 135
376 144
376 146
376 152
376 185
376 195
376 200
376 207
376 211
376 245
376 271
376 294
376 309
376 315
376 318
376 346
376 352
376 391
376 441
376 483
377 41
377 109
377 128
377 202
377 249
377 316
377 332
377 407
378 3
378 6
378 13
378 23
378 49
378 50
378 66
378 68
378 69
378 71
378 104
378 106
378 197
378 207
378 238
378 254
378 256
378 266
378 280
378 286
378 293
378 324
378 335
378 338
378 340
378 349
378 357
378 403
378 412
378 416
378 417
378 439
378 448
378 464
378 499
379 49
379 70
379 114
379 130
379 183
379 200
379 232
379 253
379 328
379 472
379 482
380 6
380 43
380 143
380 172
380 191
380 193
380 224
380 235
380 247
380 263
380 308
380 327
380 349
380 352
380 387
380 393
380 396
380 418
380 421
380 439
381 139
381 230
381 258
381 264
381 287
381 313
381 323
381 359
381 387
381 433
382 13
382 44
382 63
382 76
382 109
382 126
382 133
382 146
382 153
382 173
382 176
382 249
382 257
382 270
382 320
382 350
382 351
382 374
382 410
382 420
382 431
382 437
382 496
383 27
383 47
383 48
383 52
383 84
383 85
383 110
383 127
383 133
383 136
383 142
383 157
383 167
383 183
383 191
383 195
383 197
383 205
383 206
383 207
383 215
383 220
383 270
383 275
383 289
383 301
383 316
383 320
383 345
383 356
383 361
383 374
383 411
383 444
383 453
383 454
383 464
383 473
383 494
384 28
384 149
384 271
384 393
384 401
384 420
385 24
385 67
385 79
385 125
385 139
385 146
385 148
385 168
385 170
385 195
385 242
385 264
385 279
385 282
385 349
385 355
385 367
385 387
385 393
385 428
385 431
385 437
386 82
386 124
386 190
386 320
386 330
386 364
386 398
386 419
386 448
386 487
387 12
387 14
387 17
387 21
387 32
387 38
387 48
387 51
387 79
387 87
387 104
387 107
387 113
387 132
387 143
387 168
387 172
387 176
387 181
387 189
387 193
387 227
387 231
387 233
387 247
387 250
387 263
387 286
387 300
387 304
387 308
387 325
387 327
387 338
387 349
387 356
387 380
387 381
387 385
387 388
387 407
387 418
387 428
387 439
387 448
388 15
388 38
388 54
388 101
388 174
388 177
388 196
388 209
388 213
388 222
388 249
388 289
388 323
388 355
388 373
388 387
388 390
388 398
388 407
388 410
388 428
388 456
389 0
389 29
389 71
389 77
389 106
389 153
389 318
389 327
389 339
389 370
389 454
389 476
389 485
390 54
390 63
390 88
390 128
390 177
390 196
390 212
390 222
390 249
390 269
390 283
390 304
390 319
390 334
390 340
390 388
390 407
390 494
391 25
391 39
391 60
391 80
391 84
391 107
391 159
391 195
391 230
391 234
391 238
391 252
391 255
391 269
391 276
391 293
391 311
391 349
391 376
391 421
391 433
391 448
391 460
391 466
391 486
391 491
392 13
392 23
392 49
392 119
392 124
392 129
392 167
392 183
392 195
392 213
392 257
392 265
392 275
392 288
392 317
392 359
392 408
392 413
392 424
392 436
392 442
392 443
392 449
392 452
392 455
392 492
393 21
393 27
393 38
393 52
393 79
393 104
393 112
393 124
393 135
393 143
393 146
393 156
393 157
393 167
393 181
393 187
393 191
393 195
393 214
393 218
393 219
393 242
393 254
393 263
393 267
393 279
393 289
393 308
393 348
393 359
393 366
393 380
393 384
393 385
393 400
393 417
393 418
393 428
393 436
393 439
393 456
393 458
393 467
393 472
393 474
393 476
393 493
394 4
394 49
394 101
394 130
394 159
394 173
394 183
394 232
394 247
394 253
394 279
394 328
394 367
394 406
394 418
394 437
394 450
394 464
394 491
394 494
395 109
395 175
395 180
395 183
395 198
395 224
395 295
395 363
395 425
395 453
395 465
396 21
396 80
396 102
396 136
396 139
396 146
396 150
396 153
396 159
396 174
396 175
396 211
396 219
396 226
396 239
396 271
396 281
396 288
396 296
396 328
396 337
396 358
396 359
396 380
396 418
396 419
396 436
396 447
396 468
396 491
396 493
396 494
397 5
397 7
397 17
397 19
397 29
397 30
397 31
397 34
397 58
397 62
397 83
397 89
397 100
397 135
397 166
397 172
397 181
397 184
397 189
397 194
397 203
397 219
397 226
397 246
397 249
397 271
397 283
397 288
397 299
397 300
397 303
397 316
397 328
397 330
397 335
397 403
397 409
397 413
397 437
397 455
397 466
397 475
397 486
397 490
397 493
397 494
398 37
398 81
398 83
398 86
398 88
398 97
398 98
398 114
398 116
398 122
398 127
398 155
398 158
398 165
398 181
398 199
398 225
398 230
398 241
398 282
398 301
398 308
398 338
398 347
398 351
398 372
398 375
398 386
398 388
398 409
398 422
398 432
398 433
398 437
398 451
398 461
398 477
398 496
399 9
399 56
399 211
399 226
399 234
399 281
399 296
399 369
399 436
399 446
399 491
400 58
400 69
400 90
400 112
400 125
400 143
400 186
400 191
400 195
400 210
400 219
400 264
400 270
400 275
400 279
400 289
400 327
400 349
400 393
400 407
400 428
400 456
400 467
400 472
400 474
401 18
401 28
401 37
401 69
401 75
401 103
401 148
401 149
401 174
401 186
401 253
401 271
401 315
401 349
401 366
401 367
401 384
401 434
401 483
402 62
402 115
402 169
402 237
402 318
402 356
402 419
402 457
402 489
403 72
403 76
403 78
403 86
403 118
403 120
403 123
403 141
403 156
403 193
403 199
403 219
403 233
403 283
403 297
403 302
403 317
403 320
403 337
403 338
403 355
403 369
403 378
403 397
403 405
403 439
403 455
403 464
403 474
403 490
404 13
404 80
404 81
404 95
404 278
404 325
404 336
405 14
405 110
405 118
405 123
405 141
405 175
405 211
405 270
405 296
405 302
405 317
405 334
405 355
405 369
405 403
405 417
405 428
405 441
405 450
405 455
405 464
405 474
405 476
406 49
406 58
406 130
406 183
406 310
406 324
406 394
406 419
406 439
406 450
406 452
406 494
407 25
407 26
407 54
407 110
407 128
407 146
407 150
407 153
407 154
407 169
407 177
407 194
407 196
407 209
407 222
407 249
407 274
407 289
407 315
407 318
407 319
407 332
407 357
407 373
407 377
407 387
407 388
407 390
407 400
407 410
407 423
407 456
408 23
408 25
408 102
408 153
408 213
408 257
408 392
409 19
409 58
409 135
409 181
409 187
409 397
409 398
410 23
410 34
410 76
410 127
410 128
410 130
410 196
410 209
410 222
410 249
410 256
410 289
410 296
410 332
410 373
410 382
410 388
410 407
410 446
410 496
411 56
411 123
411 138
411 142
411 160
411 178
411 187
411 202
411 221
411 312
411 349
411 374
411 383
411 415
411 418
411 453
411 492
412 5
412 86
412 104
412 110
412 153
412 168
412 176
412 238
412 247
412 263
412 281
412 286
412 338
412 349
412 352
412 356
412 378
412 439
412 455
413 5
413 19
413 29
413 34
413 39
413 44
413 55
413 58
413 83
413 100
413 105
413 126
413 127
413 135
413 142
413 143
413 159
413 179
413 181
413 189
413 225
413 246
413 288
413 304
413 316
413 356
413 392
413 397
413 431
413 456
413 464
413 466
413 486
413 490
413 493
414 77
414 133
414 206
414 454
414 469
414 471
415 17
415 98
415 151
415 202
415 238
415 243
415 297
415 316
415 411
415 432
415 458
415 491
416 6
416 50
416 68
416 69
416 86
416 139
416 150
416 173
416 175
416 207
416 256
416 266
416 269
416 324
416 340
416 352
416 357
416 375
416 378
416 436
416 455
416 491
417 0
417 17
417 21
417 38
417 66
417 68
417 73
417 74
417 79
417 102
417 112
417 135
417 146
417 202
417 208
417 209
417 211
417 212
417 214
417 218
417 219
417 241
417 242
417 243
417 279
417 289
417 296
417 300
417 331
417 345
417 352
417 378
417 393
417 405
417 418
417 439
417 456
417 472
418 42
418 46
418 58
418 65
418 71
418 77
418 88
418 101
418 102
418 105
418 143
418 146
418 150
418 153
418 159
418 174
418 175
418 191
418 195
418 211
418 226
418 239
418 270
418 281
418 292
418 296
418 301
418 320
418 321
418 337
418 355
418 380
418 387
418 393
418 394
418 396
418 411
418 417
418 419
418 420
418 436
418 437
418 446
418 453
418 466
418 468
419 39
419 60
419 66
419 72
419 80
419 84
419 117
419 159
419 168
419 189
419 230
419 269
419 305
419 311
419 386
419 396
419 402
419 406
419 418
419 433
419 448
419 491
420 102
420 131
420 153
420 174
420 211
420 223
420 256
420 282
420 332
420 337
420 382
420 384
420 418
420 436
420 458
421 21
421 56
421 117
421 138
421 160
421 187
421 237
421 312
421 380
421 391
421 446
421 453
421 487
422 86
422 88
422 114
422 127
422 147
422 211
422 398
422 423
422 432
422 437
422 497
423 31
423 54
423 289
423 407
423 422
423 430
424 19
424 23
424 54
424 125
424 127
424 213
424 244
424 257
424 265
424 392
424 431
424 442
425 4
425 309
425 311
425 329
425 331
425 346
425 395
425 439
426 13
426 115
426 265
426 326
426 342
426 495
427 29
427 112
427 179
427 195
427 202
427 316
427 442
427 496
428 0
428 38
428 58
428 79
428 83
428 90
428 107
428 110
428 125
428 139
428 146
428 168
428 176
428 195
428 202
428 210
428 214
428 218
428 219
428 227
428 235
428 236
428 264
428 266
428 279
428 292
428 305
428 312
428 313
428 323
428 324
428 335
428 356
428 363
428 385
428 387
428 388
428 393
428 400
428 405
428 431
428 441
428 456
428 464
428 467
428 476
428 484
429 3
429 17
429 43
429 80
429 98
429 157
429 206
429 211
429 243
429 246
429 251
429 260
429 272
429 297
429 358
429 458
430 10
430 33
430 57
430 110
430 115
430 147
430 162
430 228
430 232
430 316
430 318
430 342
430 344
430 359
430 423
430 460
430 482
430 490
430 495
431 0
431 6
431 13
431 17
431 35
431 44
431 48
431 63
431 69
431 76
431 91
431 126
431 154
431 165
431 169
431 172
431 173
431 217
431 226
431 248
431 270
431 282
431 284
431 296
431 320
431 337
431 375
431 382
431 385
431 413
431 424
431 428
431 496
432 29
432 34
432 41
432 54
432 79
432 86
432 88
432 97
432 98
432 104
432 114
432 116
432 120
432 125
432 127
432 130
432 139
432 158
432 193
432 195
432 197
432 225
432 312
432 333
432 347
432 357
432 372
432 375
432 398
432 415
432 422
432 437
432 451
432 476
432 490
433 10
433 25
433 39
433 40
433 60
433 78
433 80
433 84
433 95
433 104
433 117
433 137
433 181
433 191
433 217
433 230
433 242
433 244
433 249
433 260
433 263
433 269
433 299
433 304
433 311
433 313
433 326
433 355
433 356
433 381
433 391
433 398
433 419
433 439
433 443
433 448
433 491
433 498
434 40
434 149
434 186
434 271
434 317
434 328
434 401
435 58
435 77
435 128
435 133
435 249
435 476
436 58
436 60
436 86
436 101
436 102
436 105
436 126
436 134
436 150
436 153
436 156
436 157
436 159
436 160
436 174
436 175
436 196
436 211
436 213
436 226
436 237
436 239
436 244
436 246
436 275
436 281
436 296
436 301
436 308
436 322
436 335
436 337
436 345
436 355
436 358
436 392
436 393
436 396
436 399
436 416
436 418
436 420
436 468
436 472
436 486
437 82
437 86
437 88
437 90
437 97
437 112
437 114
437 117
437 118
437 120
437 127
437 155
437 158
437 179
437 218
437 225
437 250
437 291
437 297
437 335
437 338
437 366
437 372
437 375
437 382
437 385
437 394
437 397
437 398
437 418
437 422
437 432
437 451
438 104
438 111
438 124
438 259
438 330
438 357
438 362
438 487
439 21
439 26
439 29
439 38
439 46
439 51
439 68
439 79
439 83
439 84
439 87
439 104
439 112
439 121
439 127
439 134
439 135
439 146
439 162
439 168
439 172
439 189
439 193
439 204
439 233
439 235
439 247
439 260
439 263
439 264
439 286
439 297
439 300
439 304
439 308
439 327
439 338
439 349
439 354
439 356
439 378
439 380
439 387
439 393
439 403
439 406
439 412
439 417
439 425
439 433
440 79
440 112
440 143
440 281
440 306
440 331
440 491
441 1
441 83
441 111
441 112
441 125
441 238
441 315
441 352
441 376
441 405
441 428
441 483
442 23
442 69
442 119
442 133
442 173
442 185
442 213
442 216
442 265
442 288
442 321
442 373
442 392
442 424
442 427
442 443
442 449
442 491
442 492
443 23
443 45
443 114
443 119
443 153
443 195
443 213
443 227
443 257
443 392
443 433
443 442
444 5
444 27
444 275
444 345
444 383
444 469
445 62
445 88
445 169
445 224
445 264
445 341
445 489
446 141
446 150
446 160
446 211
446 239
446 281
446 292
446 296
446 320
446 399
446 410
446 418
446 421
446 454
446 457
447 27
447 92
447 191
447 275
447 301
447 396
448 5
448 10
448 13
448 14
448 25
448 34
448 39
448 56
448 57
448 60
448 80
448 84
448 109
448 117
448 137
448 167
448 176
448 194
448 230
448 235
448 269
448 312
448 359
448 378
448 386
448 387
448 391
448 419
448 433
448 491
449 23
449 127
449 137
449 176
449 213
449 265
449 341
449 359
449 392
449 442
450 4
450 6
450 32
450 49
450 50
450 84
450 102
450 130
450 183
450 212
450 223
450 225
450 229
450 231
450 232
450 253
450 254
450 288
450 328
450 362
450 394
450 405
450 406
450 485
450 494
451 43
451 63
451 86
451 88
451 89
451 101
451 114
451 120
451 127
451 173
451 225
451 226
451 246
451 247
451 266
451 267
451 315
451 324
451 347
451 372
451 375
451 398
451 432
451 437
451 480
452 23
452 39
452 155
452 213
452 214
452 257
452 375
452 392
452 406
453 16
453 50
453 56
453 75
453 92
453 116
453 138
453 160
453 187
453 196
453 221
453 253
453 312
453 345
453 356
453 367
453 374
453 383
453 395
453 411
453 418
453 421
454 8
454 58
454 71
454 77
454 95
454 97
454 117
454 131
454 133
454 160
454 174
454 211
454 228
454 239
454 242
454 247
454 261
454 263
454 318
454 359
454 370
454 383
454 389
454 414
454 446
454 476
454 487
455 0
455 29
455 72
455 99
455 107
455 118
455 123
455 141
455 162
455 257
455 283
455 302
455 317
455 318
455 334
455 355
455 374
455 392
455 397
455 403
455 405
455 412
455 416
455 464
455 474
455 489
456 28
456 79
456 112
456 114
456 125
456 139
456 141
456 142
456 146
456 202
456 218
456 219
456 225
456 238
456 242
456 261
456 279
456 281
456 297
456 327
456 339
456 349
456 359
456 375
456 388
456 393
456 400
456 407
456 413
456 417
456 428
456 472
456 488
457 2
457 62
457 167
457 169
457 177
457 207
457 237
457 276
457 298
457 313
457 368
457 402
457 446
457 478
458 0
458 17
458 36
458 43
458 50
458 97
458 98
458 111
458 174
458 198
458 222
458 227
458 233
458 238
458 243
458 251
458 260
458 297
458 345
458 361
458 393
458 415
458 420
458 429
458 479
459 66
459 126
459 163
459 191
459 197
459 210
459 234
459 273
459 275
459 282
459 305
460 13
460 57
460 86
460 107
460 115
460 162
460 225
460 226
460 344
460 391
460 430
460 485
460 495
461 6
461 14
461 27
461 30
461 37
461 51
461 110
461 130
461 136
461 147
461 167
461 191
461 275
461 301
461 316
461 398
462 101
462 153
462 220
462 225
462 296
462 498
463 110
463 137
463 191
463 275
463 301
463 311
464 67
464 71
464 72
464 118
464 123
464 141
464 143
464 150
464 156
464 169
464 198
464 199
464 210
464 211
464 232
464 293
464 302
464 317
464 325
464 334
464 355
464 369
464 378
464 383
464 394
464 403
464 405
464 413
464 428
464 455
464 474
465 189
465 198
465 224
465 266
465 273
465 278
465 295
465 302
465 342
465 360
465 363
465 375
465 395
465 498
466 5
466 19
466 29
466 34
466 58
466 68
466 83
466 100
466 107
466 111
466 121
466 135
466 145
466 153
466 173
466 176
466 181
466 189
466 203
466 219
466 246
466 247
466 275
466 277
466 279
466 282
466 288
466 308
466 337
466 345
466 357
466 391
466 397
466 413
466 418
466 467
466 486
466 490
466 493
467 4
467 28
467 38
467 55
467 60
467 79
467 90
467 112
467 119
467 125
467 130
467 139
467 143
467 167
467 179
467 195
467 202
467 208
467 212
467 219
467 222
467 230
467 231
467 242
467 253
467 261
467 264
467 279
467 315
467 328
467 337
467 338
467 343
467 347
467 359
467 360
467 367
467 393
467 400
467 428
467 466
467 468
467 472
467 486
467 494
468 28
468 36
468 69
468 90
468 101
468 102
468 124
468 150
468 153
468 159
468 173
468 174
468 207
468 211
468 226
468 231
468 239
468 244
468 247
468 266
468 269
468 279
468 281
468 296
468 297
468 337
468 344
468 375
468 396
468 418
468 436
468 467
469 7
469 175
469 183
469 329
469 346
469 414
469 444
470 7
470 69
470 192
470 206
470 225
470 309
470 329
470 331
470 346
470 361
470 480
471 13
471 17
471 43
471 79
471 116
471 238
471 243
471 263
471 297
471 414
472 0
472 5
472 9
472 19
472 21
472 34
472 38
472 43
472 56
472 75
472 79
472 91
472 98
472 107
472 112
472 137
472 139
472 146
472 193
472 207
472 209
472 211
472 214
472 242
472 263
472 264
472 268
472 275
472 289
472 313
472 356
472 359
472 369
472 379
472 393
472 400
472 417
472 436
472 456
472 467
473 110
473 167
473 182
473 191
473 254
473 275
473 281
473 301
473 364
473 383
474 14
474 28
474 39
474 54
474 60
474 67
474 118
474 121
474 141
474 143
474 161
474 174
474 241
474 283
474 302
474 334
474 350
474 355
474 369
474 393
474 400
474 403
474 405
474 455
474 464
475 58
475 135
475 181
475 259
475 282
475 397
476 8
476 19
476 21
476 71
476 77
476 111
476 131
476 133
476 139
476 157
476 188
476 210
476 218
476 228
476 261
476 288
476 293
476 314
476 318
476 320
476 370
476 389
476 393
476 405
476 428
476 432
476 435
476 454
476 483
476 487
477 5
477 38
477 86
477 114
477 127
477 225
477 238
477 301
477 398
478 17
478 159
478 238
478 243
478 297
478 346
478 457
479 17
479 43
479 117
479 142
479 238
479 274
479 458
479 485
479 496
480 72
480 83
480 108
480 164
480 225
480 304
480 309
480 329
480 346
480 451
480 470
480 486
481 17
481 28
481 65
481 81
481 95
481 102
481 125
481 285
481 303
481 325
481 336
481 365
481 371
481 372
482 57
482 115
482 192
482 244
482 379
482 430
483 1
483 18
483 24
483 40
483 61
483 74
483 79
483 105
483 111
483 132
483 152
483 168
483 175
483 185
483 193
483 200
483 213
483 245
483 294
483 315
483 352
483 355
483 376
483 401
483 441
483 476
484 0
484 64
484 85
484 90
484 107
484 112
484 114
484 238
484 327
484 344
484 359
484 428
485 4
485 183
485 253
485 389
485 450
485 460
485 479
485 489
485 494
486 12
486 19
486 29
486 38
486 58
486 135
486 181
486 189
486 275
486 288
486 353
486 366
486 391
486 397
486 413
486 436
486 466
486 467
486 480
487 8
487 77
487 110
487 133
487 261
487 270
487 318
487 331
487 367
487 386
487 421
487 438
487 454
487 476
488 36
488 64
488 89
488 145
488 287
488 297
488 337
488 456
489 58
489 62
489 104
489 136
489 169
489 237
489 402
489 445
489 455
489 485
490 5
490 15
490 19
490 29
490 58
490 67
490 83
490 86
490 90
490 135
490 181
490 183
490 189
490 214
490 232
490 239
490 242
490 246
490 288
490 296
490 305
490 338
490 343
490 397
490 403
490 413
490 430
490 432
490 466
490 493
491 4
491 10
491 25
491 39
491 60
491 62
491 76
491 80
491 84
491 109
491 117
491 119
491 134
491 191
491 200
491 217
491 230
491 238
491 255
491 269
491 273
491 296
491 306
491 311
491 324
491 391
491 394
491 396
491 399
491 415
491 416
491 419
491 433
491 440
491 442
491 448
491 498
492 23
492 119
492 144
492 199
492 213
492 215
492 229
492 257
492 286
492 309
492 392
492 411
492 442
493 5
493 10
493 19
493 29
493 34
493 38
493 43
493 57
493 58
493 80
493 83
493 96
493 112
493 134
493 135
493 147
493 169
493 181
493 189
493 193
493 246
493 275
493 279
493 288
493 296
493 303
493 323
493 325
493 343
493 356
493 372
493 393
493 396
493 397
493 413
493 466
493 490
494 4
494 24
494 32
494 49
494 114
494 128
494 130
494 139
494 176
494 183
494 232
494 253
494 254
494 265
494 281
494 328
494 344
494 362
494 383
494 390
494 394
494 396
494 397
494 406
494 450
494 467
494 485
495 17
495 33
495 40
495 57
495 84
495 101
495 115
495 147
495 162
495 185
495 280
495 311
495 342
495 344
495 349
495 350
495 365
495 426
495 430
495 460
496 13
496 44
496 63
496 76
496 82
496 126
496 139
496 154
496 159
496 165
496 172
496 173
496 218
496 221
496 248
496 270
496 285
496 317
496 320
496 347
496 351
496 382
496 398
496 410
496 427
496 431
496 479
496 499
497 29
497 64
497 70
497 74
497 139
497 145
497 155
497 287
497 300
497 422
498 17
498 25
498 39
498 53
498 269
498 309
498 433
498 462
498 465
498 491
499 1
499 6
499 68
499 152
499 164
499 167
499 207
499 246
499 263
499 266
499 335
499 340
499 357
499 358
499 378
499 496
