500 10338
0 81
0 131
0 212
0 242
0 395
0 427
0 453
1 92
1 93
1 95
1 122
1 215
1 299
1 304
1 312
1 370
1 478
2 40
2 99
2 113
2 241
2 280
2 307
3 10
3 16
3 48
3 49
3 62
3 68
3 74
3 76
3 84
3 87
3 103
3 116
3 137
3 140
3 149
3 181
3 187
3 194
3 199
3 216
3 268
3 282
3 288
3 292
3 294
3 340
3 341
3 345
3 372
3 403
3 408
3 414
3 418
3 431
3 433
3 451
3 460
3 498
4 103
4 111
4 176
4 196
4 292
4 406
5 8
5 14
5 22
5 24
5 56
5 85
5 104
5 106
5 109
5 127
5 146
5 169
5 220
5 222
5 226
5 228
5 229
5 241
5 259
5 262
5 286
5 300
5 302
5 304
5 372
5 374
5 378
5 384
5 401
5 437
5 468
5 475
5 482
5 483
5 488
5 498
6 21
6 57
6 63
6 109
6 170
6 181
6 199
6 263
6 269
6 309
6 341
6 490
7 26
7 93
7 103
7 116
7 144
7 191
7 234
7 249
7 286
7 327
7 414
7 428
7 451
7 489
8 5
8 159
8 185
8 187
8 312
8 323
8 384
8 397
8 413
8 437
8 455
8 456
8 459
8 491
9 131
9 185
9 186
9 209
9 270
9 401
9 453
9 498
10 3
10 16
10 19
10 43
10 48
10 63
10 68
10 74
10 76
10 116
10 176
10 194
10 216
10 232
10 262
10 268
10 285
10 288
10 295
10 312
10 340
10 345
10 372
10 403
10 408
10 413
10 451
10 452
10 498
11 17
11 26
11 45
11 71
11 163
11 219
11 412
12 40
12 63
12 113
12 173
12 186
12 265
12 271
12 280
12 281
12 333
12 378
13 28
13 30
13 39
13 85
13 87
13 112
13 143
13 178
13 334
13 490
14 5
14 56
14 85
14 104
14 106
14 112
14 127
14 222
14 226
14 228
14 252
14 254
14 262
14 296
14 302
14 324
14 372
14 378
14 394
14 395
14 401
14 426
14 434
14 468
14 475
14 479
14 488
14 490
15 37
15 40
15 49
15 72
15 98
15 130
15 141
15 195
15 232
15 431
15 432
15 471
15 487
15 493
16 3
16 10
16 62
16 68
16 74
16 76
16 84
16 102
16 116
16 139
16 141
16 159
16 178
16 187
16 194
16 200
16 216
16 242
16 268
16 288
16 305
16 331
16 340
16 345
16 364
16 395
16 403
16 408
16 431
16 449
16 451
16 493
16 498
17 11
17 36
17 45
17 61
17 71
17 100
17 109
17 115
17 119
17 137
17 153
17 156
17 163
17 219
17 243
17 273
17 276
17 312
17 353
17 355
17 398
17 410
17 412
17 484
18 58
18 91
18 104
18 145
18 220
18 302
18 339
18 404
18 454
19 10
19 76
19 113
19 232
19 288
19 345
19 381
19 403
19 408
19 416
19 451
20 92
20 95
20 117
20 164
20 190
20 203
20 232
20 299
20 304
20 399
20 408
20 429
20 478
21 6
21 110
21 124
21 128
21 140
21 190
21 207
21 218
21 223
21 226
21 238
21 263
21 273
21 284
21 286
21 288
21 330
21 363
21 364
21 376
21 409
21 412
21 413
21 428
21 445
21 485
21 486
22 5
22 55
22 90
22 99
22 160
22 210
22 212
22 260
22 265
22 297
22 395
22 439
22 457
23 29
23 37
23 49
23 60
23 99
23 105
23 136
23 141
23 163
23 202
23 214
23 223
23 226
23 232
23 235
23 252
23 253
23 270
23 282
23 335
23 345
23 378
23 380
23 430
23 432
23 459
23 463
23 483
23 489
23 491
24 5
24 85
24 127
24 209
24 226
24 263
24 302
24 310
24 319
24 372
24 443
24 488
25 34
25 39
25 58
25 62
25 73
25 85
25 93
25 121
25 174
25 177
25 185
25 192
25 199
25 202
25 211
25 216
25 220
25 231
25 255
25 294
25 339
25 366
25 374
25 396
25 404
25 452
25 454
25 478
25 496
25 499
26 7
26 11
26 88
26 93
26 144
26 149
26 191
26 217
26 234
26 249
26 284
26 296
26 375
26 393
26 414
26 428
26 441
26 452
26 464
26 489
27 47
27 60
27 211
27 220
27 339
27 404
27 492
27 499
28 13
28 30
28 39
28 61
28 76
28 87
28 103
28 112
28 119
28 130
28 135
28 146
28 150
28 157
28 167
28 170
28 196
28 220
28 233
28 258
28 270
28 305
28 306
28 317
28 319
28 334
28 337
28 364
28 367
28 383
28 390
28 415
28 425
28 427
28 454
28 463
28 482
29 23
29 44
29 49
29 55
29 72
29 87
29 92
29 95
29 141
29 163
29 168
29 170
29 187
29 192
29 197
29 201
29 232
29 233
29 240
29 244
29 259
29 263
29 270
29 272
29 282
29 290
29 307
29 319
29 343
29 384
29 390
29 394
29 430
29 433
29 437
29 465
29 471
29 473
29 476
29 487
29 497
30 13
30 28
30 39
30 41
30 65
30 74
30 87
30 130
30 135
30 138
30 148
30 170
30 172
30 190
30 205
30 208
30 210
30 218
30 239
30 258
30 269
30 289
30 305
30 317
30 319
30 334
30 337
30 367
30 383
30 390
30 415
30 425
30 430
30 436
30 441
30 443
30 464
30 468
30 482
31 92
31 95
31 117
31 122
31 149
31 168
31 185
31 193
31 203
31 210
31 239
31 251
31 299
31 304
31 310
31 369
31 377
31 384
31 387
31 498
32 101
32 155
32 256
32 259
32 317
32 318
32 336
32 339
32 351
32 365
32 392
32 466
32 480
33 49
33 60
33 75
33 141
33 143
33 155
33 163
33 190
33 214
33 244
33 258
33 270
33 273
33 282
33 290
33 299
33 325
33 335
33 348
33 369
33 388
33 391
33 394
33 399
33 401
33 403
33 427
33 430
33 445
33 465
33 476
33 483
33 493
34 25
34 58
34 65
34 73
34 81
34 91
34 108
34 131
34 134
34 141
34 177
34 183
34 202
34 211
34 220
34 231
34 252
34 255
34 309
34 312
34 339
34 366
34 374
34 375
34 396
34 404
34 412
34 454
34 491
34 499
35 65
35 108
35 155
35 188
35 322
35 335
35 338
35 354
35 397
35 412
35 457
35 491
36 17
36 63
36 71
36 95
36 273
36 412
37 15
37 23
37 56
37 58
37 76
37 163
37 185
37 187
37 201
37 211
37 232
37 233
37 251
37 270
37 279
37 282
37 283
37 290
37 304
37 326
37 354
37 377
37 388
37 416
37 430
37 440
37 467
37 471
37 483
38 39
38 56
38 87
38 170
38 258
38 425
38 439
38 482
39 13
39 25
39 28
39 30
39 38
39 61
39 70
39 77
39 87
39 112
39 126
39 130
39 135
39 150
39 152
39 158
39 167
39 170
39 172
39 205
39 210
39 223
39 224
39 258
39 263
39 278
39 283
39 289
39 305
39 312
39 317
39 319
39 322
39 334
39 337
39 341
39 345
39 361
39 390
39 406
39 412
39 415
39 425
39 431
39 436
39 463
39 464
39 482
39 485
39 499
40 2
40 12
40 15
40 48
40 52
40 113
40 159
40 165
40 173
40 271
40 280
40 317
40 333
40 444
40 468
41 30
41 113
41 173
41 177
41 280
41 333
42 43
42 44
42 59
42 63
42 99
42 165
42 226
42 275
42 310
42 330
42 341
42 347
42 459
43 10
43 42
43 52
43 63
43 80
43 86
43 109
43 111
43 113
43 114
43 129
43 148
43 157
43 181
43 185
43 204
43 205
43 275
43 285
43 310
43 330
43 377
43 424
43 426
43 452
43 471
43 476
43 490
44 29
44 42
44 49
44 150
44 201
44 232
44 388
44 390
44 403
44 408
44 430
44 437
44 493
45 11
45 17
45 71
45 100
45 108
45 116
45 119
45 137
45 153
45 194
45 199
45 219
45 243
45 273
45 282
45 310
45 322
45 353
45 384
45 398
45 412
45 472
45 484
46 86
46 105
46 131
46 181
46 185
46 395
46 427
47 27
47 50
47 70
47 83
47 96
47 107
47 115
47 195
47 253
47 293
47 320
47 327
47 361
47 365
47 379
47 440
48 3
48 10
48 40
48 76
48 135
48 194
48 294
48 345
48 384
48 389
48 403
48 408
48 430
48 451
48 498
49 3
49 15
49 23
49 29
49 33
49 44
49 59
49 60
49 68
49 140
49 141
49 177
49 220
49 232
49 238
49 255
49 260
49 270
49 279
49 282
49 307
49 335
49 357
49 366
49 378
49 380
49 387
49 388
49 408
49 430
49 437
49 440
49 471
49 483
49 487
50 47
50 107
50 209
50 255
50 320
50 346
51 72
51 76
51 152
51 340
51 395
51 498
52 40
52 43
52 53
52 54
52 63
52 80
52 81
52 109
52 140
52 148
52 157
52 181
52 199
52 204
52 207
52 233
52 239
52 258
52 270
52 275
52 295
52 304
52 309
52 310
52 341
52 347
52 374
52 390
52 431
52 437
52 459
52 483
52 484
52 490
52 495
53 52
53 109
53 115
53 129
53 181
53 200
53 240
53 301
53 310
53 349
53 442
53 452
53 461
54 52
54 65
54 108
54 129
54 155
54 159
54 175
54 186
54 242
54 263
54 293
54 294
54 304
54 312
54 321
54 322
54 342
54 361
54 373
54 384
54 397
54 404
54 413
54 457
54 479
54 491
54 499
55 22
55 29
55 66
55 72
55 90
55 99
55 123
55 151
55 160
55 171
55 173
55 226
55 245
55 260
55 273
55 286
55 297
55 404
55 411
55 421
55 439
56 5
56 14
56 37
56 38
56 61
56 74
56 85
56 114
56 127
56 217
56 222
56 226
56 302
56 378
56 475
57 6
57 89
57 127
57 135
57 163
57 166
57 221
57 247
57 496
58 18
58 25
58 34
58 37
58 73
58 91
58 102
58 105
58 109
58 117
58 141
58 163
58 174
58 177
58 186
58 202
58 211
58 212
58 220
58 231
58 238
58 247
58 255
58 258
58 264
58 266
58 334
58 339
58 361
58 366
58 374
58 393
58 396
58 404
58 424
58 454
58 487
58 492
58 499
59 42
59 49
59 63
59 64
59 70
59 86
59 87
59 90
59 108
59 109
59 127
59 130
59 133
59 138
59 154
59 157
59 165
59 181
59 183
59 199
59 204
59 216
59 236
59 239
59 257
59 299
59 305
59 309
59 310
59 347
59 349
59 377
59 388
59 431
59 452
59 459
59 478
59 490
60 23
60 27
60 33
60 49
60 87
60 141
60 179
60 187
60 201
60 231
60 232
60 233
60 244
60 282
60 302
60 376
60 404
60 416
60 430
60 471
60 487
61 17
61 28
61 39
61 56
61 65
61 68
61 71
61 73
61 92
61 101
61 109
61 133
61 155
61 159
61 175
61 182
61 187
61 190
61 197
61 213
61 224
61 225
61 248
61 257
61 266
61 292
61 312
61 322
61 354
61 362
61 373
61 384
61 386
61 391
61 400
61 410
61 413
61 431
61 434
61 441
61 445
61 447
61 456
61 457
61 479
61 491
62 3
62 16
62 25
62 68
62 74
62 76
62 95
62 116
62 141
62 187
62 194
62 216
62 303
62 340
62 345
62 390
62 403
62 430
62 432
62 434
62 451
62 498
63 6
63 10
63 12
63 36
63 42
63 43
63 52
63 59
63 78
63 80
63 109
63 114
63 132
63 138
63 149
63 155
63 157
63 159
63 181
63 183
63 186
63 199
63 200
63 204
63 236
63 252
63 275
63 295
63 296
63 309
63 310
63 312
63 322
63 325
63 341
63 347
63 349
63 395
63 411
63 424
63 452
63 459
63 469
63 473
63 478
63 483
63 488
63 490
63 495
64 59
64 109
64 260
64 309
64 310
64 320
64 329
65 30
65 34
65 35
65 54
65 61
65 69
65 108
65 117
65 120
65 130
65 133
65 138
65 141
65 159
65 163
65 170
65 175
65 186
65 187
65 190
65 197
65 232
65 245
65 248
65 302
65 312
65 313
65 322
65 362
65 363
65 370
65 373
65 384
65 389
65 391
65 396
65 397
65 413
65 416
65 421
65 429
65 431
65 434
65 440
65 456
65 457
65 458
65 483
65 491
66 55
66 90
66 99
66 138
66 297
66 340
67 81
67 97
67 105
67 111
67 131
67 140
67 178
67 185
67 209
67 212
67 243
67 283
67 310
67 322
67 330
67 361
67 371
67 382
67 395
67 396
67 415
67 427
67 431
67 453
67 476
67 487
67 491
67 498
67 499
68 3
68 10
68 16
68 49
68 61
68 62
68 76
68 116
68 133
68 137
68 157
68 194
68 216
68 221
68 254
68 278
68 288
68 291
68 294
68 309
68 311
68 340
68 345
68 399
68 403
68 434
68 451
68 484
68 498
69 65
69 70
69 88
69 107
69 115
69 128
69 155
69 190
69 227
69 320
69 325
69 365
69 369
69 499
70 39
70 47
70 59
70 69
70 73
70 107
70 115
70 179
70 190
70 195
70 200
70 227
70 242
70 290
70 309
70 325
70 327
70 343
70 346
70 358
70 365
70 369
70 400
71 11
71 17
71 36
71 45
71 61
71 91
71 119
71 153
71 195
71 197
71 201
71 219
71 273
71 276
71 353
71 363
71 398
71 408
71 412
71 413
71 425
71 472
71 476
71 483
71 484
72 15
72 29
72 51
72 55
72 113
72 127
72 141
72 163
72 192
72 201
72 213
72 233
72 244
72 253
72 268
72 269
72 282
72 307
72 379
72 400
72 430
72 432
72 448
72 483
72 489
73 25
73 34
73 58
73 61
73 70
73 91
73 117
73 160
73 174
73 177
73 194
73 211
73 220
73 231
73 255
73 258
73 270
73 337
73 339
73 352
73 366
73 373
73 374
73 388
73 396
73 404
73 443
73 454
73 479
73 499
74 3
74 10
74 16
74 30
74 56
74 62
74 76
74 114
74 116
74 136
74 139
74 144
74 194
74 216
74 254
74 268
74 282
74 288
74 290
74 322
74 340
74 345
74 351
74 352
74 354
74 403
74 408
74 431
74 451
74 498
75 33
75 78
75 88
75 109
75 156
75 231
75 279
75 282
75 302
75 305
75 335
75 388
75 487
76 3
76 10
76 16
76 19
76 28
76 37
76 48
76 51
76 62
76 68
76 74
76 84
76 108
76 112
76 116
76 131
76 148
76 159
76 177
76 194
76 199
76 216
76 232
76 254
76 268
76 288
76 294
76 310
76 311
76 340
76 345
76 350
76 363
76 367
76 391
76 403
76 408
76 410
76 415
76 418
76 449
76 451
76 482
76 498
77 39
77 83
77 87
77 89
77 176
77 305
78 63
78 75
78 141
78 194
78 213
78 233
78 244
78 252
78 286
78 302
78 434
78 437
78 440
78 483
79 92
79 145
79 164
79 168
79 198
79 321
79 405
79 459
79 470
79 492
80 43
80 52
80 63
80 109
80 130
80 143
80 157
80 199
80 206
80 275
80 291
80 310
80 335
80 341
80 347
80 359
80 401
80 418
80 452
80 459
80 490
81 0
81 34
81 52
81 67
81 105
81 131
81 185
81 186
81 212
81 250
81 255
81 273
81 279
81 282
81 296
81 361
81 427
81 431
81 448
81 453
81 462
81 485
82 147
82 188
82 224
82 278
82 282
82 285
82 308
82 324
82 329
82 331
82 348
82 380
82 397
82 402
82 407
82 409
82 430
82 434
82 450
82 455
82 473
83 47
83 77
83 107
83 129
83 186
83 195
83 201
83 213
83 242
83 288
83 325
83 346
83 365
83 379
84 3
84 16
84 76
84 101
84 194
84 235
84 275
84 403
84 451
84 477
85 5
85 13
85 14
85 24
85 25
85 56
85 104
85 113
85 127
85 146
85 160
85 201
85 222
85 226
85 228
85 239
85 262
85 302
85 309
85 361
85 372
85 378
85 386
85 401
85 458
85 469
85 475
85 488
86 43
86 46
86 59
86 95
86 112
86 114
86 152
86 157
86 181
86 183
86 192
86 239
86 249
86 250
86 295
86 309
86 333
86 341
86 347
86 421
86 430
86 459
86 478
86 490
87 3
87 13
87 28
87 29
87 30
87 38
87 39
87 59
87 60
87 77
87 95
87 112
87 130
87 135
87 150
87 152
87 155
87 158
87 170
87 172
87 205
87 233
87 246
87 250
87 258
87 291
87 294
87 298
87 304
87 305
87 317
87 319
87 334
87 337
87 338
87 343
87 365
87 383
87 390
87 397
87 402
87 415
87 425
87 436
87 450
87 459
87 463
87 464
87 482
87 487
88 26
88 69
88 75
88 163
88 172
88 177
88 178
88 192
88 201
88 214
88 218
88 253
88 290
88 307
88 335
88 343
88 372
88 430
88 457
88 473
88 479
88 493
89 57
89 77
89 107
89 447
89 459
89 496
90 22
90 55
90 59
90 66
90 99
90 121
90 123
90 151
90 160
90 171
90 191
90 245
90 260
90 297
90 335
90 339
90 411
90 432
90 465
91 18
91 34
91 58
91 71
91 73
91 121
91 134
91 199
91 202
91 211
91 218
91 220
91 231
91 239
91 249
91 255
91 268
91 275
91 335
91 339
91 341
91 366
91 374
91 390
91 404
91 427
91 454
91 473
91 499
92 1
92 20
92 29
92 31
92 61
92 79
92 95
92 98
92 118
92 122
92 125
92 127
92 142
92 149
92 168
92 193
92 201
92 203
92 208
92 210
92 215
92 246
92 248
92 251
92 266
92 269
92 299
92 302
92 304
92 305
92 323
92 343
92 354
92 387
92 399
92 429
92 431
92 433
92 437
92 483
92 485
93 1
93 7
93 25
93 26
93 118
93 128
93 144
93 191
93 217
93 234
93 249
93 271
93 291
93 317
93 375
93 414
93 416
93 428
93 441
93 489
94 96
94 132
94 199
94 263
94 316
94 328
94 352
94 356
94 385
94 420
94 425
94 428
94 493
95 1
95 20
95 29
95 31
95 36
95 62
95 86
95 87
95 92
95 118
95 122
95 125
95 138
95 142
95 149
95 168
95 181
95 193
95 195
95 201
95 203
95 208
95 210
95 215
95 251
95 258
95 269
95 299
95 304
95 319
95 354
95 387
95 393
95 414
95 425
95 429
95 456
95 471
96 47
96 94
96 122
96 132
96 185
96 288
96 301
96 316
96 352
96 356
96 363
96 385
96 420
97 67
97 135
97 185
97 272
97 280
97 395
98 15
98 92
98 166
98 247
98 304
98 383
98 422
98 443
98 447
99 2
99 22
99 23
99 42
99 55
99 66
99 90
99 118
99 123
99 128
99 151
99 160
99 164
99 171
99 223
99 245
99 260
99 297
99 331
99 411
99 439
100 17
100 45
100 273
100 353
100 410
100 412
101 32
101 61
101 84
101 133
101 194
101 256
101 259
101 272
101 336
101 351
102 16
102 58
102 124
102 162
102 177
102 211
102 220
102 231
102 239
102 275
102 339
102 345
102 366
102 374
102 378
102 404
102 424
102 454
102 457
102 492
102 499
103 3
103 4
103 7
103 28
103 114
103 126
103 176
103 196
103 201
103 208
103 244
103 265
103 291
103 292
103 324
103 338
103 368
103 406
103 427
103 442
103 474
104 5
104 14
104 18
104 85
104 127
104 175
104 192
104 204
104 222
104 226
104 228
104 258
104 262
104 302
104 317
104 360
104 372
104 378
104 401
104 448
104 474
104 475
104 488
105 23
105 46
105 58
105 67
105 81
105 131
105 140
105 185
105 186
105 211
105 223
105 250
105 283
105 287
105 296
105 323
105 361
105 365
105 371
105 373
105 380
105 381
105 382
105 395
105 399
105 400
105 412
105 419
105 427
105 453
106 5
106 14
106 127
106 226
106 267
106 292
106 398
107 47
107 50
107 69
107 70
107 83
107 89
107 115
107 150
107 156
107 179
107 189
107 192
107 195
107 227
107 229
107 241
107 242
107 246
107 320
107 358
107 365
107 369
107 379
107 442
107 444
107 446
107 451
107 468
108 34
108 35
108 45
108 54
108 59
108 65
108 76
108 126
108 133
108 155
108 163
108 175
108 181
108 190
108 197
108 261
108 263
108 266
108 312
108 342
108 364
108 371
108 373
108 391
108 397
108 413
108 423
108 431
108 456
108 457
108 474
108 490
108 491
109 5
109 6
109 17
109 43
109 52
109 53
109 58
109 59
109 61
109 63
109 64
109 75
109 80
109 117
109 138
109 156
109 157
109 161
109 183
109 187
109 199
109 211
109 216
109 239
109 275
109 295
109 301
109 302
109 309
109 310
109 341
109 346
109 347
109 373
109 377
109 391
109 421
109 433
109 459
109 461
109 478
109 483
109 487
109 490
109 495
109 498
110 21
110 121
110 124
110 127
110 128
110 133
110 140
110 158
110 199
110 201
110 218
110 223
110 238
110 243
110 284
110 286
110 294
110 311
110 317
110 330
110 332
110 363
110 364
110 376
110 384
110 390
110 400
110 404
110 445
110 454
110 462
110 485
110 486
110 497
111 4
111 43
111 67
111 185
111 212
111 250
111 307
111 361
111 371
111 395
111 427
111 454
112 13
112 14
112 28
112 39
112 76
112 86
112 87
112 130
112 135
112 170
112 187
112 218
112 258
112 299
112 305
112 317
112 334
112 390
112 419
112 425
112 446
112 482
112 491
113 2
113 12
113 19
113 40
113 41
113 43
113 72
113 85
113 165
113 173
113 232
113 239
113 270
113 280
113 281
113 333
113 357
113 444
113 475
114 43
114 56
114 63
114 74
114 86
114 103
114 161
114 181
114 199
114 203
114 310
114 341
114 478
114 488
115 17
115 47
115 53
115 69
115 70
115 107
115 118
115 122
115 179
115 189
115 195
115 209
115 227
115 242
115 246
115 297
115 320
115 322
115 325
115 346
115 365
115 369
115 372
115 379
115 427
115 453
115 498
116 3
116 7
116 10
116 16
116 45
116 62
116 68
116 74
116 76
116 185
116 194
116 209
116 212
116 216
116 260
116 268
116 288
116 294
116 345
116 369
116 387
116 388
116 399
116 403
116 408
116 451
116 483
117 20
117 31
117 58
117 65
117 73
117 109
117 157
117 174
117 177
117 202
117 211
117 214
117 220
117 240
117 339
117 366
117 374
117 390
117 396
117 400
117 404
117 454
117 498
117 499
118 92
118 93
118 95
118 99
118 115
118 122
118 135
118 138
118 149
118 167
118 168
118 193
118 203
118 210
118 250
118 269
118 299
118 304
118 323
118 354
118 382
118 386
118 387
118 399
118 435
118 483
119 17
119 28
119 45
119 71
119 219
119 273
120 65
120 133
120 155
120 190
120 244
120 394
121 25
121 90
121 91
121 110
121 177
121 220
121 231
121 235
121 310
121 339
121 341
121 366
121 369
121 374
121 392
121 404
121 454
121 499
122 1
122 31
122 92
122 95
122 96
122 115
122 118
122 149
122 185
122 203
122 210
122 211
122 215
122 229
122 299
122 304
122 323
122 334
122 347
122 354
122 371
122 393
122 399
122 429
123 55
123 90
123 99
123 260
123 297
123 388
123 494
124 21
124 102
124 110
124 155
124 187
124 200
124 216
124 217
124 218
124 223
124 238
124 284
124 286
124 330
124 364
124 485
125 92
125 95
125 149
125 210
125 223
125 266
125 283
125 304
125 334
125 354
126 39
126 103
126 108
126 137
126 187
126 190
126 299
126 312
126 373
126 384
126 431
126 451
126 456
126 491
127 5
127 14
127 24
127 56
127 57
127 59
127 72
127 85
127 92
127 104
127 106
127 110
127 146
127 149
127 163
127 169
127 218
127 222
127 226
127 228
127 229
127 262
127 300
127 302
127 313
127 366
127 372
127 373
127 378
127 401
127 402
127 453
127 468
127 475
127 485
127 488
128 21
128 69
128 93
128 99
128 110
128 133
128 140
128 150
128 216
128 218
128 220
128 223
128 238
128 258
128 284
128 286
128 330
128 332
128 363
128 364
128 376
128 445
128 452
128 471
128 481
128 485
128 497
129 43
129 53
129 54
129 83
129 155
129 181
129 187
129 193
129 312
129 322
129 373
129 384
129 391
129 413
129 429
129 438
130 15
130 28
130 30
130 39
130 59
130 65
130 80
130 87
130 112
130 135
130 141
130 150
130 152
130 167
130 170
130 172
130 193
130 205
130 209
130 210
130 220
130 238
130 258
130 289
130 305
130 317
130 320
130 322
130 330
130 333
130 334
130 337
130 338
130 364
130 371
130 378
130 383
130 390
130 415
130 425
130 436
130 463
130 480
130 482
130 483
130 499
131 0
131 9
131 34
131 46
131 67
131 76
131 81
131 105
131 141
131 153
131 172
131 178
131 185
131 186
131 208
131 209
131 212
131 228
131 250
131 261
131 283
131 361
131 371
131 374
131 393
131 395
131 400
131 411
131 427
131 453
131 459
131 476
132 63
132 94
132 96
132 420
132 453
132 462
133 59
133 61
133 65
133 68
133 101
133 108
133 110
133 120
133 128
133 150
133 155
133 159
133 187
133 190
133 226
133 239
133 248
133 266
133 337
133 373
133 384
133 423
133 431
133 434
133 454
133 458
133 490
133 491
134 34
134 91
134 211
134 220
134 221
134 238
134 318
134 339
134 366
134 374
134 404
134 444
135 28
135 30
135 39
135 48
135 57
135 87
135 97
135 112
135 118
135 130
135 149
135 150
135 152
135 158
135 167
135 170
135 172
135 178
135 203
135 219
135 226
135 258
135 290
135 305
135 307
135 317
135 319
135 334
135 337
135 338
135 339
135 343
135 374
135 383
135 384
135 390
135 415
135 425
135 478
135 482
135 498
136 23
136 74
136 209
136 269
136 430
136 471
137 3
137 17
137 45
137 68
137 126
137 194
137 325
137 340
137 345
137 451
138 30
138 59
138 63
138 65
138 66
138 95
138 109
138 118
138 157
138 170
138 181
138 199
138 200
138 204
138 220
138 224
138 236
138 239
138 253
138 279
138 293
138 295
138 309
138 341
138 361
138 371
138 377
138 430
138 452
138 459
138 469
138 478
138 490
138 495
139 16
139 74
139 194
139 216
139 268
139 309
139 340
139 345
139 356
139 397
139 403
139 448
139 451
139 460
139 462
139 479
139 499
140 3
140 21
140 49
140 52
140 67
140 105
140 110
140 128
140 155
140 202
140 218
140 223
140 238
140 253
140 258
140 284
140 286
140 297
140 315
140 330
140 332
140 334
140 363
140 364
140 376
140 445
140 462
140 476
140 485
140 497
141 15
141 16
141 23
141 29
141 33
141 34
141 49
141 58
141 60
141 62
141 65
141 72
141 78
141 130
141 131
141 155
141 192
141 200
141 212
141 214
141 232
141 238
141 253
141 254
141 263
141 275
141 279
141 307
141 325
141 339
141 343
141 388
141 394
141 395
141 410
141 416
141 419
141 430
141 432
141 440
141 465
141 471
141 476
141 483
141 493
142 92
142 95
142 149
142 203
142 208
142 210
142 460
142 488
142 493
143 13
143 33
143 80
143 192
143 270
143 279
143 290
143 340
143 433
143 437
143 483
144 7
144 26
144 74
144 93
144 155
144 172
144 176
144 191
144 217
144 234
144 249
144 336
144 375
144 383
144 412
144 414
144 428
144 441
144 489
145 18
145 79
145 230
145 231
145 322
145 492
146 5
146 28
146 85
146 127
146 212
146 258
146 475
147 82
147 202
147 274
147 278
147 348
147 407
147 452
148 30
148 43
148 52
148 76
148 157
148 198
148 275
148 341
148 359
148 433
148 452
148 477
149 3
149 26
149 31
149 63
149 92
149 95
149 118
149 122
149 125
149 127
149 135
149 142
149 157
149 168
149 193
149 194
149 203
149 204
149 208
149 210
149 215
149 251
149 269
149 299
149 301
149 304
149 354
149 362
149 387
149 420
149 427
149 429
149 451
150 28
150 39
150 44
150 87
150 107
150 128
150 130
150 133
150 135
150 170
150 258
150 305
150 334
150 337
150 339
150 425
151 55
151 90
151 99
151 167
151 260
151 321
152 39
152 51
152 86
152 87
152 130
152 135
152 298
152 305
152 489
153 17
153 45
153 71
153 131
153 181
153 219
153 273
153 412
153 484
154 59
154 233
154 236
154 290
154 366
154 473
154 476
154 491
155 32
155 33
155 35
155 54
155 61
155 63
155 69
155 87
155 108
155 120
155 124
155 129
155 133
155 140
155 141
155 144
155 159
155 175
155 182
155 187
155 189
155 190
155 248
155 257
155 266
155 275
155 282
155 304
155 312
155 315
155 322
155 347
155 362
155 371
155 373
155 377
155 384
155 386
155 389
155 390
155 391
155 397
155 399
155 413
155 434
155 457
155 458
155 461
155 491
156 17
156 75
156 107
156 109
156 235
156 277
156 303
156 304
156 308
156 326
156 342
156 350
156 355
156 359
156 370
156 412
156 419
157 28
157 43
157 52
157 59
157 63
157 68
157 80
157 86
157 109
157 117
157 138
157 148
157 149
157 175
157 181
157 199
157 200
157 204
157 210
157 213
157 228
157 239
157 275
157 282
157 284
157 309
157 312
157 335
157 341
157 347
157 349
157 377
157 394
157 415
157 421
157 424
157 433
157 452
157 459
157 469
157 478
157 485
157 488
157 490
158 39
158 87
158 110
158 135
158 305
158 334
158 359
159 8
159 16
159 40
159 54
159 61
159 63
159 65
159 76
159 133
159 155
159 163
159 175
159 177
159 182
159 187
159 214
159 215
159 232
159 248
159 263
159 266
159 267
159 278
159 282
159 292
159 312
159 315
159 322
159 345
159 362
159 370
159 384
159 391
159 413
159 431
159 434
159 456
159 457
159 458
159 471
159 483
159 491
159 499
160 22
160 55
160 73
160 85
160 90
160 99
160 245
160 260
160 297
160 434
160 473
161 109
161 114
161 310
161 371
161 377
161 452
162 102
162 176
162 196
162 250
162 291
162 302
162 316
162 324
162 345
162 406
162 442
163 11
163 17
163 23
163 29
163 33
163 37
163 57
163 58
163 65
163 72
163 88
163 108
163 127
163 159
163 182
163 201
163 210
163 233
163 263
163 282
163 298
163 305
163 307
163 312
163 343
163 388
163 432
163 440
163 476
163 487
164 20
164 79
164 99
164 198
164 321
164 373
164 470
165 40
165 42
165 59
165 113
165 173
165 280
166 57
166 98
166 221
166 257
166 308
166 374
166 496
167 28
167 39
167 118
167 130
167 135
167 151
167 170
167 196
167 258
167 283
167 348
167 390
167 425
167 454
167 482
168 29
168 31
168 79
168 92
168 95
168 118
168 149
168 193
168 203
168 210
168 288
168 299
168 304
168 353
168 354
168 387
168 388
168 426
168 438
168 440
168 476
169 5
169 127
169 302
169 351
169 438
169 488
170 6
170 28
170 29
170 30
170 38
170 39
170 65
170 87
170 112
170 130
170 135
170 138
170 150
170 167
170 183
170 188
170 224
170 258
170 270
170 289
170 305
170 317
170 319
170 334
170 337
170 338
170 346
170 367
170 383
170 390
170 396
170 409
170 415
170 425
170 429
170 432
170 436
170 459
170 476
170 480
170 482
170 485
170 490
170 497
171 55
171 90
171 99
171 245
171 255
171 260
171 284
171 297
171 342
171 495
172 30
172 39
172 87
172 88
172 130
172 131
172 135
172 144
172 182
172 258
172 266
172 305
172 319
172 337
172 341
172 345
172 354
172 383
172 390
172 415
172 425
172 468
172 482
173 12
173 40
173 41
173 55
173 113
173 165
173 197
173 200
173 280
173 335
173 357
173 402
173 444
173 457
174 25
174 58
174 73
174 117
174 177
174 190
174 202
174 211
174 220
174 231
174 255
174 263
174 310
174 336
174 339
174 361
174 366
174 374
174 377
174 403
174 404
174 424
174 452
174 454
174 461
174 475
174 499
175 54
175 61
175 65
175 104
175 108
175 155
175 157
175 159
175 187
175 190
175 201
175 215
175 248
175 258
175 260
175 263
175 312
175 322
175 330
175 373
175 384
175 386
175 391
175 397
175 402
175 403
175 413
175 415
175 434
175 452
175 458
175 476
175 491
176 4
176 10
176 77
176 103
176 144
176 162
176 196
176 203
176 251
176 274
176 291
176 292
176 324
176 344
176 368
176 406
176 435
176 442
176 461
176 463
177 25
177 34
177 41
177 49
177 58
177 73
177 76
177 88
177 102
177 117
177 121
177 159
177 174
177 187
177 197
177 202
177 207
177 208
177 211
177 220
177 231
177 240
177 246
177 255
177 264
177 294
177 304
177 335
177 339
177 366
177 374
177 381
177 396
177 404
177 422
177 424
177 454
177 457
177 499
178 13
178 16
178 67
178 88
178 131
178 135
178 209
178 230
178 231
178 232
178 250
178 283
178 361
178 371
178 395
178 400
178 427
179 60
179 70
179 107
179 115
179 195
179 220
179 222
179 233
179 246
179 320
179 325
179 365
179 369
179 379
179 388
179 403
179 499
180 198
180 206
180 230
180 241
180 305
180 321
180 355
180 368
180 418
180 470
180 492
181 3
181 6
181 43
181 46
181 52
181 53
181 59
181 63
181 86
181 95
181 108
181 114
181 129
181 138
181 153
181 157
181 183
181 193
181 199
181 200
181 238
181 239
181 275
181 295
181 310
181 322
181 347
181 414
181 426
181 452
181 457
181 459
181 467
181 480
181 482
181 490
182 61
182 155
182 159
182 163
182 172
182 322
182 373
182 459
183 34
183 59
183 63
183 86
183 109
183 170
183 181
183 202
183 207
183 236
183 239
183 245
183 305
183 309
183 341
183 342
183 346
183 377
183 404
183 426
183 437
183 451
183 452
183 459
183 461
183 473
183 490
184 257
184 259
184 306
184 351
184 390
184 465
184 466
185 8
185 9
185 25
185 31
185 37
185 43
185 46
185 67
185 81
185 96
185 97
185 105
185 111
185 116
185 122
185 131
185 186
185 209
185 212
185 241
185 243
185 250
185 261
185 262
185 283
185 287
185 296
185 310
185 341
185 348
185 361
185 362
185 382
185 395
185 400
185 403
185 413
185 427
185 430
185 446
185 448
185 453
185 487
185 490
186 9
186 12
186 54
186 58
186 63
186 65
186 81
186 83
186 105
186 131
186 185
186 201
186 209
186 212
186 228
186 241
186 250
186 253
186 269
186 283
186 305
186 310
186 337
186 361
186 371
186 381
186 382
186 395
186 400
186 404
186 427
186 446
186 448
186 453
187 3
187 8
187 16
187 29
187 37
187 60
187 61
187 62
187 65
187 109
187 112
187 124
187 126
187 129
187 133
187 155
187 159
187 175
187 177
187 190
187 197
187 213
187 216
187 248
187 293
187 312
187 315
187 361
187 363
187 373
187 384
187 385
187 391
187 397
187 431
187 456
187 457
187 458
187 479
187 482
187 485
187 491
188 35
188 82
188 170
188 278
188 285
188 312
188 331
188 348
188 402
188 409
188 466
188 497
189 107
189 115
189 155
189 232
189 299
189 346
189 365
189 475
190 20
190 21
190 30
190 33
190 61
190 65
190 69
190 70
190 108
190 120
190 126
190 133
190 155
190 174
190 175
190 187
190 197
190 211
190 220
190 224
190 245
190 257
190 260
190 293
190 312
190 313
190 322
190 366
190 373
190 388
190 391
190 413
190 431
190 434
190 436
190 457
190 488
190 491
191 7
191 26
191 90
191 93
191 144
191 203
191 249
191 307
191 404
191 414
191 428
191 489
191 490
192 25
192 29
192 72
192 86
192 88
192 104
192 107
192 141
192 143
192 196
192 213
192 232
192 233
192 244
192 252
192 263
192 285
192 288
192 290
192 343
192 376
192 403
192 432
192 452
192 471
192 473
193 31
193 92
193 95
193 118
193 129
193 130
193 149
193 168
193 181
193 202
193 203
193 210
193 222
193 251
193 269
193 299
193 304
193 306
193 387
193 393
193 425
193 471
194 3
194 10
194 16
194 45
194 48
194 62
194 68
194 73
194 74
194 76
194 78
194 84
194 101
194 116
194 137
194 139
194 149
194 216
194 218
194 235
194 254
194 255
194 258
194 288
194 292
194 294
194 340
194 345
194 354
194 374
194 396
194 403
194 405
194 407
194 408
194 410
194 418
194 420
194 449
194 451
194 452
194 460
194 493
194 498
195 15
195 47
195 70
195 71
195 83
195 95
195 107
195 115
195 179
195 224
195 246
195 253
195 310
195 319
195 320
195 325
195 327
195 358
195 365
195 369
195 373
195 379
195 397
195 415
196 4
196 28
196 103
196 162
196 167
196 176
196 192
196 199
196 204
196 265
196 274
196 291
196 292
196 324
196 330
196 368
196 406
196 431
196 432
196 435
196 442
196 452
196 457
196 474
196 492
197 29
197 61
197 65
197 71
197 108
197 173
197 177
197 187
197 190
197 312
197 322
197 341
198 79
198 148
198 164
198 180
198 230
198 232
198 321
198 373
198 400
198 492
199 3
199 6
199 25
199 45
199 52
199 59
199 63
199 76
199 80
199 91
199 94
199 109
199 110
199 114
199 138
199 157
199 181
199 196
199 200
199 204
199 236
199 238
199 239
199 244
199 267
199 275
199 295
199 310
199 331
199 341
199 373
199 377
199 397
199 433
199 447
199 451
199 452
199 453
199 459
199 465
199 469
199 478
199 490
200 16
200 53
200 63
200 70
200 124
200 138
200 141
200 157
200 173
200 181
200 199
200 211
200 214
200 232
200 239
200 275
200 310
200 329
200 377
200 452
200 459
200 490
201 29
201 37
201 44
201 60
201 71
201 72
201 83
201 85
201 88
201 92
201 95
201 103
201 110
201 163
201 175
201 186
201 220
201 253
201 263
201 266
201 270
201 282
201 297
201 307
201 339
201 388
201 440
201 467
201 471
201 483
201 493
202 23
202 25
202 34
202 58
202 91
202 117
202 140
202 147
202 174
202 177
202 183
202 193
202 211
202 220
202 231
202 282
202 322
202 339
202 343
202 366
202 374
202 387
202 396
202 404
202 440
202 454
202 499
203 20
203 31
203 92
203 95
203 114
203 118
203 122
203 135
203 142
203 149
203 168
203 176
203 191
203 193
203 204
203 208
203 210
203 212
203 214
203 215
203 238
203 251
203 269
203 299
203 300
203 304
203 307
203 312
203 319
203 339
203 354
203 364
203 387
203 393
203 399
203 429
203 430
203 458
204 43
204 52
204 59
204 63
204 104
204 138
204 149
204 157
204 196
204 199
204 203
204 268
204 284
204 310
204 347
204 376
204 432
204 452
204 458
204 459
204 495
205 30
205 39
205 43
205 87
205 130
205 319
205 337
205 403
206 80
206 180
206 230
206 317
206 321
206 367
206 492
207 21
207 52
207 177
207 183
207 310
207 316
207 364
207 426
207 459
207 490
208 30
208 92
208 95
208 103
208 131
208 142
208 149
208 177
208 203
208 210
208 243
208 269
208 299
208 304
208 324
208 341
208 354
208 393
208 399
208 429
208 454
208 487
209 9
209 24
209 50
209 67
209 115
209 116
209 130
209 131
209 136
209 178
209 185
209 186
209 211
209 212
209 216
209 241
209 250
209 252
209 261
209 296
209 307
209 310
209 324
209 344
209 361
209 366
209 371
209 395
209 400
209 427
209 446
209 453
209 494
210 22
210 30
210 31
210 39
210 92
210 95
210 118
210 122
210 125
210 130
210 142
210 149
210 157
210 163
210 168
210 193
210 203
210 208
210 215
210 220
210 238
210 251
210 263
210 296
210 299
210 304
210 311
210 350
210 354
210 387
210 399
210 429
210 491
211 25
211 27
211 34
211 37
211 58
211 73
211 91
211 102
211 105
211 109
211 117
211 122
211 134
211 174
211 177
211 190
211 200
211 202
211 209
211 220
211 231
211 240
211 244
211 255
211 288
211 310
211 325
211 339
211 366
211 374
211 391
211 396
211 404
211 424
211 454
211 466
211 471
211 475
211 496
211 499
212 0
212 22
212 58
212 67
212 81
212 111
212 116
212 131
212 141
212 146
212 185
212 186
212 203
212 209
212 225
212 250
212 261
212 273
212 283
212 284
212 287
212 296
212 310
212 344
212 352
212 361
212 371
212 395
212 397
212 400
212 424
212 427
212 437
212 453
213 61
213 72
213 78
213 83
213 157
213 187
213 192
213 232
213 238
213 249
213 263
213 270
213 282
213 388
213 391
213 406
213 430
213 432
213 437
213 440
213 471
213 480
213 490
214 23
214 33
214 88
214 117
214 141
214 159
214 200
214 203
214 232
214 248
214 279
214 383
214 388
214 430
214 432
214 451
214 471
214 476
215 1
215 92
215 95
215 122
215 149
215 159
215 175
215 203
215 210
215 295
215 299
215 304
215 313
215 339
215 386
215 399
215 416
216 3
216 10
216 16
216 25
216 59
216 62
216 68
216 74
216 76
216 109
216 116
216 124
216 128
216 139
216 187
216 194
216 209
216 230
216 243
216 288
216 294
216 340
216 345
216 374
216 383
216 387
216 403
216 405
216 408
216 410
216 431
216 449
216 451
216 498
217 26
217 56
217 93
217 124
217 144
217 283
217 414
217 428
217 451
218 21
218 30
218 88
218 91
218 110
218 112
218 124
218 127
218 128
218 140
218 194
218 223
218 238
218 259
218 268
218 284
218 286
218 302
218 314
218 330
218 347
218 363
218 364
218 376
218 403
218 405
218 445
218 462
218 481
218 485
218 486
218 490
219 11
219 17
219 45
219 71
219 119
219 135
219 153
219 226
219 233
219 273
219 276
219 280
219 293
219 324
219 346
219 353
219 366
219 412
219 484
219 490
220 5
220 18
220 25
220 27
220 28
220 34
220 49
220 58
220 73
220 91
220 102
220 117
220 121
220 128
220 130
220 134
220 138
220 174
220 177
220 179
220 190
220 201
220 202
220 210
220 211
220 231
220 240
220 253
220 255
220 314
220 339
220 343
220 363
220 366
220 369
220 374
220 396
220 404
220 424
220 430
220 454
220 456
220 484
220 485
220 493
220 499
221 57
221 68
221 134
221 166
221 247
221 360
221 372
221 422
221 481
221 496
222 5
222 14
222 56
222 85
222 104
222 127
222 179
222 193
222 226
222 250
222 302
222 309
222 312
222 330
222 369
222 372
222 378
222 453
222 468
222 475
222 488
223 21
223 23
223 39
223 99
223 105
223 110
223 124
223 125
223 128
223 140
223 218
223 232
223 238
223 270
223 284
223 286
223 330
223 356
223 363
223 364
223 366
223 376
223 396
223 427
223 445
223 465
223 481
223 485
224 39
224 61
224 82
224 138
224 170
224 190
224 195
224 312
224 322
224 391
224 413
224 425
224 427
224 431
224 456
224 457
224 458
224 491
225 61
225 212
225 286
225 362
225 386
225 408
226 5
226 14
226 21
226 23
226 24
226 42
226 55
226 56
226 85
226 104
226 106
226 127
226 133
226 135
226 219
226 222
226 228
226 258
226 262
226 300
226 302
226 305
226 320
226 328
226 354
226 364
226 366
226 372
226 378
226 401
226 468
226 475
226 488
227 69
227 70
227 107
227 115
227 229
227 345
228 5
228 14
228 85
228 104
228 127
228 131
228 157
228 186
228 226
228 296
228 299
228 302
228 372
228 414
228 475
228 488
229 5
229 107
229 122
229 127
229 227
229 475
229 488
230 145
230 178
230 180
230 198
230 206
230 216
230 425
230 486
230 492
231 25
231 34
231 58
231 60
231 73
231 75
231 91
231 102
231 121
231 145
231 174
231 177
231 178
231 202
231 211
231 220
231 240
231 244
231 248
231 255
231 278
231 329
231 339
231 343
231 366
231 374
231 382
231 388
231 396
231 404
231 424
231 432
231 446
231 454
231 457
231 465
231 496
231 499
232 10
232 15
232 19
232 20
232 23
232 29
232 37
232 44
232 49
232 60
232 65
232 76
232 113
232 141
232 159
232 178
232 189
232 192
232 198
232 200
232 213
232 214
232 223
232 252
232 263
232 290
232 334
232 343
232 388
232 416
232 430
232 465
232 471
232 473
232 483
232 491
232 496
233 28
233 29
233 37
233 52
233 60
233 72
233 78
233 87
233 154
233 163
233 179
233 192
233 219
233 236
233 253
233 263
233 270
233 282
233 290
233 343
233 363
233 366
233 388
233 394
233 430
233 453
233 456
233 459
233 471
233 475
233 476
233 483
233 487
233 498
234 7
234 26
234 93
234 144
234 282
234 295
234 394
234 414
235 23
235 84
235 121
235 156
235 194
235 303
235 350
235 419
236 59
236 63
236 138
236 154
236 183
236 199
236 233
236 239
236 242
236 258
236 319
236 349
236 365
236 366
236 419
236 433
236 452
236 461
236 490
237 339
237 366
237 376
237 404
237 419
237 499
238 21
238 49
238 58
238 110
238 124
238 128
238 130
238 134
238 140
238 141
238 181
238 199
238 203
238 210
238 213
238 218
238 223
238 252
238 273
238 284
238 286
238 314
238 330
238 332
238 363
238 364
238 376
238 423
238 437
238 445
238 462
238 481
238 485
238 486
238 497
239 30
239 31
239 52
239 59
239 85
239 86
239 91
239 102
239 109
239 113
239 133
239 138
239 157
239 181
239 183
239 199
239 200
239 236
239 259
239 262
239 269
239 279
239 295
239 309
239 310
239 315
239 325
239 341
239 347
239 376
239 377
239 412
239 426
239 429
239 433
239 452
239 459
239 471
239 478
239 490
239 495
240 29
240 53
240 117
240 177
240 211
240 220
240 231
240 255
240 334
240 339
240 342
240 366
240 404
240 410
240 445
240 499
241 2
241 5
241 107
241 180
241 185
241 186
241 209
241 247
241 250
241 291
241 395
241 427
242 0
242 16
242 54
242 70
242 83
242 107
242 115
242 236
242 325
242 346
242 365
242 369
243 17
243 45
243 67
243 110
243 185
243 208
243 216
243 250
243 270
243 283
243 361
243 371
243 395
243 427
243 453
244 29
244 33
244 60
244 72
244 78
244 103
244 120
244 192
244 199
244 211
244 231
244 252
244 263
244 266
244 270
244 290
244 292
244 298
244 312
244 374
244 384
244 388
244 395
244 421
244 430
244 432
244 465
244 471
244 473
244 487
244 493
244 495
245 55
245 65
245 90
245 99
245 160
245 171
245 183
245 190
245 260
245 297
245 436
245 439
245 441
245 462
246 87
246 92
246 107
246 115
246 177
246 179
246 195
246 249
246 291
246 325
246 365
246 369
246 425
247 57
247 58
247 98
247 221
247 241
247 360
247 422
247 438
247 443
247 456
247 485
247 496
248 61
248 65
248 92
248 133
248 155
248 159
248 175
248 187
248 214
248 231
248 263
248 289
248 312
248 349
248 353
248 373
248 384
248 391
248 413
248 423
248 424
248 434
248 440
248 451
248 457
248 458
248 463
248 491
248 493
249 7
249 26
249 86
249 91
249 93
249 144
249 191
249 213
249 246
249 250
249 373
249 375
249 414
249 428
249 441
249 479
249 489
250 81
250 86
250 87
250 105
250 111
250 118
250 131
250 162
250 178
250 185
250 186
250 209
250 212
250 222
250 241
250 243
250 249
250 283
250 286
250 337
250 361
250 366
250 371
250 382
250 395
250 400
250 412
250 425
250 426
250 427
250 432
250 448
250 453
250 493
251 31
251 37
251 92
251 95
251 149
251 176
251 193
251 203
251 210
251 269
251 295
251 299
251 339
251 389
251 399
251 458
251 492
252 14
252 23
252 34
252 63
252 78
252 192
252 209
252 232
252 238
252 244
252 282
252 290
252 307
252 319
252 402
252 432
252 473
252 487
253 23
253 47
253 72
253 88
253 138
253 140
253 141
253 186
253 195
253 201
253 220
253 233
253 263
253 270
253 297
253 303
253 307
253 324
253 335
253 343
253 377
253 380
253 388
253 415
253 440
253 471
253 473
253 476
253 483
254 14
254 68
254 74
254 76
254 141
254 194
254 280
254 288
254 320
254 345
254 403
254 437
254 498
255 25
255 34
255 49
255 50
255 58
255 73
255 81
255 91
255 171
255 174
255 177
255 194
255 211
255 220
255 231
255 240
255 286
255 339
255 345
255 346
255 363
255 366
255 374
255 404
255 452
255 454
255 491
255 499
256 32
256 101
256 259
256 318
256 336
256 392
256 432
256 466
256 471
257 59
257 61
257 155
257 166
257 184
257 190
257 312
257 322
257 336
257 342
257 413
257 457
258 28
258 30
258 33
258 38
258 39
258 52
258 58
258 73
258 87
258 95
258 104
258 112
258 128
258 130
258 135
258 140
258 146
258 150
258 167
258 170
258 172
258 175
258 194
258 226
258 236
258 299
258 305
258 319
258 334
258 337
258 383
258 390
258 415
258 425
258 482
259 5
259 29
259 32
259 101
259 184
259 218
259 239
259 256
259 272
259 295
259 306
259 318
259 336
259 383
259 392
259 399
259 466
260 22
260 49
260 55
260 64
260 90
260 99
260 116
260 123
260 151
260 160
260 171
260 175
260 190
260 245
260 297
260 390
260 404
260 411
260 439
261 108
261 131
261 185
261 209
261 212
261 307
261 319
261 395
261 453
261 482
262 5
262 10
262 14
262 85
262 104
262 127
262 185
262 226
262 239
262 294
262 302
262 322
262 378
262 394
262 430
262 475
262 488
263 6
263 21
263 24
263 29
263 39
263 54
263 94
263 108
263 141
263 159
263 163
263 174
263 175
263 192
263 201
263 210
263 213
263 232
263 233
263 244
263 248
263 253
263 270
263 282
263 335
263 343
263 365
263 388
263 394
263 429
263 430
263 437
263 440
263 487
263 493
264 58
264 177
264 270
264 309
264 337
264 339
264 366
264 374
264 393
264 404
265 12
265 22
265 103
265 196
265 292
265 406
265 407
265 442
266 58
266 61
266 92
266 108
266 125
266 133
266 155
266 159
266 172
266 201
266 244
266 322
266 373
266 384
266 397
266 429
266 431
266 434
266 457
266 458
266 459
266 473
266 475
266 491
267 106
267 159
267 199
267 285
267 312
267 431
268 3
268 10
268 16
268 72
268 74
268 76
268 91
268 116
268 139
268 204
268 218
268 288
268 340
268 373
268 397
268 403
268 405
268 408
268 451
268 471
268 488
269 6
269 30
269 72
269 92
269 95
269 118
269 136
269 149
269 186
269 193
269 203
269 208
269 239
269 251
269 304
269 354
269 387
269 457
270 9
270 23
270 28
270 29
270 33
270 37
270 49
270 52
270 73
270 113
270 143
270 170
270 201
270 213
270 223
270 233
270 243
270 244
270 253
270 263
270 264
270 279
270 282
270 307
270 350
270 380
270 388
270 402
270 403
270 430
270 432
270 437
270 448
270 453
270 457
270 465
270 471
270 483
270 487
270 498
271 12
271 40
271 93
271 280
271 294
271 345
271 444
272 29
272 97
272 101
272 259
272 320
272 336
272 351
272 466
273 17
273 21
273 33
273 36
273 45
273 55
273 71
273 81
273 100
273 119
273 153
273 212
273 219
273 238
273 320
273 353
273 354
273 398
273 406
273 412
273 484
273 487
273 491
274 147
274 176
274 196
274 291
274 324
274 337
274 406
274 450
275 42
275 43
275 52
275 63
275 80
275 84
275 91
275 102
275 109
275 141
275 148
275 155
275 157
275 181
275 199
275 200
275 295
275 309
275 310
275 347
275 365
275 384
275 388
275 430
275 452
275 454
275 459
275 464
275 478
275 490
275 498
276 17
276 71
276 219
276 295
276 412
276 484
277 156
277 303
277 334
277 342
277 355
277 404
277 419
277 433
278 39
278 68
278 82
278 147
278 159
278 188
278 231
278 285
278 329
278 331
278 338
278 348
278 387
278 402
278 407
278 409
278 450
278 455
279 37
279 49
279 75
279 81
279 138
279 141
279 143
279 214
279 239
279 270
279 284
279 307
279 384
279 432
279 437
279 453
279 493
279 496
280 2
280 12
280 40
280 41
280 97
280 113
280 165
280 173
280 219
280 254
280 271
280 281
280 307
280 491
281 12
281 113
281 280
281 307
281 317
281 333
281 375
282 3
282 23
282 29
282 33
282 37
282 45
282 49
282 60
282 72
282 74
282 75
282 81
282 82
282 155
282 157
282 159
282 163
282 201
282 202
282 213
282 233
282 234
282 252
282 263
282 270
282 286
282 307
282 343
282 391
282 394
282 428
282 430
282 431
282 432
282 437
282 445
282 456
282 465
282 467
282 476
282 479
282 487
283 37
283 39
283 67
283 105
283 125
283 131
283 167
283 178
283 185
283 186
283 212
283 217
283 243
283 250
283 371
283 376
283 381
283 388
283 395
283 427
283 448
283 453
283 457
283 489
283 490
284 21
284 26
284 110
284 124
284 128
284 140
284 157
284 171
284 204
284 212
284 218
284 223
284 238
284 279
284 286
284 302
284 314
284 322
284 330
284 332
284 351
284 363
284 364
284 376
284 393
284 420
284 445
284 462
284 467
284 485
284 486
285 10
285 43
285 82
285 188
285 192
285 267
285 278
285 329
285 331
285 348
285 402
285 407
285 409
285 425
285 461
286 5
286 7
286 21
286 55
286 78
286 110
286 124
286 128
286 140
286 218
286 223
286 225
286 238
286 250
286 255
286 282
286 284
286 314
286 330
286 340
286 361
286 363
286 364
286 376
286 406
286 427
286 445
286 462
286 485
286 497
287 105
287 185
287 212
287 328
287 395
287 418
287 440
287 453
288 3
288 10
288 16
288 19
288 21
288 68
288 74
288 76
288 83
288 96
288 116
288 168
288 192
288 194
288 211
288 216
288 254
288 268
288 294
288 337
288 340
288 343
288 345
288 349
288 363
288 403
288 408
288 410
288 417
288 429
288 451
288 475
288 493
288 498
288 499
289 30
289 39
289 130
289 170
289 248
289 305
289 334
289 404
289 415
289 425
289 452
290 29
290 33
290 37
290 70
290 74
290 88
290 135
290 143
290 154
290 192
290 232
290 233
290 244
290 252
290 292
290 333
290 361
290 362
290 369
290 375
290 388
290 395
290 471
290 473
290 476
290 487
291 68
291 80
291 87
291 93
291 103
291 162
291 176
291 196
291 241
291 246
291 274
291 292
291 324
291 330
291 362
291 368
291 406
291 435
291 442
291 457
291 459
291 466
291 474
291 477
292 3
292 4
292 61
292 103
292 106
292 159
292 176
292 194
292 196
292 244
292 265
292 290
292 291
292 309
292 310
292 324
292 368
292 406
292 417
292 435
292 442
292 453
292 474
292 477
293 47
293 54
293 138
293 187
293 190
293 219
293 322
293 347
293 373
293 408
293 413
293 419
293 456
293 491
294 3
294 25
294 48
294 54
294 68
294 76
294 87
294 110
294 116
294 177
294 194
294 216
294 262
294 271
294 288
294 311
294 340
294 341
294 345
294 403
294 413
294 451
295 10
295 52
295 63
295 86
295 109
295 138
295 181
295 199
295 215
295 234
295 239
295 251
295 259
295 275
295 276
295 309
295 341
295 381
295 382
295 413
295 433
295 459
295 490
296 14
296 26
296 63
296 81
296 105
296 185
296 209
296 210
296 212
296 228
296 382
296 395
296 416
296 427
296 453
297 22
297 55
297 66
297 90
297 99
297 115
297 123
297 140
297 160
297 171
297 201
297 245
297 253
297 260
297 339
297 461
297 490
298 87
298 152
298 163
298 244
298 388
298 478
299 1
299 20
299 31
299 33
299 59
299 92
299 95
299 112
299 118
299 122
299 126
299 149
299 168
299 189
299 193
299 203
299 208
299 210
299 215
299 228
299 251
299 258
299 304
299 323
299 334
299 349
299 354
299 364
299 383
299 387
299 391
299 393
299 399
299 429
299 471
299 491
299 495
300 5
300 127
300 203
300 226
300 302
300 339
300 391
300 475
301 53
301 96
301 109
301 149
301 352
301 356
301 420
302 5
302 14
302 18
302 24
302 56
302 60
302 65
302 75
302 78
302 85
302 92
302 104
302 109
302 127
302 162
302 169
302 218
302 222
302 226
302 228
302 262
302 284
302 300
302 303
302 372
302 377
302 378
302 401
302 447
302 468
302 475
302 478
302 488
303 62
303 156
303 235
303 253
303 277
303 302
303 342
303 350
303 359
303 372
303 419
303 452
303 457
304 1
304 5
304 20
304 31
304 37
304 52
304 54
304 87
304 92
304 95
304 98
304 118
304 122
304 125
304 149
304 155
304 156
304 168
304 177
304 193
304 203
304 208
304 210
304 215
304 269
304 299
304 307
304 354
304 371
304 387
304 393
304 399
304 427
304 429
304 454
304 459
305 16
305 28
305 30
305 39
305 59
305 75
305 77
305 87
305 92
305 112
305 130
305 135
305 150
305 152
305 158
305 163
305 170
305 172
305 180
305 183
305 186
305 226
305 258
305 289
305 312
305 317
305 319
305 330
305 334
305 335
305 337
305 343
305 345
305 383
305 390
305 394
305 425
305 464
305 466
305 480
305 482
306 28
306 184
306 193
306 259
306 318
306 336
306 482
307 2
307 29
307 49
307 72
307 88
307 111
307 135
307 141
307 163
307 191
307 201
307 203
307 209
307 252
307 253
307 261
307 270
307 279
307 280
307 281
307 282
307 304
307 377
307 391
307 394
307 430
307 432
307 437
307 445
307 473
307 476
307 483
307 493
308 82
308 156
308 166
308 342
308 419
308 446
309 6
309 34
309 52
309 59
309 63
309 64
309 68
309 70
309 85
309 86
309 109
309 138
309 139
309 157
309 183
309 222
309 239
309 264
309 275
309 292
309 295
309 310
309 340
309 341
309 343
309 346
309 347
309 377
309 395
309 399
309 433
309 452
309 453
309 459
309 461
309 478
309 490
309 492
309 495
309 499
310 24
310 31
310 42
310 43
310 45
310 52
310 53
310 59
310 63
310 64
310 67
310 76
310 80
310 109
310 114
310 121
310 161
310 174
310 181
310 185
310 186
310 195
310 199
310 200
310 204
310 207
310 209
310 211
310 212
310 239
310 275
310 292
310 309
310 337
310 341
310 347
310 353
310 377
310 386
310 433
310 440
310 452
310 457
310 459
310 478
310 483
310 490
311 68
311 76
311 110
311 210
311 294
311 345
311 394
311 409
311 451
312 1
312 8
312 10
312 17
312 34
312 39
312 54
312 61
312 63
312 65
312 108
312 126
312 129
312 155
312 157
312 159
312 163
312 175
312 187
312 188
312 190
312 197
312 203
312 222
312 224
312 244
312 248
312 257
312 267
312 305
312 322
312 325
312 329
312 354
312 370
312 373
312 384
312 386
312 389
312 391
312 395
312 413
312 431
312 437
312 456
312 457
312 458
312 479
312 488
312 498
313 65
313 127
313 190
313 215
313 320
313 322
313 373
313 391
313 408
313 457
314 218
314 220
314 238
314 284
314 286
314 330
314 381
314 455
315 140
315 155
315 159
315 187
315 239
315 364
316 94
316 96
316 162
316 207
316 328
316 352
316 356
316 396
316 420
316 491
317 28
317 30
317 32
317 39
317 40
317 87
317 93
317 104
317 110
317 112
317 130
317 135
317 170
317 206
317 281
317 305
317 337
317 425
318 32
318 134
318 256
318 259
318 306
318 336
318 337
318 395
318 466
318 468
319 24
319 28
319 29
319 30
319 39
319 87
319 95
319 135
319 170
319 172
319 195
319 203
319 205
319 236
319 252
319 258
319 261
319 305
319 334
319 337
319 390
319 425
319 445
319 475
319 482
320 47
320 50
320 64
320 69
320 107
320 115
320 130
320 179
320 195
320 226
320 254
320 272
320 273
320 313
320 325
320 346
320 365
320 369
320 404
321 54
321 79
321 151
321 164
321 180
321 198
321 206
321 345
321 428
321 435
321 470
321 492
322 35
322 39
322 45
322 54
322 61
322 63
322 65
322 67
322 74
322 115
322 129
322 130
322 145
322 155
322 159
322 175
322 181
322 182
322 190
322 197
322 202
322 224
322 257
322 262
322 266
322 284
322 293
322 312
322 313
322 361
322 370
322 371
322 384
322 391
322 397
322 413
322 430
322 431
322 434
322 445
322 457
322 493
323 8
323 92
323 105
323 118
323 122
323 299
323 354
323 399
323 436
324 14
324 82
324 103
324 162
324 176
324 196
324 208
324 209
324 219
324 253
324 274
324 291
324 292
324 344
324 406
324 435
324 442
324 477
324 499
325 33
325 63
325 69
325 70
325 83
325 115
325 137
325 141
325 179
325 195
325 211
325 239
325 242
325 246
325 312
325 320
325 346
325 365
325 369
325 451
326 37
326 156
326 350
326 359
326 399
326 419
326 494
327 7
327 47
327 70
327 195
327 365
327 482
328 94
328 226
328 287
328 316
328 352
328 356
328 420
329 64
329 82
329 200
329 231
329 278
329 285
329 312
329 331
329 339
329 348
329 364
329 402
329 407
329 409
330 21
330 42
330 43
330 67
330 110
330 124
330 128
330 130
330 140
330 175
330 196
330 218
330 222
330 223
330 238
330 284
330 286
330 291
330 305
330 314
330 354
330 363
330 364
330 376
330 403
330 404
330 427
330 445
330 451
330 462
330 485
330 486
330 497
331 16
331 82
331 99
331 188
331 199
331 278
331 285
331 329
331 348
331 371
331 402
331 407
331 409
331 437
331 494
332 110
332 128
332 140
332 238
332 284
332 373
333 12
333 40
333 41
333 86
333 113
333 130
333 281
333 290
333 348
333 357
333 383
333 444
333 454
334 13
334 28
334 30
334 39
334 58
334 87
334 112
334 122
334 125
334 130
334 135
334 140
334 150
334 158
334 170
334 232
334 240
334 258
334 277
334 289
334 299
334 305
334 319
334 337
334 338
334 345
334 353
334 359
334 374
334 377
334 383
334 390
334 400
334 413
334 415
334 425
334 464
334 472
334 482
335 23
335 33
335 35
335 49
335 75
335 80
335 88
335 90
335 91
335 157
335 173
335 177
335 253
335 263
335 305
335 343
335 365
335 388
335 430
335 437
335 440
335 450
335 487
335 493
336 32
336 101
336 144
336 174
336 256
336 257
336 259
336 272
336 306
336 318
336 351
336 466
336 486
336 491
337 28
337 30
337 39
337 73
337 87
337 130
337 133
337 135
337 150
337 170
337 172
337 186
337 205
337 250
337 258
337 264
337 274
337 288
337 305
337 310
337 317
337 318
337 319
337 334
337 346
337 380
337 384
337 390
337 391
337 396
337 415
337 425
337 436
337 482
338 35
338 87
338 103
338 130
338 135
338 170
338 278
338 334
338 366
338 425
338 495
339 18
339 25
339 27
339 32
339 34
339 58
339 73
339 90
339 91
339 102
339 117
339 121
339 134
339 135
339 141
339 150
339 174
339 177
339 201
339 202
339 203
339 211
339 215
339 220
339 231
339 237
339 240
339 251
339 255
339 264
339 297
339 300
339 329
339 341
339 343
339 366
339 374
339 396
339 404
339 408
339 424
339 430
339 454
339 484
339 496
339 499
340 3
340 10
340 16
340 51
340 62
340 66
340 68
340 74
340 76
340 137
340 139
340 143
340 194
340 216
340 268
340 286
340 288
340 294
340 309
340 345
340 351
340 366
340 376
340 395
340 403
340 408
340 410
340 434
340 435
340 442
340 451
340 469
340 478
340 493
340 498
341 3
341 6
341 39
341 42
341 52
341 63
341 80
341 86
341 91
341 109
341 114
341 121
341 138
341 148
341 157
341 172
341 183
341 185
341 197
341 199
341 208
341 239
341 294
341 295
341 309
341 310
341 339
341 347
341 403
341 433
341 452
341 459
341 482
341 487
341 499
342 54
342 108
342 156
342 171
342 183
342 240
342 257
342 277
342 303
342 308
342 350
342 355
342 359
342 419
343 29
343 70
343 87
343 88
343 92
343 135
343 141
343 163
343 192
343 202
343 220
343 231
343 232
343 233
343 253
343 263
343 282
343 288
343 305
343 309
343 335
343 339
343 388
343 395
343 416
343 430
343 432
343 440
343 453
343 471
343 473
343 487
343 493
343 498
344 176
344 209
344 212
344 324
344 392
344 453
345 3
345 10
345 16
345 19
345 23
345 39
345 48
345 62
345 68
345 74
345 76
345 102
345 116
345 137
345 139
345 159
345 162
345 172
345 194
345 216
345 227
345 254
345 255
345 271
345 288
345 294
345 305
345 311
345 321
345 334
345 340
345 361
345 401
345 403
345 405
345 408
345 410
345 417
345 418
345 427
345 430
345 432
345 449
345 451
345 452
345 460
345 496
345 498
346 50
346 70
346 83
346 109
346 115
346 170
346 183
346 189
346 219
346 242
346 255
346 309
346 320
346 325
346 337
346 365
346 379
347 42
347 52
347 59
347 63
347 80
347 86
347 109
347 122
347 155
347 157
347 181
347 204
347 218
347 239
347 275
347 293
347 309
347 310
347 341
347 357
347 378
347 387
347 406
347 449
347 451
347 452
347 459
347 461
347 478
347 484
347 490
347 498
348 33
348 82
348 147
348 167
348 185
348 188
348 278
348 285
348 329
348 331
348 333
348 364
348 396
348 401
348 402
348 407
348 409
348 450
348 455
349 53
349 59
349 63
349 157
349 236
349 248
349 288
349 299
349 403
349 424
349 459
349 490
350 76
350 156
350 210
350 235
350 270
350 303
350 326
350 342
350 359
350 366
350 419
350 451
351 32
351 74
351 101
351 169
351 184
351 272
351 284
351 336
351 340
351 412
351 466
352 73
352 74
352 94
352 96
352 212
352 301
352 316
352 328
352 356
352 363
352 374
352 385
352 420
352 451
353 17
353 45
353 71
353 100
353 168
353 219
353 248
353 273
353 310
353 334
353 379
353 412
353 484
353 486
354 35
354 37
354 61
354 74
354 92
354 95
354 118
354 122
354 125
354 149
354 168
354 172
354 194
354 203
354 208
354 210
354 226
354 269
354 273
354 299
354 304
354 312
354 323
354 330
354 379
354 387
354 399
354 429
355 17
355 156
355 180
355 277
355 342
355 419
356 94
356 96
356 139
356 223
356 301
356 316
356 328
356 352
356 358
356 385
356 420
356 448
356 460
357 49
357 113
357 173
357 333
357 347
357 384
358 70
358 107
358 195
358 356
358 365
358 369
358 417
358 483
359 80
359 148
359 156
359 158
359 303
359 326
359 334
359 342
359 350
359 419
360 104
360 221
360 247
360 367
360 422
360 496
361 39
361 47
361 54
361 58
361 67
361 81
361 85
361 105
361 111
361 131
361 138
361 174
361 178
361 185
361 186
361 187
361 209
361 212
361 243
361 250
361 286
361 290
361 322
361 345
361 371
361 382
361 386
361 395
361 400
361 427
361 448
361 453
362 61
362 65
362 149
362 155
362 159
362 185
362 225
362 290
362 291
362 395
362 397
362 404
362 431
362 457
363 21
363 65
363 71
363 76
363 96
363 110
363 128
363 140
363 187
363 218
363 220
363 223
363 233
363 238
363 255
363 284
363 286
363 288
363 330
363 352
363 364
363 376
363 391
363 445
363 485
363 486
363 487
363 499
364 16
364 21
364 28
364 108
364 110
364 124
364 128
364 130
364 140
364 203
364 207
364 218
364 223
364 226
364 238
364 284
364 286
364 299
364 315
364 329
364 330
364 348
364 363
364 373
364 376
364 445
364 454
364 462
364 481
364 485
365 32
365 47
365 69
365 70
365 83
365 87
365 105
365 107
365 115
365 179
365 189
365 195
365 236
365 242
365 246
365 263
365 275
365 320
365 325
365 327
365 335
365 346
365 358
365 377
365 379
365 384
365 442
366 25
366 34
366 49
366 58
366 73
366 91
366 102
366 117
366 121
366 127
366 134
366 154
366 174
366 177
366 190
366 202
366 209
366 211
366 219
366 220
366 223
366 226
366 231
366 233
366 236
366 237
366 240
366 250
366 255
366 264
366 338
366 339
366 340
366 350
366 372
366 374
366 376
366 396
366 404
366 408
366 424
366 454
366 458
366 471
366 499
367 28
367 30
367 76
367 170
367 206
367 360
367 425
368 103
368 176
368 180
368 196
368 291
368 292
368 406
368 472
369 31
369 33
369 69
369 70
369 107
369 115
369 116
369 121
369 179
369 195
369 220
369 222
369 242
369 246
369 290
369 320
369 325
369 358
369 379
369 403
370 1
370 65
370 156
370 159
370 312
370 322
370 384
370 439
370 470
370 491
371 67
371 105
371 108
371 111
371 122
371 130
371 131
371 138
371 155
371 161
371 178
371 186
371 209
371 212
371 243
371 250
371 283
371 304
371 322
371 331
371 361
371 381
371 395
371 400
371 427
371 446
371 448
371 453
371 456
371 469
371 482
371 487
372 3
372 5
372 10
372 14
372 24
372 85
372 88
372 104
372 115
372 127
372 221
372 222
372 226
372 228
372 302
372 303
372 366
372 378
372 401
372 425
372 440
372 475
372 488
373 54
373 61
373 65
373 73
373 105
373 108
373 109
373 126
373 127
373 129
373 133
373 155
373 164
373 175
373 182
373 187
373 190
373 195
373 198
373 199
373 248
373 249
373 266
373 268
373 293
373 312
373 313
373 332
373 364
373 384
373 386
373 388
373 397
373 413
373 415
373 423
373 431
373 434
373 454
373 456
373 457
373 479
373 482
373 485
373 488
373 491
374 5
374 25
374 34
374 52
374 58
374 73
374 91
374 102
374 117
374 121
374 131
374 134
374 135
374 166
374 174
374 177
374 194
374 202
374 211
374 216
374 220
374 231
374 244
374 255
374 264
374 334
374 339
374 352
374 366
374 400
374 404
374 411
374 424
374 425
374 442
374 454
374 499
375 26
375 34
375 93
375 144
375 249
375 281
375 290
375 414
375 428
376 21
376 60
376 110
376 128
376 140
376 192
376 204
376 218
376 223
376 237
376 238
376 239
376 283
376 284
376 286
376 330
376 340
376 363
376 364
376 366
376 409
376 445
376 471
376 485
377 31
377 37
377 43
377 59
377 109
377 138
377 155
377 157
377 161
377 174
377 183
377 199
377 200
377 239
377 253
377 302
377 307
377 309
377 310
377 334
377 365
377 451
377 452
377 459
377 461
377 478
378 5
378 12
378 14
378 23
378 49
378 56
378 85
378 102
378 104
378 127
378 130
378 222
378 226
378 262
378 302
378 347
378 372
378 425
378 468
378 475
378 476
378 488
379 47
379 72
379 83
379 107
379 115
379 179
379 195
379 346
379 353
379 354
379 365
379 369
379 388
379 499
380 23
380 49
380 82
380 105
380 253
380 270
380 337
380 430
380 437
380 448
381 19
381 105
381 177
381 186
381 283
381 295
381 314
381 371
381 427
381 448
381 453
382 67
382 105
382 118
382 185
382 186
382 231
382 250
382 295
382 296
382 361
382 395
382 397
382 427
382 453
382 471
382 484
383 28
383 30
383 87
383 98
383 130
383 135
383 144
383 170
383 172
383 214
383 216
383 258
383 259
383 299
383 305
383 333
383 334
383 392
383 425
383 482
384 5
384 8
384 29
384 31
384 45
384 48
384 54
384 61
384 65
384 110
384 126
384 129
384 133
384 135
384 155
384 159
384 175
384 187
384 244
384 248
384 266
384 275
384 279
384 312
384 322
384 337
384 357
384 365
384 370
384 373
384 431
384 457
384 458
384 479
384 487
384 491
385 94
385 96
385 187
385 352
385 356
385 418
385 420
385 467
386 61
386 85
386 118
386 155
386 175
386 215
386 225
386 310
386 312
386 361
386 373
386 391
386 491
387 31
387 49
387 92
387 95
387 116
387 118
387 149
387 168
387 193
387 202
387 203
387 210
387 216
387 269
387 278
387 299
387 304
387 347
387 354
387 393
387 399
387 411
387 427
387 448
388 33
388 37
388 44
388 49
388 59
388 73
388 75
388 116
388 123
388 141
388 163
388 168
388 179
388 190
388 201
388 213
388 214
388 231
388 232
388 233
388 244
388 253
388 263
388 270
388 275
388 283
388 290
388 298
388 335
388 343
388 373
388 379
388 400
388 404
388 406
388 413
388 432
388 465
388 473
388 476
388 483
388 493
389 48
389 65
389 155
389 251
389 312
389 399
390 28
390 29
390 30
390 39
390 44
390 52
390 62
390 87
390 91
390 110
390 112
390 117
390 130
390 135
390 155
390 167
390 170
390 172
390 184
390 258
390 260
390 305
390 319
390 334
390 337
390 425
390 442
390 482
391 33
391 61
391 65
391 76
391 108
391 109
391 129
391 155
391 159
391 175
391 187
391 190
391 211
391 213
391 224
391 248
391 282
391 299
391 300
391 307
391 312
391 313
391 322
391 337
391 363
391 386
391 413
391 414
391 415
391 434
391 457
391 479
391 490
392 32
392 121
392 256
392 259
392 344
392 383
393 26
393 58
393 95
393 122
393 131
393 193
393 203
393 208
393 264
393 284
393 299
393 304
393 387
394 14
394 29
394 33
394 120
394 141
394 157
394 233
394 234
394 262
394 263
394 282
394 305
394 307
394 311
394 437
394 471
395 0
395 14
395 16
395 22
395 46
395 51
395 63
395 67
395 97
395 105
395 111
395 131
395 141
395 178
395 185
395 186
395 209
395 212
395 241
395 243
395 244
395 250
395 261
395 283
395 287
395 290
395 296
395 309
395 312
395 318
395 340
395 343
395 361
395 362
395 371
395 382
395 400
395 410
395 415
395 422
395 427
395 446
395 448
395 453
395 473
395 494
396 25
396 34
396 58
396 65
396 67
396 73
396 117
396 170
396 177
396 194
396 202
396 211
396 220
396 223
396 231
396 316
396 337
396 339
396 348
396 366
396 404
396 424
396 425
396 453
396 454
396 499
397 8
397 35
397 54
397 65
397 82
397 87
397 108
397 139
397 155
397 175
397 187
397 195
397 199
397 212
397 266
397 268
397 322
397 362
397 373
397 382
397 423
397 431
397 451
397 457
397 485
397 491
398 17
398 45
398 71
398 106
398 273
398 405
398 412
399 20
399 33
399 68
399 92
399 105
399 116
399 118
399 122
399 155
399 203
399 208
399 210
399 215
399 251
399 259
399 299
399 304
399 309
399 323
399 326
399 354
399 387
399 389
399 429
400 61
400 70
400 72
400 105
400 110
400 117
400 131
400 178
400 185
400 186
400 198
400 209
400 212
400 250
400 334
400 361
400 371
400 374
400 388
400 395
400 453
401 5
401 9
401 14
401 33
401 80
401 85
401 104
401 127
401 226
401 302
401 345
401 348
401 372
401 476
401 488
402 82
402 87
402 127
402 173
402 175
402 188
402 252
402 270
402 278
402 285
402 329
402 331
402 348
402 407
402 409
402 450
402 455
403 3
403 10
403 16
403 19
403 33
403 44
403 48
403 62
403 68
403 74
403 76
403 84
403 116
403 139
403 174
403 175
403 179
403 185
403 192
403 194
403 205
403 216
403 218
403 254
403 268
403 270
403 288
403 294
403 330
403 340
403 341
403 345
403 349
403 369
403 408
403 410
403 445
403 449
403 451
403 459
403 498
404 18
404 25
404 27
404 34
404 54
404 55
404 58
404 60
404 73
404 91
404 102
404 110
404 117
404 121
404 134
404 174
404 177
404 183
404 186
404 191
404 202
404 211
404 220
404 231
404 237
404 240
404 255
404 260
404 264
404 277
404 289
404 320
404 330
404 339
404 362
404 366
404 374
404 388
404 396
404 424
404 428
404 453
404 454
404 484
404 487
404 499
405 79
405 194
405 216
405 218
405 268
405 345
405 398
405 498
406 4
406 39
406 103
406 162
406 176
406 196
406 213
406 265
406 273
406 274
406 286
406 291
406 292
406 324
406 347
406 368
406 388
406 430
406 435
406 442
406 446
406 474
406 477
406 478
406 498
407 82
407 147
407 194
407 265
407 278
407 285
407 329
407 331
407 348
407 402
407 414
407 449
408 3
408 10
408 16
408 19
408 20
408 44
408 48
408 49
408 71
408 74
408 76
408 116
408 194
408 216
408 225
408 268
408 288
408 293
408 313
408 339
408 340
408 345
408 366
408 403
408 451
408 461
408 498
409 21
409 82
409 170
409 188
409 278
409 285
409 311
409 329
409 331
409 348
409 376
409 402
409 499
410 17
410 61
410 76
410 100
410 141
410 194
410 216
410 240
410 288
410 340
410 345
410 395
410 403
410 458
410 498
411 55
411 63
411 90
411 99
411 131
411 260
411 374
411 387
411 459
412 11
412 17
412 21
412 34
412 35
412 36
412 39
412 45
412 71
412 100
412 105
412 144
412 153
412 156
412 219
412 239
412 250
412 273
412 276
412 351
412 353
412 398
412 472
412 484
412 488
413 8
413 10
413 21
413 54
413 61
413 65
413 71
413 108
413 129
413 155
413 159
413 175
413 185
413 190
413 224
413 248
413 257
413 293
413 294
413 295
413 312
413 322
413 334
413 373
413 388
413 391
413 414
413 431
413 434
413 452
413 457
413 468
413 471
413 475
413 482
413 491
414 3
414 7
414 26
414 93
414 95
414 144
414 181
414 191
414 217
414 228
414 234
414 249
414 375
414 391
414 407
414 413
414 428
414 441
414 464
414 489
415 28
415 30
415 39
415 67
415 76
415 87
415 130
415 135
415 157
415 170
415 172
415 175
415 195
415 253
415 258
415 289
415 334
415 337
415 373
415 391
415 395
415 482
416 19
416 37
416 60
416 65
416 93
416 141
416 215
416 232
416 296
416 343
416 476
416 487
417 288
417 292
417 345
417 358
417 451
417 488
417 498
418 3
418 76
418 80
418 180
418 194
418 287
418 345
418 385
418 451
418 498
419 105
419 112
419 141
419 156
419 235
419 236
419 237
419 277
419 293
419 303
419 308
419 326
419 342
419 350
419 355
419 359
419 458
419 459
420 94
420 96
420 132
420 149
420 194
420 284
420 301
420 316
420 328
420 352
420 356
420 385
420 430
420 440
420 489
421 55
421 65
421 86
421 109
421 157
421 244
421 452
421 465
422 98
422 177
422 221
422 247
422 360
422 395
422 438
422 447
422 471
422 496
423 108
423 133
423 238
423 248
423 373
423 397
423 473
423 476
424 43
424 58
424 63
424 102
424 157
424 174
424 177
424 211
424 212
424 220
424 231
424 248
424 339
424 349
424 366
424 374
424 396
424 404
424 445
424 453
424 459
424 499
425 28
425 30
425 38
425 39
425 71
425 87
425 94
425 95
425 112
425 130
425 135
425 150
425 167
425 170
425 172
425 193
425 224
425 230
425 246
425 250
425 258
425 285
425 289
425 305
425 317
425 319
425 334
425 337
425 338
425 367
425 372
425 374
425 378
425 383
425 390
425 396
425 433
425 434
425 464
425 482
425 490
426 14
426 43
426 168
426 181
426 183
426 207
426 239
426 250
426 453
426 459
427 0
427 28
427 33
427 46
427 67
427 81
427 91
427 103
427 105
427 111
427 115
427 131
427 149
427 178
427 185
427 186
427 209
427 212
427 223
427 224
427 241
427 243
427 250
427 283
427 286
427 296
427 304
427 330
427 345
427 361
427 371
427 381
427 382
427 387
427 395
427 448
427 453
427 457
427 459
427 467
427 485
427 494
428 7
428 21
428 26
428 93
428 94
428 144
428 191
428 217
428 249
428 282
428 321
428 375
428 404
428 414
428 433
428 489
429 20
429 65
429 92
429 95
429 122
429 129
429 149
429 170
429 203
429 208
429 210
429 239
429 263
429 266
429 288
429 299
429 304
429 354
429 399
429 485
430 23
430 29
430 30
430 33
430 37
430 44
430 48
430 49
430 60
430 62
430 72
430 82
430 86
430 88
430 136
430 138
430 141
430 185
430 203
430 213
430 214
430 220
430 232
430 233
430 244
430 262
430 263
430 270
430 275
430 282
430 307
430 322
430 335
430 339
430 343
430 345
430 380
430 406
430 420
430 442
430 467
430 471
430 473
430 476
430 483
430 488
430 493
431 3
431 15
431 16
431 39
431 52
431 59
431 61
431 65
431 67
431 74
431 81
431 92
431 108
431 126
431 133
431 159
431 187
431 190
431 196
431 216
431 224
431 266
431 267
431 282
431 312
431 322
431 362
431 373
431 384
431 397
431 413
431 433
431 455
431 456
431 457
431 458
431 479
432 15
432 23
432 62
432 72
432 90
432 141
432 163
432 170
432 192
432 196
432 204
432 213
432 214
432 231
432 244
432 250
432 252
432 256
432 270
432 279
432 282
432 307
432 343
432 345
432 388
432 453
432 483
433 3
433 29
433 92
433 109
433 143
433 148
433 157
433 199
433 236
433 239
433 277
433 295
433 309
433 310
433 341
433 425
433 428
433 431
433 443
433 452
433 459
434 14
434 61
434 62
434 65
434 68
434 78
434 82
434 133
434 155
434 159
434 160
434 175
434 190
434 248
434 266
434 322
434 340
434 373
434 391
434 413
434 425
434 457
434 471
434 475
434 479
435 118
435 176
435 196
435 291
435 292
435 321
435 324
435 340
435 406
435 442
436 30
436 39
436 87
436 130
436 170
436 190
436 245
436 323
436 337
436 482
436 499
437 5
437 8
437 29
437 44
437 49
437 52
437 78
437 92
437 143
437 183
437 212
437 213
437 238
437 254
437 263
437 270
437 279
437 282
437 307
437 312
437 331
437 335
437 380
437 394
437 471
437 473
437 474
437 476
437 482
437 483
437 485
437 487
437 493
438 129
438 168
438 169
438 247
438 422
438 443
438 496
439 22
439 38
439 55
439 99
439 245
439 260
439 370
440 37
440 47
440 49
440 65
440 78
440 141
440 163
440 168
440 201
440 202
440 213
440 248
440 253
440 263
440 287
440 310
440 335
440 343
440 372
440 420
440 476
440 483
440 493
441 26
441 30
441 61
441 93
441 144
441 245
441 249
441 414
442 53
442 103
442 107
442 162
442 176
442 196
442 265
442 291
442 292
442 324
442 340
442 365
442 374
442 390
442 406
442 430
442 435
443 24
443 30
443 73
443 98
443 247
443 433
443 438
443 447
443 496
444 40
444 107
444 113
444 134
444 173
444 271
444 333
444 456
445 21
445 33
445 61
445 110
445 128
445 140
445 218
445 223
445 238
445 240
445 282
445 284
445 286
445 307
445 319
445 322
445 330
445 363
445 364
445 376
445 403
445 424
445 485
445 490
446 107
446 112
446 185
446 186
446 209
446 231
446 308
446 371
446 395
446 406
446 448
446 453
447 61
447 89
447 98
447 199
447 302
447 422
447 443
448 72
448 81
448 104
448 139
448 185
448 186
448 250
448 270
448 283
448 356
448 361
448 371
448 380
448 381
448 387
448 395
448 427
448 446
448 453
448 484
448 494
448 495
449 16
449 76
449 194
449 216
449 345
449 347
449 403
449 407
450 82
450 87
450 274
450 278
450 335
450 348
450 402
451 3
451 7
451 10
451 16
451 19
451 48
451 62
451 68
451 74
451 76
451 84
451 107
451 116
451 126
451 137
451 139
451 149
451 183
451 194
451 199
451 214
451 216
451 217
451 248
451 268
451 288
451 294
451 311
451 325
451 330
451 340
451 345
451 347
451 350
451 352
451 377
451 397
451 403
451 408
451 417
451 418
451 498
452 10
452 25
452 26
452 43
452 53
452 59
452 63
452 80
452 128
452 138
452 147
452 148
452 157
452 161
452 174
452 175
452 181
452 183
452 192
452 194
452 196
452 199
452 200
452 204
452 236
452 239
452 255
452 275
452 289
452 303
452 309
452 310
452 341
452 345
452 347
452 377
452 413
452 421
452 433
452 454
452 457
452 459
452 461
452 470
452 473
452 490
453 0
453 9
453 67
453 81
453 105
453 115
453 127
453 131
453 132
453 185
453 186
453 199
453 209
453 212
453 222
453 233
453 243
453 250
453 261
453 270
453 279
453 283
453 287
453 292
453 296
453 309
453 343
453 344
453 361
453 371
453 381
453 382
453 395
453 396
453 400
453 404
453 424
453 426
453 427
453 432
453 446
453 448
453 456
453 494
454 18
454 25
454 28
454 34
454 58
454 73
454 91
454 102
454 110
454 111
454 117
454 121
454 133
454 167
454 174
454 177
454 202
454 208
454 211
454 220
454 231
454 255
454 275
454 304
454 333
454 339
454 364
454 366
454 373
454 374
454 396
454 404
454 452
454 476
454 478
454 493
454 494
454 499
455 8
455 82
455 278
455 314
455 348
455 402
455 431
456 8
456 61
456 65
456 95
456 108
456 126
456 159
456 187
456 220
456 224
456 233
456 247
456 282
456 293
456 312
456 371
456 373
456 431
456 444
456 453
456 473
456 491
457 22
457 35
457 54
457 61
457 65
457 88
457 102
457 108
457 155
457 159
457 173
457 177
457 181
457 187
457 190
457 196
457 224
457 231
457 248
457 257
457 266
457 269
457 270
457 283
457 291
457 303
457 310
457 312
457 313
457 322
457 362
457 373
457 384
457 391
457 397
457 413
457 427
457 431
457 434
457 452
457 491
458 65
458 85
458 133
458 155
458 159
458 175
458 187
458 203
458 204
458 224
458 248
458 251
458 266
458 312
458 366
458 384
458 410
458 419
458 431
458 478
458 491
459 8
459 23
459 42
459 52
459 59
459 63
459 79
459 80
459 86
459 87
459 89
459 109
459 131
459 138
459 157
459 170
459 181
459 182
459 183
459 199
459 200
459 204
459 207
459 233
459 239
459 266
459 275
459 291
459 295
459 304
459 309
459 310
459 341
459 347
459 349
459 377
459 403
459 411
459 419
459 424
459 426
459 427
459 433
459 452
459 471
459 478
459 490
459 493
460 3
460 139
460 142
460 194
460 345
460 356
460 490
460 498
461 53
461 109
461 155
461 174
461 176
461 183
461 236
461 285
461 297
461 309
461 347
461 377
461 408
461 452
462 81
462 110
462 132
462 139
462 140
462 218
462 238
462 245
462 284
462 286
462 330
462 364
462 485
463 23
463 28
463 39
463 87
463 130
463 176
463 248
464 26
464 30
464 39
464 87
464 275
464 305
464 334
464 414
464 425
465 29
465 33
465 90
465 141
465 184
465 199
465 223
465 231
465 232
465 244
465 270
465 282
465 388
465 421
465 476
465 487
466 32
466 184
466 188
466 211
466 256
466 259
466 272
466 291
466 305
466 318
466 336
466 351
466 482
467 37
467 181
467 201
467 282
467 284
467 385
467 427
467 430
467 471
467 493
468 5
468 14
468 30
468 40
468 107
468 127
468 172
468 222
468 226
468 302
468 318
468 378
468 413
468 475
469 63
469 85
469 138
469 157
469 199
469 340
469 371
470 79
470 164
470 180
470 321
470 370
470 452
470 492
471 15
471 29
471 37
471 43
471 49
471 60
471 95
471 128
471 136
471 141
471 159
471 192
471 193
471 201
471 211
471 213
471 214
471 232
471 233
471 239
471 244
471 253
471 256
471 268
471 270
471 290
471 299
471 343
471 366
471 376
471 382
471 394
471 413
471 422
471 430
471 434
471 437
471 459
471 467
471 473
471 476
471 483
471 491
471 493
472 45
472 71
472 334
472 368
472 412
472 484
473 29
473 63
473 82
473 88
473 91
473 154
473 160
473 183
473 192
473 232
473 244
473 252
473 253
473 266
473 290
473 307
473 343
473 388
473 395
473 423
473 430
473 437
473 452
473 456
473 471
473 483
473 487
474 103
474 104
474 108
474 196
474 291
474 292
474 406
474 437
475 5
475 14
475 56
475 85
475 104
475 113
475 127
475 146
475 174
475 189
475 211
475 222
475 226
475 228
475 229
475 233
475 262
475 266
475 288
475 300
475 302
475 319
475 372
475 378
475 413
475 434
475 468
475 488
476 29
476 33
476 43
476 67
476 71
476 131
476 140
476 141
476 154
476 163
476 168
476 170
476 175
476 214
476 233
476 253
476 282
476 290
476 307
476 378
476 388
476 401
476 416
476 423
476 430
476 437
476 440
476 454
476 465
476 471
476 487
477 84
477 148
477 291
477 292
477 324
477 406
478 1
478 20
478 25
478 59
478 63
478 86
478 109
478 114
478 135
478 138
478 157
478 199
478 239
478 275
478 298
478 302
478 309
478 310
478 340
478 347
478 377
478 406
478 454
478 458
478 459
478 490
478 491
479 14
479 54
479 61
479 73
479 88
479 139
479 187
479 249
479 282
479 312
479 373
479 384
479 391
479 431
479 434
479 491
479 498
480 32
480 130
480 170
480 181
480 213
480 305
481 128
481 218
481 221
481 223
481 238
481 364
481 485
482 5
482 28
482 30
482 38
482 39
482 76
482 87
482 112
482 130
482 135
482 167
482 170
482 172
482 181
482 187
482 258
482 261
482 305
482 306
482 319
482 327
482 334
482 337
482 341
482 371
482 373
482 383
482 390
482 413
482 415
482 425
482 436
482 437
482 466
483 5
483 23
483 33
483 37
483 49
483 52
483 63
483 65
483 71
483 72
483 78
483 92
483 109
483 116
483 118
483 130
483 141
483 143
483 159
483 201
483 232
483 233
483 253
483 270
483 307
483 310
483 358
483 388
483 430
483 432
483 437
483 440
483 471
483 473
483 487
483 490
484 17
484 45
484 52
484 68
484 71
484 153
484 219
484 220
484 273
484 276
484 339
484 347
484 353
484 382
484 404
484 412
484 448
484 472
485 21
485 39
485 81
485 92
485 110
485 124
485 127
485 128
485 140
485 157
485 170
485 187
485 218
485 220
485 223
485 238
485 247
485 284
485 286
485 330
485 363
485 364
485 373
485 376
485 397
485 427
485 429
485 437
485 445
485 462
485 481
486 21
486 110
486 218
486 230
486 238
486 284
486 330
486 336
486 353
486 363
487 15
487 29
487 49
487 58
487 60
487 67
487 75
487 87
487 109
487 163
487 185
487 208
487 233
487 244
487 252
487 263
487 270
487 273
487 282
487 290
487 335
487 341
487 343
487 363
487 371
487 384
487 404
487 416
487 437
487 465
487 473
487 476
487 483
487 499
488 5
488 14
488 24
488 63
488 85
488 104
488 114
488 127
488 142
488 157
488 169
488 190
488 222
488 226
488 228
488 229
488 262
488 268
488 302
488 312
488 372
488 373
488 378
488 401
488 412
488 417
488 430
488 475
488 491
489 7
489 23
489 26
489 72
489 93
489 144
489 152
489 191
489 249
489 283
489 414
489 420
489 428
490 6
490 13
490 14
490 43
490 52
490 59
490 63
490 80
490 86
490 108
490 109
490 133
490 138
490 157
490 170
490 181
490 183
490 185
490 191
490 199
490 200
490 207
490 213
490 218
490 219
490 236
490 239
490 275
490 283
490 295
490 297
490 309
490 310
490 347
490 349
490 391
490 425
490 445
490 452
490 459
490 460
490 478
490 483
490 491
491 8
491 23
491 34
491 35
491 54
491 61
491 65
491 67
491 108
491 112
491 126
491 133
491 154
491 155
491 159
491 175
491 187
491 190
491 210
491 224
491 232
491 248
491 255
491 266
491 273
491 280
491 293
491 299
491 316
491 336
491 370
491 373
491 384
491 386
491 397
491 413
491 456
491 457
491 458
491 471
491 478
491 479
491 488
491 490
492 27
492 58
492 79
492 102
492 145
492 180
492 196
492 198
492 206
492 230
492 251
492 309
492 321
492 470
493 15
493 16
493 33
493 44
493 88
493 94
493 141
493 142
493 194
493 201
493 220
493 244
493 248
493 250
493 263
493 279
493 288
493 307
493 322
493 335
493 340
493 343
493 388
493 430
493 437
493 440
493 454
493 459
493 467
493 471
494 123
494 209
494 326
494 331
494 395
494 427
494 448
494 453
494 454
495 52
495 63
495 109
495 138
495 171
495 204
495 239
495 244
495 299
495 309
495 338
495 448
496 25
496 57
496 89
496 166
496 211
496 221
496 231
496 232
496 247
496 279
496 339
496 345
496 360
496 422
496 438
496 443
497 29
497 110
497 128
497 140
497 170
497 188
497 238
497 286
497 330
498 3
498 5
498 9
498 10
498 16
498 31
498 48
498 51
498 62
498 67
498 68
498 74
498 76
498 109
498 115
498 117
498 135
498 194
498 216
498 233
498 254
498 270
498 275
498 288
498 312
498 340
498 343
498 345
498 347
498 403
498 405
498 406
498 408
498 410
498 417
498 418
498 451
498 460
498 479
499 25
499 27
499 34
499 39
499 54
499 58
499 67
499 69
499 73
499 91
499 102
499 117
499 121
499 130
499 139
499 159
499 174
499 177
499 179
499 202
499 211
499 220
499 231
499 237
499 240
499 255
499 288
499 309
499 324
499 339
499 341
499 363
499 366
499 374
499 379
499 396
499 404
499 409
499 424
499 436
499 454
499 487
