500 9930
0 15
0 26
0 89
0 100
0 136
0 171
0 322
0 323
0 341
0 374
0 452
1 116
1 158
1 165
1 230
1 232
1 245
1 288
1 316
1 333
1 360
1 410
1 462
1 479
1 481
2 11
2 28
2 65
2 70
2 78
2 79
2 83
2 88
2 93
2 108
2 110
2 128
2 131
2 135
2 137
2 138
2 142
2 149
2 173
2 183
2 185
2 197
2 203
2 210
2 212
2 250
2 252
2 261
2 266
2 281
2 304
2 311
2 318
2 332
2 347
2 358
2 363
2 368
2 372
2 387
2 401
2 404
2 417
2 421
2 433
2 437
2 472
3 60
3 66
3 78
3 235
3 237
3 310
3 340
3 354
3 370
3 408
3 494
4 141
4 174
4 190
4 199
4 226
4 238
4 418
4 426
5 9
5 24
5 25
5 36
5 38
5 39
5 42
5 45
5 52
5 63
5 73
5 93
5 108
5 117
5 121
5 135
5 144
5 145
5 146
5 147
5 162
5 182
5 187
5 196
5 212
5 220
5 240
5 267
5 274
5 297
5 313
5 337
5 349
5 359
5 375
5 389
5 410
5 440
5 448
5 449
5 462
5 471
5 473
5 482
6 11
6 79
6 88
6 93
6 110
6 131
6 183
6 185
6 192
6 261
6 274
6 304
6 332
6 347
6 363
6 387
6 402
6 404
6 421
6 430
6 433
7 46
7 58
7 75
7 165
7 167
7 273
7 464
8 158
8 165
8 216
8 245
8 410
8 461
8 479
9 5
9 11
9 16
9 24
9 25
9 36
9 39
9 42
9 63
9 73
9 108
9 117
9 121
9 144
9 147
9 162
9 196
9 240
9 267
9 272
9 274
9 297
9 335
9 434
9 436
9 440
9 448
9 462
9 471
9 473
9 475
10 160
10 170
10 225
10 256
10 258
10 285
10 342
10 376
10 398
10 458
10 468
10 482
10 491
11 2
11 6
11 9
11 28
11 36
11 44
11 65
11 70
11 78
11 79
11 86
11 88
11 93
11 96
11 110
11 131
11 142
11 149
11 183
11 185
11 197
11 203
11 210
11 212
11 261
11 304
11 311
11 318
11 332
11 347
11 358
11 362
11 368
11 372
11 387
11 404
11 417
11 421
11 433
11 437
11 452
11 472
11 474
12 80
12 151
12 217
12 236
12 246
12 271
12 352
12 375
13 15
13 26
13 28
13 43
13 100
13 136
13 154
13 183
13 244
13 315
13 322
13 323
13 341
13 353
13 393
13 452
14 100
14 194
14 199
14 226
14 238
14 418
14 428
15 0
15 13
15 26
15 40
15 43
15 47
15 63
15 100
15 171
15 178
15 179
15 322
15 341
15 353
15 383
15 393
15 395
15 433
15 447
15 452
16 9
16 28
16 48
16 57
16 69
16 90
16 96
16 101
16 112
16 126
16 129
16 140
16 143
16 175
16 182
16 193
16 202
16 219
16 234
16 246
16 250
16 269
16 272
16 275
16 278
16 281
16 282
16 286
16 291
16 297
16 317
16 366
16 385
16 388
16 396
16 398
16 425
16 430
16 443
16 472
17 68
17 91
17 102
17 243
17 342
17 381
17 427
17 438
17 469
17 481
18 33
18 124
18 129
18 188
18 358
18 444
19 27
19 31
19 36
19 45
19 109
19 146
19 153
19 197
19 294
19 298
19 331
19 360
19 369
19 372
19 415
19 429
19 432
19 451
19 459
20 55
20 71
20 86
20 94
20 108
20 130
20 150
20 249
20 265
20 274
20 280
20 295
20 304
20 325
20 327
20 383
20 392
20 401
20 407
20 483
20 487
20 488
21 54
21 93
21 191
21 200
21 263
21 276
21 309
21 374
21 458
22 83
22 139
22 206
22 290
22 339
22 409
23 46
23 49
23 51
23 74
23 83
23 139
23 168
23 181
23 198
23 206
23 221
23 253
23 256
23 272
23 290
23 305
23 326
23 339
23 391
23 409
23 412
24 5
24 9
24 25
24 36
24 38
24 39
24 42
24 52
24 61
24 63
24 73
24 75
24 117
24 120
24 144
24 145
24 146
24 147
24 162
24 196
24 220
24 240
24 260
24 267
24 313
24 323
24 349
24 357
24 389
24 433
24 440
24 448
24 462
24 471
24 473
25 5
25 9
25 24
25 36
25 38
25 39
25 42
25 52
25 63
25 72
25 73
25 81
25 82
25 108
25 117
25 121
25 144
25 145
25 146
25 147
25 156
25 162
25 187
25 196
25 202
25 220
25 240
25 264
25 267
25 274
25 289
25 297
25 313
25 337
25 349
25 359
25 389
25 401
25 410
25 436
25 440
25 441
25 448
25 462
25 471
25 473
25 497
26 0
26 13
26 15
26 40
26 100
26 136
26 143
26 154
26 171
26 178
26 184
26 206
26 315
26 319
26 322
26 323
26 338
26 341
26 353
26 362
26 393
26 395
26 447
26 452
27 19
27 31
27 45
27 99
27 142
27 153
27 248
27 259
27 331
27 360
27 361
27 414
27 415
27 432
27 451
27 459
27 494
28 2
28 11
28 13
28 16
28 51
28 62
28 70
28 73
28 78
28 79
28 88
28 90
28 93
28 110
28 128
28 131
28 142
28 183
28 184
28 185
28 197
28 203
28 210
28 212
28 261
28 304
28 311
28 318
28 330
28 332
28 347
28 358
28 368
28 387
28 389
28 404
28 417
28 421
28 433
28 437
28 472
28 494
29 33
29 41
29 129
29 140
29 397
29 444
30 53
30 59
30 89
30 97
30 104
30 117
30 131
30 135
30 151
30 156
30 167
30 208
30 211
30 260
30 271
30 291
30 301
30 321
30 357
30 362
30 373
30 382
30 394
30 406
30 431
30 456
30 485
30 489
30 496
31 19
31 27
31 45
31 66
31 99
31 153
31 169
31 222
31 248
31 360
31 393
31 414
31 415
31 419
31 429
31 432
31 451
31 459
32 49
32 166
32 194
32 203
32 238
32 377
32 428
33 18
33 29
33 41
33 124
33 129
33 187
33 188
33 328
33 356
33 390
33 444
34 76
34 118
34 138
34 161
34 190
34 213
34 222
34 270
34 334
34 399
34 405
34 453
34 484
35 50
35 54
35 139
35 157
35 180
35 191
35 200
35 296
35 309
35 337
35 374
35 458
36 5
36 9
36 11
36 19
36 24
36 25
36 38
36 39
36 42
36 63
36 65
36 72
36 73
36 108
36 121
36 144
36 145
36 146
36 147
36 162
36 187
36 196
36 220
36 240
36 267
36 297
36 309
36 313
36 337
36 349
36 359
36 385
36 417
36 436
36 440
36 442
36 443
36 462
36 471
36 473
37 54
37 200
37 309
37 374
37 416
37 458
37 486
37 494
38 5
38 24
38 25
38 36
38 39
38 42
38 48
38 52
38 63
38 73
38 95
38 97
38 108
38 117
38 121
38 144
38 145
38 147
38 155
38 162
38 187
38 196
38 220
38 240
38 267
38 274
38 297
38 304
38 313
38 337
38 347
38 349
38 359
38 389
38 440
38 448
38 452
38 462
38 471
38 473
38 499
39 5
39 9
39 24
39 25
39 36
39 38
39 42
39 63
39 72
39 73
39 108
39 117
39 121
39 145
39 146
39 147
39 155
39 162
39 196
39 208
39 220
39 240
39 267
39 274
39 297
39 337
39 349
39 352
39 355
39 359
39 389
39 391
39 394
39 436
39 440
39 448
39 462
39 471
39 472
39 473
39 475
39 489
40 15
40 26
40 100
40 171
40 211
40 322
40 323
40 339
40 341
40 393
40 395
40 432
40 452
41 29
41 33
41 129
41 188
41 356
41 390
41 391
41 397
41 436
41 444
42 5
42 9
42 24
42 25
42 36
42 38
42 39
42 52
42 63
42 72
42 73
42 80
42 96
42 108
42 117
42 121
42 144
42 146
42 147
42 162
42 179
42 187
42 196
42 220
42 240
42 267
42 274
42 297
42 313
42 332
42 337
42 349
42 355
42 359
42 362
42 373
42 389
42 394
42 405
42 436
42 440
42 448
42 462
42 471
42 473
43 13
43 15
43 322
43 341
43 393
43 430
43 447
43 452
43 456
44 11
44 113
44 158
44 165
44 245
44 254
44 402
44 410
44 479
45 5
45 19
45 27
45 31
45 99
45 153
45 240
45 294
45 348
45 360
45 369
45 374
45 414
45 415
45 429
45 432
45 451
45 459
46 7
46 23
46 58
46 75
46 87
46 107
46 127
46 165
46 273
46 353
46 435
46 464
47 15
47 100
47 322
47 341
47 452
47 453
48 16
48 38
48 81
48 85
48 95
48 134
48 186
48 228
48 241
48 266
48 279
48 283
48 371
48 380
48 411
48 422
49 23
49 32
49 98
49 134
49 141
49 169
49 174
49 190
49 194
49 199
49 226
49 233
49 238
49 292
49 300
49 357
49 377
49 418
49 426
49 428
49 455
49 477
50 35
50 54
50 191
50 200
50 374
50 458
50 463
51 23
51 28
51 68
51 74
51 83
51 139
51 168
51 181
51 206
51 221
51 253
51 272
51 290
51 305
51 339
51 385
51 391
51 409
51 412
51 488
52 5
52 24
52 25
52 38
52 42
52 73
52 96
52 117
52 121
52 132
52 144
52 146
52 240
52 267
52 274
52 275
52 317
52 349
52 354
52 359
52 389
52 440
52 448
52 461
52 462
52 471
52 473
53 30
53 89
53 97
53 101
53 104
53 130
53 135
53 151
53 155
53 156
53 167
53 185
53 208
53 211
53 254
53 260
53 261
53 270
53 301
53 315
53 321
53 357
53 361
53 362
53 364
53 373
53 382
53 394
53 417
53 424
53 431
53 456
53 463
53 485
53 489
53 490
53 496
53 497
54 21
54 35
54 37
54 50
54 137
54 157
54 180
54 189
54 191
54 200
54 204
54 218
54 259
54 263
54 276
54 277
54 296
54 303
54 309
54 354
54 362
54 374
54 416
54 458
54 469
54 478
55 20
55 71
55 86
55 94
55 115
55 142
55 150
55 249
55 265
55 278
55 295
55 323
55 325
55 327
55 382
55 383
55 392
55 400
55 401
55 407
55 483
55 487
56 83
56 108
56 139
56 221
56 290
56 339
56 391
56 409
57 16
57 69
57 96
57 101
57 112
57 126
57 143
57 168
57 182
57 193
57 202
57 239
57 245
57 246
57 250
57 269
57 275
57 278
57 281
57 286
57 291
57 311
57 317
57 382
57 385
57 388
57 425
57 430
57 440
57 443
58 7
58 46
58 75
58 87
58 107
58 127
58 273
58 316
58 368
58 435
58 486
59 30
59 90
59 132
59 145
59 148
59 149
59 151
59 242
59 252
59 262
59 289
59 324
59 335
59 355
59 406
59 423
59 450
59 457
59 467
60 3
60 66
60 97
60 235
60 237
60 310
60 340
60 343
60 354
60 370
60 394
60 445
60 452
60 460
60 494
61 24
61 67
61 82
61 105
61 119
61 127
61 166
61 209
61 280
61 284
61 365
61 439
61 442
61 486
61 499
62 28
62 65
62 88
62 93
62 183
62 185
62 198
62 203
62 231
62 261
62 304
62 311
62 328
62 332
62 350
62 358
62 404
62 421
63 5
63 9
63 15
63 24
63 25
63 36
63 38
63 39
63 42
63 74
63 121
63 145
63 146
63 147
63 162
63 187
63 196
63 220
63 240
63 267
63 274
63 297
63 311
63 313
63 337
63 349
63 362
63 365
63 389
63 440
63 448
63 456
63 462
63 467
63 471
63 473
64 80
64 164
64 231
64 233
64 236
64 271
64 293
64 352
64 495
65 2
65 11
65 36
65 62
65 78
65 88
65 93
65 97
65 110
65 131
65 135
65 183
65 185
65 187
65 203
65 210
65 261
65 286
65 311
65 332
65 347
65 358
65 368
65 374
65 387
65 404
65 417
65 421
65 428
65 433
65 437
65 472
66 3
66 31
66 60
66 67
66 77
66 94
66 111
66 171
66 214
66 235
66 237
66 268
66 284
66 287
66 310
66 340
66 343
66 346
66 354
66 370
66 413
66 420
66 445
66 460
66 492
66 494
67 61
67 66
67 82
67 105
67 119
67 120
67 166
67 177
67 195
67 202
67 207
67 209
67 212
67 223
67 228
67 261
67 280
67 299
67 302
67 308
67 338
67 365
67 366
67 420
67 439
67 441
67 442
67 462
67 463
67 485
67 486
67 496
67 499
68 17
68 51
68 91
68 102
68 243
68 312
68 381
68 427
68 438
68 457
68 469
69 16
69 57
69 94
69 96
69 101
69 126
69 131
69 140
69 143
69 175
69 182
69 193
69 202
69 240
69 243
69 245
69 246
69 250
69 269
69 275
69 278
69 281
69 286
69 291
69 304
69 317
69 373
69 385
69 388
69 398
69 425
69 430
69 443
70 2
70 11
70 28
70 79
70 88
70 93
70 110
70 131
70 144
70 151
70 183
70 185
70 203
70 210
70 261
70 290
70 304
70 311
70 318
70 332
70 347
70 356
70 357
70 358
70 368
70 387
70 404
70 417
70 421
70 431
70 433
70 472
70 477
71 20
71 55
71 86
71 249
71 282
71 383
71 392
72 25
72 36
72 39
72 42
72 121
72 142
72 162
72 196
72 220
72 240
72 297
72 318
72 359
72 418
72 462
72 471
72 473
72 488
73 5
73 9
73 24
73 25
73 28
73 36
73 38
73 39
73 42
73 52
73 104
73 108
73 117
73 121
73 144
73 145
73 146
73 147
73 151
73 162
73 196
73 200
73 220
73 226
73 240
73 249
73 267
73 274
73 297
73 311
73 313
73 349
73 389
73 409
73 440
73 448
73 462
73 471
73 473
74 23
74 51
74 63
74 83
74 117
74 139
74 183
74 206
74 221
74 272
74 290
74 339
74 348
74 391
74 409
74 412
75 7
75 24
75 46
75 58
75 107
75 150
75 435
75 464
76 34
76 88
76 138
76 161
76 213
76 270
76 363
76 484
77 66
77 111
77 235
77 287
77 310
77 340
77 343
77 354
77 370
77 420
77 421
77 445
77 460
77 490
77 494
78 2
78 3
78 11
78 28
78 65
78 79
78 88
78 93
78 110
78 131
78 183
78 185
78 194
78 197
78 203
78 210
78 253
78 261
78 295
78 300
78 304
78 311
78 318
78 332
78 347
78 358
78 368
78 377
78 387
78 404
78 417
78 421
78 431
78 433
78 472
79 2
79 6
79 11
79 28
79 70
79 78
79 84
79 88
79 93
79 98
79 110
79 128
79 131
79 141
79 142
79 173
79 183
79 185
79 197
79 203
79 210
79 212
79 246
79 260
79 261
79 304
79 311
79 312
79 318
79 332
79 347
79 358
79 363
79 368
79 386
79 387
79 404
79 417
79 421
79 433
79 437
79 462
79 472
79 496
79 497
80 12
80 42
80 64
80 217
80 236
80 271
80 290
80 293
80 344
80 352
80 449
80 470
80 475
81 25
81 48
81 95
81 241
81 266
81 371
81 374
81 411
82 25
82 61
82 67
82 105
82 119
82 120
82 166
82 207
82 209
82 223
82 228
82 280
82 298
82 299
82 302
82 308
82 338
82 347
82 365
82 366
82 404
82 420
82 429
82 439
82 441
82 442
82 463
82 479
82 486
82 499
83 2
83 22
83 23
83 51
83 56
83 74
83 139
83 168
83 181
83 206
83 221
83 224
83 253
83 255
83 272
83 286
83 290
83 305
83 326
83 330
83 339
83 341
83 391
83 398
83 409
83 412
83 421
83 427
84 79
84 93
84 182
84 183
84 332
84 387
84 404
84 417
84 421
85 48
85 95
85 279
85 360
85 411
85 422
86 11
86 20
86 55
86 71
86 92
86 94
86 103
86 115
86 150
86 229
86 249
86 265
86 295
86 327
86 339
86 383
86 391
86 392
86 400
86 401
86 407
86 483
86 487
87 46
87 58
87 107
87 361
87 435
87 464
88 2
88 6
88 11
88 28
88 62
88 65
88 70
88 76
88 78
88 79
88 93
88 110
88 130
88 131
88 142
88 144
88 149
88 183
88 184
88 185
88 187
88 197
88 203
88 208
88 209
88 210
88 212
88 238
88 277
88 304
88 311
88 313
88 318
88 332
88 347
88 358
88 363
88 368
88 387
88 404
88 417
88 421
88 433
88 436
88 437
88 472
89 0
89 30
89 53
89 97
89 104
89 121
89 130
89 135
89 151
89 155
89 156
89 167
89 198
89 205
89 206
89 208
89 211
89 233
89 254
89 259
89 260
89 301
89 314
89 321
89 357
89 361
89 362
89 364
89 373
89 378
89 382
89 389
89 394
89 417
89 431
89 432
89 456
89 471
89 480
89 481
89 485
89 488
89 489
89 490
89 496
89 497
90 16
90 28
90 59
90 125
90 162
90 242
90 244
90 252
90 289
90 301
90 320
90 324
90 406
90 408
90 450
90 454
90 457
90 467
91 17
91 68
91 102
91 146
91 328
91 427
91 469
92 86
92 94
92 249
92 265
92 383
92 392
93 2
93 5
93 6
93 11
93 21
93 28
93 62
93 65
93 70
93 78
93 79
93 84
93 88
93 101
93 110
93 116
93 128
93 131
93 142
93 149
93 167
93 173
93 183
93 185
93 197
93 200
93 203
93 210
93 212
93 259
93 261
93 304
93 311
93 318
93 332
93 341
93 347
93 358
93 363
93 364
93 368
93 372
93 387
93 404
93 417
93 421
93 433
93 437
93 445
93 472
94 20
94 55
94 66
94 69
94 86
94 92
94 136
94 249
94 265
94 280
94 295
94 327
94 383
94 392
94 400
94 401
94 407
94 479
94 487
95 38
95 48
95 81
95 85
95 104
95 134
95 186
95 216
95 241
95 249
95 266
95 279
95 283
95 371
95 380
95 411
95 422
95 466
96 11
96 16
96 42
96 52
96 57
96 69
96 101
96 108
96 126
96 139
96 140
96 182
96 202
96 219
96 234
96 246
96 250
96 269
96 275
96 278
96 281
96 282
96 286
96 291
96 317
96 329
96 373
96 376
96 385
96 388
96 396
96 398
96 425
96 430
96 443
97 30
97 38
97 53
97 60
97 65
97 89
97 104
97 126
97 130
97 135
97 151
97 155
97 156
97 167
97 198
97 200
97 205
97 208
97 211
97 224
97 254
97 259
97 260
97 267
97 274
97 301
97 321
97 357
97 361
97 362
97 364
97 373
97 378
97 382
97 394
97 431
97 456
97 470
97 480
97 485
97 488
97 489
97 490
97 496
97 497
98 49
98 79
98 194
98 226
98 233
98 238
98 292
98 358
98 418
98 426
98 465
99 27
99 31
99 45
99 115
99 296
99 331
99 360
99 367
99 369
99 414
99 432
99 451
99 493
100 0
100 13
100 14
100 15
100 26
100 40
100 47
100 154
100 156
100 171
100 179
100 260
100 303
100 319
100 322
100 323
100 341
100 353
100 393
100 395
100 447
100 452
101 16
101 53
101 57
101 69
101 93
101 96
101 126
101 140
101 143
101 175
101 182
101 202
101 234
101 246
101 250
101 269
101 275
101 278
101 281
101 282
101 286
101 291
101 297
101 317
101 385
101 388
101 425
101 430
101 443
101 458
101 473
101 485
101 497
102 17
102 68
102 91
102 312
102 358
102 381
102 427
102 469
103 86
103 116
103 158
103 410
103 434
103 461
104 30
104 53
104 73
104 89
104 95
104 97
104 130
104 135
104 151
104 155
104 156
104 167
104 205
104 211
104 242
104 244
104 254
104 259
104 260
104 278
104 301
104 321
104 332
104 357
104 361
104 362
104 364
104 373
104 382
104 387
104 394
104 431
104 433
104 448
104 456
104 480
104 485
104 488
104 489
104 490
104 496
104 497
105 61
105 67
105 82
105 119
105 120
105 132
105 166
105 194
105 207
105 209
105 223
105 228
105 234
105 248
105 280
105 302
105 308
105 338
105 341
105 361
105 365
105 366
105 420
105 439
105 441
105 442
105 463
105 486
105 499
106 114
106 122
106 176
106 251
106 277
106 306
106 307
106 324
106 329
106 351
106 357
106 364
106 367
106 476
107 46
107 58
107 75
107 87
107 108
107 273
108 2
108 5
108 9
108 20
108 25
108 36
108 38
108 39
108 42
108 56
108 73
108 96
108 107
108 121
108 144
108 145
108 146
108 147
108 162
108 187
108 196
108 220
108 240
108 267
108 349
108 359
108 364
108 389
108 440
108 462
108 471
108 473
109 19
109 153
109 275
109 360
109 396
109 432
109 451
110 2
110 6
110 11
110 28
110 65
110 70
110 78
110 79
110 88
110 93
110 114
110 131
110 135
110 142
110 143
110 173
110 183
110 185
110 197
110 203
110 210
110 231
110 261
110 288
110 291
110 304
110 311
110 318
110 332
110 347
110 358
110 363
110 368
110 385
110 387
110 404
110 417
110 421
110 431
110 433
110 437
110 472
111 66
111 77
111 117
111 235
111 237
111 310
111 340
111 343
111 354
111 370
111 397
111 413
111 424
111 445
111 494
112 16
112 57
112 126
112 250
112 281
112 286
112 317
112 385
112 388
112 392
112 425
113 44
113 116
113 158
113 165
113 230
113 245
113 321
113 366
113 410
113 479
113 481
114 106
114 110
114 122
114 163
114 176
114 251
114 277
114 306
114 307
114 329
114 351
114 367
114 389
114 433
114 476
115 55
115 86
115 99
115 249
115 265
115 295
115 383
116 1
116 93
116 103
116 113
116 158
116 165
116 182
116 230
116 245
116 288
116 316
116 333
116 410
116 461
116 479
116 486
117 5
117 9
117 24
117 25
117 30
117 38
117 39
117 42
117 52
117 73
117 74
117 111
117 121
117 147
117 162
117 187
117 196
117 203
117 220
117 240
117 241
117 267
117 274
117 297
117 337
117 359
117 384
117 389
117 420
117 436
117 440
117 448
117 462
117 471
117 473
118 34
118 138
118 161
118 213
118 391
118 399
118 453
119 61
119 67
119 82
119 105
119 166
119 207
119 209
119 228
119 280
119 302
119 306
119 329
119 338
119 365
119 366
119 382
119 420
119 439
119 441
119 442
119 455
119 463
119 486
119 499
120 24
120 67
120 82
120 105
120 124
120 166
120 195
120 208
120 209
120 228
120 280
120 310
120 338
120 420
120 439
120 442
120 463
120 486
120 499
121 5
121 9
121 25
121 36
121 38
121 39
121 42
121 52
121 63
121 72
121 73
121 89
121 108
121 117
121 125
121 144
121 146
121 147
121 162
121 187
121 196
121 220
121 240
121 274
121 281
121 297
121 309
121 313
121 327
121 337
121 359
121 363
121 383
121 389
121 436
121 439
121 440
121 448
121 462
121 471
121 473
121 489
122 106
122 114
122 180
122 263
122 277
122 367
122 476
123 143
123 159
123 184
123 190
123 192
123 231
123 247
123 281
123 314
123 328
123 350
123 368
123 376
123 424
124 18
124 33
124 120
124 126
124 129
124 188
124 356
124 390
124 397
125 90
125 121
125 242
125 244
125 324
125 335
125 467
126 16
126 57
126 69
126 96
126 97
126 101
126 112
126 124
126 140
126 143
126 175
126 182
126 202
126 219
126 220
126 246
126 250
126 267
126 269
126 275
126 278
126 281
126 286
126 291
126 317
126 319
126 385
126 388
126 398
126 425
126 430
126 433
126 443
127 46
127 58
127 61
127 273
127 384
127 435
128 2
128 28
128 79
128 93
128 131
128 151
128 197
128 203
128 311
128 315
128 332
128 335
128 358
128 404
128 417
128 421
128 433
128 444
128 472
129 16
129 18
129 29
129 33
129 41
129 124
129 188
129 356
129 444
130 20
130 53
130 88
130 89
130 97
130 104
130 135
130 151
130 155
130 156
130 167
130 211
130 237
130 242
130 254
130 259
130 260
130 286
130 301
130 310
130 321
130 322
130 357
130 362
130 373
130 382
130 394
130 431
130 437
130 456
130 485
130 488
130 489
130 496
130 497
131 2
131 6
131 11
131 28
131 30
131 65
131 69
131 70
131 78
131 79
131 88
131 93
131 110
131 128
131 142
131 149
131 152
131 173
131 181
131 183
131 185
131 197
131 203
131 210
131 212
131 236
131 261
131 304
131 311
131 318
131 332
131 339
131 347
131 358
131 363
131 368
131 387
131 404
131 417
131 421
131 433
131 437
131 457
131 472
131 494
131 497
132 52
132 59
132 105
132 242
132 244
132 252
132 324
132 406
132 408
132 467
133 159
133 166
133 184
133 190
133 192
133 201
133 231
133 247
133 328
133 376
133 383
133 384
133 424
133 436
134 48
134 49
134 95
134 158
134 283
134 371
134 380
134 411
134 422
135 2
135 5
135 30
135 53
135 65
135 89
135 97
135 104
135 110
135 130
135 151
135 155
135 156
135 205
135 208
135 211
135 259
135 260
135 294
135 301
135 321
135 357
135 361
135 362
135 364
135 373
135 382
135 387
135 431
135 446
135 456
135 473
135 485
135 488
135 489
135 490
135 496
135 497
136 0
136 13
136 26
136 94
136 154
136 321
136 323
136 393
136 447
136 452
137 2
137 54
137 180
137 200
137 204
137 263
137 309
137 333
137 349
137 374
137 458
138 2
138 34
138 76
138 118
138 161
138 213
138 270
138 379
138 399
138 437
138 453
138 484
139 22
139 23
139 35
139 51
139 56
139 74
139 83
139 96
139 146
139 168
139 181
139 183
139 206
139 221
139 224
139 253
139 255
139 272
139 290
139 305
139 326
139 330
139 339
139 363
139 391
139 403
139 409
139 412
139 486
140 16
140 29
140 69
140 96
140 101
140 126
140 202
140 250
140 269
140 275
140 286
140 291
140 385
140 388
140 390
140 425
140 443
141 4
141 49
141 79
141 194
141 199
141 226
141 238
141 347
141 418
141 426
142 2
142 11
142 27
142 28
142 55
142 72
142 79
142 88
142 93
142 110
142 131
142 183
142 185
142 196
142 197
142 203
142 261
142 272
142 304
142 311
142 318
142 323
142 332
142 347
142 358
142 363
142 368
142 404
142 417
142 421
142 433
142 437
143 16
143 26
143 57
143 69
143 101
143 110
143 123
143 126
143 202
143 246
143 250
143 267
143 269
143 275
143 278
143 281
143 286
143 291
143 317
143 385
143 388
143 425
143 432
143 443
144 5
144 9
144 24
144 25
144 36
144 38
144 42
144 52
144 70
144 73
144 88
144 108
144 121
144 145
144 146
144 187
144 196
144 220
144 240
144 251
144 264
144 267
144 274
144 297
144 313
144 317
144 359
144 389
144 393
144 394
144 425
144 436
144 440
144 448
144 462
144 471
144 473
145 5
145 24
145 25
145 36
145 38
145 39
145 59
145 63
145 73
145 108
145 144
145 146
145 147
145 162
145 240
145 264
145 267
145 274
145 297
145 313
145 374
145 407
145 425
145 448
145 462
145 467
145 471
145 473
146 5
146 19
146 24
146 25
146 36
146 39
146 42
146 52
146 63
146 73
146 91
146 108
146 121
146 139
146 144
146 145
146 147
146 162
146 187
146 196
146 213
146 220
146 267
146 274
146 309
146 313
146 359
146 388
146 389
146 407
146 421
146 440
146 448
146 462
146 471
146 473
147 5
147 9
147 24
147 25
147 36
147 38
147 39
147 42
147 63
147 73
147 108
147 117
147 121
147 145
147 146
147 182
147 187
147 193
147 196
147 210
147 240
147 263
147 267
147 274
147 312
147 313
147 347
147 436
147 440
147 448
147 462
147 471
147 473
147 489
148 59
148 242
148 244
148 261
148 262
148 324
148 355
148 404
148 423
148 434
148 454
148 457
148 467
149 2
149 11
149 59
149 88
149 93
149 131
149 185
149 217
149 243
149 311
149 318
149 332
149 347
149 355
149 358
149 368
149 404
149 421
149 433
150 20
150 55
150 75
150 86
150 295
150 392
150 401
151 12
151 30
151 53
151 59
151 70
151 73
151 89
151 97
151 104
151 128
151 130
151 135
151 155
151 156
151 167
151 198
151 205
151 208
151 211
151 250
151 254
151 259
151 260
151 267
151 301
151 321
151 357
151 361
151 362
151 364
151 373
151 382
151 394
151 404
151 412
151 431
151 456
151 480
151 485
151 488
151 489
151 490
151 496
151 497
152 131
152 190
152 231
152 328
152 363
152 376
152 424
153 19
153 27
153 31
153 45
153 109
153 168
153 211
153 294
153 298
153 331
153 347
153 360
153 369
153 432
153 459
153 485
153 493
154 13
154 26
154 100
154 136
154 322
154 484
155 38
155 39
155 53
155 89
155 97
155 104
155 130
155 135
155 151
155 156
155 205
155 208
155 211
155 240
155 254
155 255
155 259
155 260
155 301
155 321
155 341
155 357
155 361
155 362
155 364
155 373
155 382
155 394
155 431
155 439
155 441
155 456
155 485
155 488
155 489
155 490
155 496
155 497
156 25
156 30
156 53
156 89
156 97
156 100
156 104
156 130
156 135
156 151
156 155
156 160
156 167
156 205
156 208
156 211
156 254
156 259
156 260
156 295
156 301
156 321
156 331
156 357
156 361
156 362
156 364
156 373
156 381
156 382
156 394
156 431
156 456
156 476
156 485
156 488
156 489
156 496
157 35
157 54
157 172
157 189
157 191
157 200
157 218
157 238
157 263
157 296
157 309
157 370
157 374
157 416
157 458
157 478
158 1
158 8
158 44
158 103
158 113
158 116
158 134
158 162
158 165
158 172
158 229
158 230
158 232
158 245
158 288
158 316
158 333
158 347
158 402
158 410
158 446
158 461
158 479
158 481
158 498
159 123
159 133
159 175
159 190
159 231
159 247
159 328
159 372
159 376
159 384
159 424
160 10
160 156
160 170
160 258
160 285
160 342
160 468
161 34
161 76
161 118
161 138
161 213
161 270
161 334
161 379
161 385
161 399
161 421
161 453
161 484
162 5
162 9
162 24
162 25
162 36
162 38
162 39
162 42
162 63
162 72
162 73
162 90
162 108
162 117
162 121
162 145
162 146
162 158
162 187
162 196
162 220
162 240
162 249
162 267
162 274
162 283
162 343
162 349
162 358
162 359
162 387
162 421
162 436
162 440
162 448
162 462
162 471
162 473
163 114
163 218
163 220
163 277
163 306
163 307
163 367
163 476
164 64
164 217
164 236
164 330
164 375
164 453
164 474
165 1
165 7
165 8
165 44
165 46
165 113
165 116
165 158
165 229
165 230
165 232
165 245
165 288
165 316
165 318
165 333
165 410
165 446
165 461
165 472
165 479
165 481
166 32
166 61
166 67
166 82
166 105
166 119
166 120
166 133
166 185
166 199
166 209
166 226
166 228
166 280
166 338
166 365
166 366
166 420
166 439
166 441
166 442
166 463
166 486
167 7
167 30
167 53
167 89
167 93
167 97
167 104
167 130
167 151
167 156
167 203
167 211
167 237
167 244
167 259
167 260
167 301
167 321
167 338
167 357
167 362
167 373
167 382
167 394
167 420
167 456
167 480
167 485
167 489
167 490
167 496
168 23
168 51
168 57
168 83
168 139
168 153
168 181
168 206
168 221
168 274
168 290
168 339
168 391
168 409
169 31
169 49
169 194
169 226
169 238
169 418
169 426
170 10
170 160
170 301
170 342
170 368
170 468
170 482
170 491
171 0
171 15
171 26
171 40
171 66
171 100
171 319
171 323
171 341
171 398
171 426
171 447
171 452
172 157
172 158
172 231
172 314
172 328
172 334
172 376
172 424
173 2
173 79
173 93
173 110
173 131
173 177
173 202
173 311
173 368
173 404
173 421
174 4
174 49
174 194
174 199
174 226
174 238
174 293
174 300
174 377
174 388
174 418
174 426
175 16
175 69
175 101
175 126
175 159
175 202
175 232
175 250
175 275
175 281
175 286
175 291
175 317
175 385
175 388
175 425
175 443
176 106
176 114
176 277
176 329
176 367
176 460
177 67
177 173
177 280
177 365
177 420
177 439
177 442
178 15
178 26
178 322
178 323
178 372
178 452
179 15
179 42
179 100
179 199
179 319
179 323
179 341
179 393
179 452
180 35
180 54
180 122
180 137
180 200
180 263
180 276
180 309
180 362
180 374
180 458
180 479
181 23
181 51
181 83
181 131
181 139
181 168
181 206
181 250
181 272
181 290
181 339
181 391
181 409
182 5
182 16
182 57
182 69
182 84
182 96
182 101
182 116
182 126
182 147
182 202
182 228
182 246
182 250
182 269
182 275
182 278
182 281
182 282
182 286
182 291
182 317
182 385
182 388
182 398
182 421
182 425
182 430
182 443
182 484
183 2
183 6
183 11
183 13
183 28
183 62
183 65
183 70
183 74
183 78
183 79
183 84
183 88
183 93
183 110
183 131
183 139
183 142
183 185
183 197
183 198
183 203
183 210
183 212
183 240
183 250
183 261
183 304
183 311
183 318
183 332
183 346
183 347
183 358
183 368
183 387
183 404
183 417
183 421
183 428
183 433
183 437
183 448
183 472
184 26
184 28
184 88
184 123
184 133
184 190
184 192
184 201
184 227
184 231
184 236
184 247
184 257
184 314
184 328
184 376
184 384
185 2
185 6
185 11
185 28
185 53
185 62
185 65
185 70
185 78
185 79
185 88
185 93
185 110
185 131
185 142
185 149
185 166
185 183
185 186
185 197
185 203
185 210
185 212
185 254
185 261
185 291
185 303
185 304
185 311
185 318
185 332
185 347
185 358
185 363
185 368
185 372
185 382
185 387
185 404
185 411
185 417
185 421
185 433
185 437
185 451
185 471
185 472
186 48
186 95
186 185
186 266
186 283
186 371
186 411
187 5
187 25
187 33
187 36
187 38
187 42
187 63
187 65
187 88
187 108
187 117
187 121
187 144
187 146
187 147
187 162
187 196
187 220
187 240
187 267
187 275
187 349
187 359
187 389
187 412
187 440
187 462
187 471
187 473
187 485
188 18
188 33
188 41
188 124
188 129
188 206
188 356
188 390
188 444
189 54
189 157
189 200
189 263
189 284
189 458
190 4
190 34
190 49
190 123
190 133
190 152
190 159
190 184
190 192
190 201
190 227
190 231
190 239
190 247
190 257
190 314
190 328
190 345
190 350
190 367
190 376
190 384
190 424
190 460
190 498
191 21
191 35
191 50
191 54
191 157
191 200
191 263
191 286
191 296
191 303
191 309
191 370
191 374
191 384
191 458
192 6
192 123
192 133
192 184
192 190
192 231
192 239
192 314
192 328
192 376
192 384
192 424
192 439
192 498
193 16
193 57
193 69
193 147
193 202
193 212
193 250
193 275
193 281
193 286
193 291
193 317
193 358
193 388
193 391
193 443
194 14
194 32
194 49
194 78
194 98
194 105
194 141
194 169
194 174
194 199
194 226
194 233
194 238
194 292
194 300
194 301
194 324
194 336
194 377
194 418
194 428
194 455
194 465
194 492
195 67
195 120
195 280
195 420
195 439
195 486
195 499
196 5
196 9
196 24
196 25
196 36
196 38
196 39
196 42
196 63
196 72
196 73
196 108
196 117
196 121
196 142
196 144
196 146
196 147
196 162
196 187
196 197
196 220
196 226
196 240
196 267
196 274
196 322
196 349
196 373
196 382
196 431
196 433
196 436
196 440
196 448
196 462
196 471
196 473
197 2
197 11
197 19
197 28
197 78
197 79
197 88
197 93
197 110
197 128
197 131
197 142
197 183
197 185
197 196
197 203
197 212
197 261
197 304
197 311
197 318
197 332
197 347
197 358
197 368
197 377
197 387
197 404
197 408
197 421
197 433
197 437
197 442
197 464
198 23
198 62
198 89
198 97
198 151
198 183
198 211
198 254
198 260
198 301
198 362
198 373
198 485
199 4
199 14
199 49
199 141
199 166
199 174
199 179
199 194
199 226
199 238
199 377
199 418
199 425
200 21
200 35
200 37
200 50
200 54
200 73
200 93
200 97
200 137
200 157
200 180
200 189
200 191
200 204
200 218
200 235
200 263
200 276
200 296
200 303
200 309
200 374
200 416
200 458
200 462
201 133
201 184
201 190
201 231
201 328
201 344
201 368
201 376
201 384
201 424
202 16
202 25
202 57
202 67
202 69
202 96
202 101
202 126
202 140
202 143
202 173
202 175
202 182
202 193
202 219
202 220
202 234
202 246
202 250
202 269
202 275
202 278
202 281
202 282
202 286
202 291
202 317
202 382
202 385
202 386
202 388
202 398
202 406
202 425
202 430
202 443
202 473
203 2
203 11
203 28
203 32
203 62
203 65
203 70
203 78
203 79
203 88
203 93
203 110
203 117
203 128
203 131
203 142
203 167
203 183
203 185
203 197
203 208
203 210
203 261
203 275
203 298
203 304
203 311
203 318
203 332
203 347
203 358
203 363
203 368
203 376
203 387
203 404
203 417
203 421
203 433
203 437
203 458
203 472
204 54
204 137
204 200
204 263
204 296
204 309
204 374
204 389
204 422
204 458
205 89
205 97
205 104
205 135
205 151
205 155
205 156
205 208
205 211
205 242
205 245
205 254
205 259
205 260
205 283
205 301
205 321
205 357
205 362
205 373
205 382
205 387
205 425
205 431
205 456
205 472
205 485
205 489
206 22
206 23
206 26
206 51
206 74
206 83
206 89
206 139
206 168
206 181
206 188
206 221
206 224
206 253
206 255
206 272
206 280
206 290
206 305
206 326
206 330
206 339
206 340
206 391
206 403
206 409
206 412
206 417
206 471
207 67
207 82
207 105
207 119
207 209
207 223
207 228
207 266
207 280
207 338
207 365
207 366
207 373
207 420
207 439
207 440
207 442
207 463
207 477
207 486
207 499
208 30
208 39
208 53
208 88
208 89
208 97
208 120
208 135
208 151
208 155
208 156
208 203
208 205
208 211
208 254
208 259
208 260
208 301
208 321
208 357
208 361
208 362
208 364
208 373
208 385
208 394
208 431
208 448
208 456
208 485
208 489
208 496
208 497
209 61
209 67
209 82
209 88
209 105
209 119
209 120
209 166
209 207
209 223
209 228
209 280
209 301
209 302
209 308
209 338
209 359
209 365
209 366
209 414
209 420
209 439
209 441
209 442
209 463
209 486
209 488
209 496
209 499
210 2
210 11
210 28
210 65
210 70
210 78
210 79
210 88
210 93
210 110
210 131
210 147
210 183
210 185
210 203
210 221
210 261
210 288
210 311
210 314
210 318
210 332
210 347
210 353
210 358
210 368
210 373
210 387
210 404
210 417
210 421
210 433
210 437
210 452
210 472
210 488
211 30
211 40
211 53
211 89
211 97
211 104
211 130
211 135
211 151
211 153
211 155
211 156
211 167
211 198
211 205
211 208
211 221
211 254
211 257
211 259
211 260
211 301
211 307
211 318
211 321
211 326
211 349
211 354
211 357
211 361
211 362
211 364
211 373
211 378
211 382
211 394
211 431
211 456
211 473
211 480
211 485
211 488
211 489
211 490
211 496
211 497
212 2
212 5
212 11
212 28
212 67
212 79
212 88
212 93
212 131
212 183
212 185
212 193
212 197
212 304
212 311
212 332
212 347
212 358
212 368
212 401
212 404
212 417
212 421
212 433
212 437
212 447
213 34
213 76
213 118
213 138
213 146
213 161
213 270
213 310
213 334
213 379
213 399
213 405
213 453
213 484
214 66
214 235
214 237
214 310
214 343
214 354
214 370
214 404
214 460
214 471
215 242
215 244
215 311
215 321
215 324
215 408
215 423
215 457
215 467
216 8
216 95
216 241
216 279
216 371
216 411
217 12
217 80
217 149
217 164
217 244
217 271
217 344
217 352
217 375
217 404
217 449
217 470
217 474
218 54
218 157
218 163
218 200
218 263
218 309
218 374
218 416
218 458
218 480
219 16
219 96
219 126
219 202
219 246
219 250
219 385
219 432
219 443
220 5
220 24
220 25
220 36
220 38
220 39
220 42
220 63
220 72
220 73
220 108
220 117
220 121
220 126
220 144
220 146
220 162
220 163
220 187
220 196
220 202
220 227
220 240
220 267
220 274
220 297
220 313
220 349
220 359
220 420
220 430
220 436
220 440
220 448
220 462
220 467
220 471
220 473
220 489
221 23
221 51
221 56
221 74
221 83
221 139
221 168
221 206
221 210
221 211
221 239
221 253
221 272
221 290
221 330
221 339
221 391
221 394
221 409
221 412
222 31
222 34
222 331
222 360
222 415
222 432
223 67
223 82
223 105
223 207
223 209
223 280
223 403
223 439
223 486
224 83
224 97
224 139
224 206
224 339
224 409
225 10
225 256
225 258
225 285
225 452
225 491
226 4
226 14
226 49
226 73
226 98
226 141
226 166
226 169
226 174
226 194
226 196
226 199
226 233
226 238
226 292
226 300
226 336
226 349
226 377
226 418
226 426
226 428
226 442
226 455
226 465
226 477
227 184
227 190
227 220
227 231
227 314
227 328
227 376
227 424
228 48
228 67
228 82
228 105
228 119
228 120
228 166
228 182
228 207
228 209
228 280
228 302
228 343
228 365
228 375
228 420
228 439
228 442
228 463
228 486
228 499
229 86
229 158
229 165
229 245
229 288
229 410
229 461
229 479
230 1
230 113
230 116
230 158
230 165
230 232
230 245
230 288
230 316
230 333
230 344
230 394
230 410
230 479
231 62
231 64
231 110
231 123
231 133
231 152
231 159
231 172
231 184
231 190
231 192
231 201
231 227
231 235
231 239
231 247
231 257
231 314
231 318
231 328
231 345
231 350
231 376
231 384
231 424
231 498
232 1
232 158
232 165
232 175
232 230
232 245
232 410
233 49
233 64
233 89
233 98
233 194
233 226
233 238
233 377
233 418
234 16
234 96
234 101
234 105
234 202
234 250
234 269
234 278
234 281
234 286
234 291
234 385
234 388
234 425
234 437
234 443
235 3
235 60
235 66
235 77
235 111
235 200
235 214
235 231
235 237
235 252
235 259
235 267
235 268
235 284
235 287
235 310
235 340
235 343
235 370
235 445
235 494
236 12
236 64
236 80
236 131
236 164
236 184
236 271
236 293
236 344
236 369
236 375
236 449
236 474
236 475
236 495
237 3
237 60
237 66
237 111
237 130
237 167
237 214
237 235
237 287
237 310
237 343
237 346
237 354
237 370
237 413
237 422
237 445
237 460
237 494
238 4
238 14
238 32
238 49
238 88
238 98
238 141
238 157
238 169
238 174
238 194
238 199
238 226
238 233
238 246
238 300
238 310
238 336
238 377
238 409
238 418
238 426
238 428
238 477
239 57
239 190
239 192
239 221
239 231
239 247
239 328
239 376
239 424
240 5
240 9
240 24
240 25
240 36
240 38
240 39
240 42
240 45
240 52
240 63
240 69
240 72
240 73
240 108
240 117
240 121
240 144
240 145
240 147
240 155
240 162
240 183
240 187
240 196
240 220
240 246
240 267
240 274
240 297
240 310
240 359
240 376
240 389
240 431
240 440
240 462
240 471
240 473
241 48
241 81
241 95
241 117
241 216
241 266
241 279
241 283
241 313
241 371
241 380
241 411
241 422
241 466
241 480
242 59
242 90
242 104
242 125
242 130
242 132
242 148
242 205
242 215
242 244
242 252
242 289
242 320
242 324
242 335
242 355
242 368
242 408
242 423
242 434
242 450
242 457
242 467
243 17
243 68
243 69
243 149
243 312
243 381
243 427
243 438
243 469
244 13
244 90
244 104
244 125
244 132
244 148
244 167
244 215
244 217
244 242
244 252
244 289
244 320
244 324
244 335
244 355
244 406
244 408
244 423
244 434
244 450
244 457
244 467
245 1
245 8
245 44
245 57
245 69
245 113
245 116
245 158
245 165
245 205
245 229
245 230
245 232
245 288
245 296
245 316
245 333
245 402
245 410
245 445
245 446
245 461
245 479
245 481
246 12
246 16
246 57
246 69
246 79
246 96
246 101
246 126
246 143
246 182
246 202
246 219
246 238
246 240
246 250
246 269
246 275
246 278
246 281
246 286
246 291
246 317
246 321
246 368
246 385
246 388
246 425
246 430
246 443
247 123
247 133
247 159
247 184
247 190
247 231
247 239
247 314
247 318
247 328
247 360
247 376
247 384
247 424
248 27
248 31
248 105
248 360
248 415
248 429
249 20
249 55
249 71
249 73
249 86
249 92
249 94
249 95
249 115
249 162
249 265
249 289
249 295
249 325
249 327
249 383
249 392
249 400
249 401
249 407
249 462
249 483
249 487
249 495
250 2
250 16
250 57
250 69
250 96
250 101
250 112
250 126
250 140
250 143
250 151
250 175
250 181
250 182
250 183
250 193
250 202
250 219
250 234
250 246
250 269
250 275
250 278
250 281
250 282
250 286
250 291
250 317
250 385
250 386
250 388
250 396
250 398
250 400
250 410
250 425
250 430
250 443
250 445
251 106
251 114
251 144
251 306
251 308
251 367
252 2
252 59
252 90
252 132
252 235
252 242
252 244
252 291
252 324
252 406
252 408
252 423
252 457
252 467
253 23
253 51
253 78
253 83
253 139
253 206
253 221
253 272
253 290
253 339
253 391
253 409
253 412
253 421
254 44
254 53
254 89
254 97
254 104
254 130
254 151
254 155
254 156
254 185
254 198
254 205
254 208
254 211
254 259
254 260
254 263
254 301
254 321
254 357
254 362
254 373
254 382
254 395
254 409
254 431
254 432
254 456
254 485
254 489
254 496
254 497
255 83
255 139
255 155
255 206
255 290
255 339
255 391
255 412
256 10
256 23
256 225
256 258
256 468
256 491
257 184
257 190
257 211
257 231
257 376
257 384
257 454
258 10
258 160
258 225
258 256
258 468
258 471
258 482
258 491
259 27
259 54
259 89
259 93
259 97
259 104
259 130
259 135
259 151
259 155
259 156
259 167
259 205
259 208
259 211
259 235
259 254
259 260
259 286
259 301
259 321
259 350
259 357
259 361
259 362
259 373
259 382
259 394
259 415
259 431
259 456
259 480
259 485
259 488
259 489
259 490
259 496
259 497
260 24
260 30
260 53
260 79
260 89
260 97
260 100
260 104
260 130
260 135
260 151
260 155
260 156
260 167
260 198
260 205
260 208
260 211
260 254
260 259
260 285
260 301
260 306
260 321
260 339
260 357
260 361
260 362
260 364
260 373
260 382
260 394
260 431
260 441
260 456
260 467
260 485
260 489
260 490
260 496
260 497
261 2
261 6
261 11
261 28
261 53
261 62
261 65
261 67
261 70
261 78
261 79
261 93
261 110
261 131
261 142
261 148
261 183
261 185
261 197
261 203
261 210
261 291
261 304
261 311
261 318
261 332
261 347
261 357
261 358
261 363
261 368
261 372
261 375
261 387
261 404
261 417
261 421
261 430
261 433
261 437
261 462
261 472
261 473
262 59
262 148
262 278
262 298
262 323
262 324
262 423
262 467
263 21
263 54
263 122
263 137
263 147
263 157
263 180
263 189
263 191
263 200
263 204
263 218
263 254
263 276
263 296
263 309
263 374
263 380
263 458
263 478
264 25
264 144
264 145
264 267
264 337
264 354
264 462
264 488
265 20
265 55
265 86
265 92
265 94
265 115
265 249
265 295
265 325
265 327
265 332
265 383
265 392
265 393
265 401
265 407
265 409
265 443
265 487
265 490
266 2
266 48
266 81
266 95
266 186
266 207
266 241
266 279
266 283
266 321
266 371
266 411
266 422
267 5
267 9
267 24
267 25
267 36
267 38
267 39
267 42
267 52
267 63
267 73
267 97
267 108
267 117
267 126
267 143
267 144
267 145
267 146
267 147
267 151
267 162
267 187
267 196
267 220
267 235
267 240
267 264
267 269
267 274
267 297
267 313
267 349
267 359
267 376
267 389
267 427
267 436
267 440
267 448
267 456
267 462
267 471
267 473
268 66
268 235
268 290
268 310
268 354
268 445
268 470
268 494
269 16
269 57
269 69
269 96
269 101
269 126
269 140
269 143
269 182
269 202
269 234
269 246
269 250
269 267
269 275
269 276
269 278
269 281
269 286
269 291
269 317
269 332
269 336
269 365
269 385
269 388
269 398
269 401
269 425
269 430
269 443
270 34
270 53
270 76
270 138
270 161
270 213
270 399
270 405
270 424
270 453
270 484
271 12
271 30
271 64
271 80
271 217
271 236
271 293
271 328
271 352
271 375
271 449
271 470
271 474
271 475
271 493
272 9
272 16
272 23
272 51
272 74
272 83
272 139
272 142
272 181
272 206
272 221
272 253
272 290
272 339
272 391
272 409
272 412
273 7
273 46
273 58
273 107
273 127
273 321
273 435
273 464
274 5
274 6
274 9
274 20
274 25
274 38
274 39
274 42
274 52
274 63
274 73
274 97
274 117
274 121
274 144
274 145
274 146
274 147
274 162
274 168
274 196
274 220
274 240
274 267
274 282
274 297
274 313
274 349
274 359
274 365
274 389
274 436
274 440
274 443
274 444
274 448
274 462
274 471
274 473
275 16
275 52
275 57
275 69
275 96
275 101
275 109
275 126
275 140
275 143
275 175
275 182
275 187
275 193
275 202
275 203
275 246
275 250
275 269
275 278
275 281
275 286
275 291
275 317
275 382
275 385
275 388
275 396
275 398
275 399
275 425
275 430
275 443
275 462
275 490
276 21
276 54
276 180
276 200
276 263
276 269
276 296
276 309
276 374
276 405
276 458
277 54
277 88
277 106
277 114
277 122
277 163
277 176
277 306
277 307
277 329
277 367
277 411
277 476
278 16
278 55
278 57
278 69
278 96
278 101
278 104
278 126
278 143
278 182
278 202
278 234
278 246
278 250
278 262
278 269
278 275
278 281
278 286
278 291
278 317
278 385
278 388
278 404
278 410
278 425
278 428
278 430
278 443
278 458
279 48
279 85
279 95
279 216
279 241
279 266
279 283
279 371
279 411
279 421
279 422
279 462
280 20
280 61
280 67
280 82
280 94
280 105
280 119
280 120
280 166
280 177
280 195
280 206
280 207
280 209
280 223
280 228
280 299
280 302
280 338
280 357
280 365
280 366
280 420
280 439
280 441
280 442
280 459
280 463
280 486
280 489
280 499
281 2
281 16
281 57
281 69
281 96
281 101
281 112
281 121
281 123
281 126
281 143
281 175
281 182
281 193
281 202
281 234
281 246
281 250
281 269
281 275
281 278
281 286
281 291
281 317
281 327
281 363
281 385
281 386
281 388
281 394
281 398
281 425
281 430
281 440
281 443
281 448
282 16
282 71
282 96
282 101
282 182
282 202
282 250
282 274
282 286
282 291
282 317
282 385
282 388
282 425
282 443
283 48
283 95
283 134
283 162
283 186
283 205
283 241
283 266
283 279
283 371
283 380
283 385
283 411
283 422
284 61
284 66
284 189
284 235
284 445
284 494
285 10
285 160
285 225
285 260
285 482
285 491
286 16
286 57
286 65
286 69
286 83
286 96
286 101
286 112
286 126
286 130
286 140
286 143
286 175
286 182
286 191
286 193
286 202
286 234
286 246
286 250
286 259
286 269
286 275
286 278
286 281
286 282
286 287
286 291
286 299
286 317
286 380
286 385
286 388
286 396
286 425
286 430
286 443
287 66
287 77
287 235
287 237
287 286
287 310
287 349
287 445
287 460
288 1
288 110
288 116
288 158
288 165
288 210
288 229
288 230
288 245
288 308
288 316
288 333
288 410
288 461
288 479
288 481
289 25
289 59
289 90
289 242
289 244
289 249
289 320
289 324
289 335
289 406
289 408
289 434
289 457
289 462
289 467
290 22
290 23
290 51
290 56
290 70
290 74
290 80
290 83
290 139
290 168
290 181
290 206
290 221
290 253
290 255
290 268
290 272
290 305
290 326
290 339
290 388
290 391
290 403
290 409
290 412
290 448
290 456
291 16
291 30
291 57
291 69
291 96
291 101
291 110
291 126
291 140
291 143
291 175
291 182
291 185
291 193
291 202
291 234
291 246
291 250
291 252
291 261
291 269
291 275
291 278
291 281
291 282
291 286
291 307
291 317
291 385
291 388
291 396
291 398
291 417
291 425
291 430
291 443
291 473
292 49
292 98
292 194
292 226
292 301
292 428
293 64
293 80
293 174
293 236
293 271
293 344
293 375
293 416
293 449
293 461
293 470
293 474
293 495
294 19
294 45
294 135
294 153
294 331
294 360
294 418
294 429
294 432
295 20
295 55
295 78
295 86
295 94
295 115
295 150
295 156
295 249
295 265
295 305
295 325
295 327
295 357
295 383
295 392
295 401
295 407
295 455
295 483
295 487
296 35
296 54
296 99
296 157
296 191
296 200
296 204
296 245
296 263
296 276
296 309
296 321
296 374
296 416
296 458
296 478
297 5
297 9
297 16
297 25
297 36
297 38
297 39
297 42
297 63
297 72
297 73
297 101
297 117
297 121
297 144
297 145
297 220
297 240
297 267
297 274
297 313
297 322
297 359
297 368
297 385
297 433
297 440
297 462
297 473
298 19
298 82
298 153
298 203
298 262
298 331
298 360
298 369
298 414
298 415
298 432
298 451
298 459
298 493
299 67
299 82
299 280
299 286
299 378
299 442
299 486
299 499
300 49
300 78
300 174
300 194
300 226
300 238
300 304
300 377
301 30
301 53
301 89
301 90
301 97
301 104
301 130
301 135
301 151
301 155
301 156
301 167
301 170
301 194
301 198
301 205
301 208
301 209
301 211
301 254
301 259
301 260
301 292
301 309
301 321
301 332
301 357
301 361
301 362
301 364
301 373
301 378
301 382
301 385
301 394
301 431
301 456
301 480
301 485
301 488
301 489
301 490
301 491
301 496
301 497
302 67
302 82
302 105
302 119
302 209
302 228
302 280
302 365
302 366
302 420
302 439
302 442
302 463
302 471
302 485
302 486
303 54
303 100
303 185
303 191
303 200
303 309
303 374
303 458
304 2
304 6
304 11
304 20
304 28
304 38
304 62
304 69
304 70
304 78
304 79
304 88
304 93
304 110
304 131
304 142
304 183
304 185
304 197
304 203
304 212
304 261
304 300
304 311
304 318
304 332
304 347
304 358
304 359
304 363
304 368
304 372
304 387
304 404
304 414
304 417
304 421
304 433
304 437
304 472
304 474
304 495
305 23
305 51
305 83
305 139
305 206
305 290
305 295
305 339
305 356
305 391
305 409
306 106
306 114
306 119
306 163
306 251
306 260
306 277
306 329
306 367
306 476
307 106
307 114
307 163
307 211
307 277
307 291
307 329
307 367
307 476
308 67
308 82
308 105
308 209
308 251
308 288
308 420
308 486
308 499
309 21
309 35
309 36
309 37
309 54
309 121
309 137
309 146
309 157
309 180
309 191
309 200
309 204
309 218
309 263
309 276
309 296
309 301
309 303
309 374
309 404
309 458
309 478
310 3
310 60
310 66
310 77
310 111
310 120
310 130
310 213
310 214
310 235
310 237
310 238
310 240
310 268
310 287
310 333
310 340
310 343
310 346
310 354
310 370
310 413
310 445
310 460
310 492
310 494
311 2
311 11
311 28
311 57
311 62
311 63
311 65
311 70
311 73
311 78
311 79
311 88
311 93
311 110
311 128
311 131
311 142
311 149
311 173
311 183
311 185
311 197
311 203
311 210
311 212
311 215
311 261
311 304
311 318
311 332
311 347
311 358
311 362
311 363
311 364
311 368
311 387
311 388
311 404
311 417
311 421
311 431
311 433
311 437
311 472
311 496
312 68
312 79
312 102
312 147
312 243
312 381
312 427
312 438
313 5
313 24
313 25
313 36
313 38
313 42
313 63
313 73
313 88
313 121
313 144
313 145
313 146
313 147
313 220
313 241
313 267
313 274
313 297
313 324
313 332
313 359
313 366
313 389
313 404
313 440
313 448
313 462
313 471
313 473
313 496
314 89
314 123
314 172
314 184
314 190
314 192
314 210
314 227
314 231
314 247
314 328
314 376
314 384
314 393
314 424
315 13
315 26
315 53
315 128
315 322
315 323
315 341
315 393
315 452
316 1
316 58
316 116
316 158
316 165
316 230
316 245
316 288
316 332
316 333
316 402
316 410
316 446
316 461
316 479
316 481
316 485
317 16
317 52
317 57
317 69
317 96
317 101
317 112
317 126
317 143
317 144
317 175
317 182
317 193
317 202
317 246
317 250
317 269
317 275
317 278
317 281
317 282
317 286
317 291
317 319
317 359
317 385
317 386
317 388
317 391
317 413
317 425
317 430
317 438
317 443
318 2
318 11
318 28
318 70
318 72
318 78
318 79
318 88
318 93
318 110
318 131
318 142
318 149
318 165
318 183
318 185
318 197
318 203
318 210
318 211
318 231
318 247
318 261
318 304
318 311
318 332
318 347
318 363
318 368
318 373
318 387
318 404
318 417
318 421
318 433
318 437
318 445
318 472
318 489
319 26
319 100
319 126
319 171
319 179
319 317
319 341
319 447
319 452
320 90
320 242
320 244
320 289
320 324
320 369
320 406
320 457
320 467
321 30
321 53
321 89
321 97
321 104
321 113
321 130
321 135
321 136
321 151
321 155
321 156
321 167
321 205
321 208
321 211
321 215
321 246
321 254
321 259
321 260
321 266
321 273
321 296
321 301
321 357
321 362
321 364
321 373
321 382
321 394
321 419
321 431
321 456
321 485
321 489
321 490
321 496
322 0
322 13
322 15
322 26
322 40
322 43
322 47
322 100
322 130
322 154
322 178
322 196
322 297
322 315
322 323
322 341
322 383
322 393
322 447
322 452
323 0
323 13
323 24
323 26
323 40
323 55
323 100
323 136
323 142
323 171
323 178
323 179
323 262
323 315
323 322
323 341
323 353
323 393
323 395
323 452
324 59
324 90
324 106
324 125
324 132
324 148
324 194
324 215
324 242
324 244
324 252
324 262
324 289
324 313
324 320
324 335
324 355
324 406
324 408
324 415
324 423
324 425
324 426
324 434
324 450
324 454
324 457
324 467
325 20
325 55
325 249
325 265
325 295
325 383
325 392
326 23
326 83
326 139
326 206
326 211
326 290
326 339
327 20
327 55
327 86
327 94
327 121
327 249
327 265
327 281
327 295
327 383
327 392
327 401
328 33
328 62
328 91
328 123
328 133
328 152
328 159
328 172
328 184
328 190
328 192
328 201
328 227
328 231
328 239
328 247
328 271
328 314
328 345
328 350
328 376
328 384
328 424
329 96
329 106
329 114
329 119
329 176
329 277
329 306
329 307
329 351
329 367
329 399
329 476
330 28
330 83
330 139
330 164
330 206
330 221
330 339
330 391
331 19
331 27
331 99
331 153
331 156
331 222
331 294
331 298
331 360
331 414
331 415
331 451
331 472
331 493
332 2
332 6
332 11
332 28
332 42
332 62
332 65
332 70
332 78
332 79
332 84
332 88
332 93
332 104
332 110
332 128
332 131
332 142
332 149
332 183
332 185
332 197
332 203
332 210
332 212
332 261
332 265
332 269
332 301
332 304
332 311
332 313
332 316
332 318
332 347
332 358
332 363
332 368
332 371
332 372
332 387
332 404
332 408
332 417
332 421
332 425
332 433
332 437
332 472
333 1
333 116
333 137
333 158
333 165
333 230
333 245
333 288
333 310
333 316
333 410
333 461
333 479
334 34
334 161
334 172
334 213
334 453
334 484
335 9
335 59
335 125
335 128
335 242
335 244
335 289
335 324
335 406
335 408
335 450
335 457
335 467
336 194
336 226
336 238
336 269
336 418
336 428
337 5
337 25
337 35
337 36
337 38
337 39
337 42
337 63
337 117
337 121
337 264
337 412
337 462
337 471
338 26
338 67
338 82
338 105
338 119
338 120
338 166
338 167
338 207
338 209
338 280
338 365
338 366
338 420
338 439
338 440
338 442
338 473
338 486
338 499
339 22
339 23
339 40
339 51
339 56
339 74
339 83
339 86
339 131
339 139
339 168
339 181
339 206
339 221
339 224
339 253
339 255
339 260
339 272
339 290
339 305
339 326
339 330
339 383
339 391
339 409
339 412
340 3
340 60
340 66
340 77
340 111
340 206
340 235
340 310
340 343
340 354
340 364
340 370
340 460
341 0
341 13
341 15
341 26
341 40
341 43
341 47
341 83
341 93
341 100
341 105
341 155
341 171
341 179
341 315
341 319
341 322
341 323
341 393
341 431
341 452
342 10
342 17
342 160
342 170
342 450
342 482
343 60
343 66
343 77
343 111
343 162
343 214
343 228
343 235
343 237
343 310
343 340
343 354
343 358
343 370
343 413
343 445
343 494
344 80
344 201
344 217
344 230
344 236
344 293
344 375
344 495
345 190
345 231
345 328
345 376
345 384
345 424
346 66
346 183
346 237
346 310
346 354
346 492
347 2
347 6
347 11
347 28
347 38
347 65
347 70
347 78
347 79
347 82
347 88
347 93
347 110
347 131
347 141
347 142
347 147
347 149
347 153
347 158
347 183
347 185
347 197
347 203
347 210
347 212
347 261
347 304
347 311
347 318
347 332
347 358
347 363
347 368
347 387
347 404
347 417
347 421
347 428
347 433
347 437
347 438
347 459
347 472
348 45
348 74
348 360
348 429
348 432
348 451
348 456
349 5
349 24
349 25
349 36
349 38
349 39
349 42
349 52
349 63
349 73
349 108
349 137
349 162
349 187
349 196
349 211
349 220
349 226
349 267
349 274
349 287
349 440
349 448
349 462
349 471
349 473
349 499
350 62
350 123
350 190
350 231
350 259
350 328
350 376
350 424
351 106
351 114
351 329
351 367
351 456
351 476
352 12
352 39
352 64
352 80
352 217
352 271
352 375
352 387
352 449
352 465
352 470
352 475
352 495
353 13
353 15
353 26
353 46
353 100
353 210
353 323
353 393
353 452
354 3
354 52
354 54
354 60
354 66
354 77
354 111
354 211
354 214
354 237
354 264
354 268
354 310
354 340
354 343
354 346
354 413
354 445
354 492
354 494
355 39
355 42
355 59
355 148
355 149
355 242
355 244
355 324
355 408
355 423
355 467
356 33
356 41
356 70
356 124
356 129
356 188
356 305
356 444
357 24
357 30
357 49
357 53
357 70
357 89
357 97
357 104
357 106
357 130
357 135
357 151
357 155
357 156
357 167
357 205
357 208
357 211
357 254
357 259
357 260
357 261
357 280
357 295
357 301
357 321
357 361
357 362
357 364
357 373
357 378
357 382
357 392
357 394
357 411
357 431
357 456
357 480
357 485
357 488
357 489
357 490
357 496
357 497
358 2
358 11
358 18
358 28
358 62
358 65
358 70
358 78
358 79
358 88
358 93
358 98
358 102
358 110
358 128
358 131
358 142
358 149
358 162
358 183
358 185
358 193
358 197
358 203
358 210
358 212
358 261
358 304
358 311
358 332
358 343
358 347
358 363
358 368
358 387
358 404
358 408
358 417
358 421
358 423
358 433
358 437
358 472
359 5
359 25
359 36
359 38
359 39
359 42
359 52
359 72
359 108
359 117
359 121
359 144
359 146
359 162
359 187
359 209
359 220
359 240
359 267
359 274
359 297
359 304
359 313
359 317
359 368
359 373
359 462
359 471
359 473
359 479
360 1
360 19
360 27
360 31
360 45
360 85
360 99
360 109
360 153
360 222
360 247
360 248
360 294
360 298
360 331
360 348
360 364
360 369
360 414
360 415
360 419
360 420
360 429
360 432
360 451
360 459
360 473
360 493
361 27
361 53
361 87
361 89
361 97
361 104
361 105
361 135
361 151
361 155
361 156
361 208
361 211
361 259
361 260
361 301
361 357
361 362
361 364
361 373
361 382
361 387
361 394
361 404
361 431
361 437
361 456
361 485
361 489
361 490
362 11
362 26
362 30
362 42
362 53
362 54
362 63
362 89
362 97
362 104
362 130
362 135
362 151
362 155
362 156
362 167
362 180
362 198
362 205
362 208
362 211
362 254
362 259
362 260
362 301
362 311
362 321
362 357
362 361
362 364
362 373
362 378
362 382
362 394
362 409
362 431
362 456
362 480
362 485
362 488
362 489
362 490
362 496
362 497
363 2
363 6
363 76
363 79
363 88
363 93
363 110
363 121
363 131
363 139
363 142
363 152
363 185
363 203
363 261
363 281
363 304
363 311
363 318
363 332
363 347
363 358
363 368
363 387
363 404
363 417
363 421
363 433
363 437
363 472
363 484
364 53
364 89
364 93
364 97
364 104
364 106
364 108
364 135
364 151
364 155
364 156
364 208
364 211
364 260
364 301
364 311
364 321
364 340
364 357
364 360
364 361
364 362
364 373
364 382
364 394
364 431
364 456
364 485
364 488
364 489
364 490
364 496
364 497
365 61
365 63
365 67
365 82
365 105
365 119
365 166
365 177
365 207
365 209
365 228
365 269
365 274
365 280
365 302
365 338
365 366
365 388
365 389
365 420
365 439
365 441
365 442
365 463
365 486
365 499
366 16
366 67
366 82
366 105
366 113
366 119
366 166
366 207
366 209
366 280
366 302
366 313
366 338
366 365
366 420
366 431
366 437
366 439
366 441
366 442
366 463
366 486
366 499
367 99
367 106
367 114
367 122
367 163
367 176
367 190
367 251
367 277
367 306
367 307
367 329
367 351
367 476
367 499
368 2
368 11
368 28
368 58
368 65
368 70
368 78
368 79
368 88
368 93
368 110
368 123
368 131
368 142
368 149
368 170
368 173
368 183
368 185
368 197
368 201
368 203
368 210
368 212
368 242
368 246
368 261
368 297
368 304
368 311
368 318
368 332
368 347
368 358
368 359
368 363
368 387
368 404
368 417
368 421
368 433
368 437
368 439
368 472
369 19
369 45
369 99
369 153
369 236
369 298
369 320
369 360
369 432
369 451
370 3
370 60
370 66
370 77
370 111
370 157
370 191
370 214
370 235
370 237
370 310
370 340
370 343
370 413
370 430
370 433
370 445
370 460
370 494
371 48
371 81
371 95
371 134
371 186
371 216
371 241
371 266
371 279
371 283
371 332
371 380
371 411
371 422
371 443
371 466
372 2
372 11
372 19
372 93
372 159
372 178
372 185
372 261
372 304
372 332
372 387
372 404
372 417
372 421
372 437
372 448
373 30
373 42
373 53
373 69
373 89
373 96
373 97
373 104
373 130
373 135
373 151
373 155
373 156
373 167
373 196
373 198
373 205
373 207
373 208
373 210
373 211
373 254
373 259
373 260
373 301
373 318
373 321
373 357
373 359
373 361
373 362
373 364
373 378
373 382
373 394
373 417
373 431
373 456
373 480
373 485
373 488
373 489
373 490
373 496
373 497
373 499
374 0
374 21
374 35
374 37
374 45
374 50
374 54
374 65
374 81
374 137
374 145
374 157
374 180
374 191
374 200
374 204
374 218
374 263
374 276
374 296
374 303
374 309
374 416
374 443
374 458
374 478
375 5
375 12
375 164
375 217
375 228
375 236
375 261
375 271
375 293
375 344
375 352
375 449
375 474
375 475
375 495
376 10
376 96
376 123
376 133
376 152
376 159
376 172
376 184
376 190
376 192
376 201
376 203
376 227
376 231
376 239
376 240
376 247
376 257
376 267
376 314
376 328
376 345
376 350
376 384
376 424
376 498
377 32
377 49
377 78
377 174
377 194
377 197
377 199
377 226
377 233
377 238
377 300
377 414
377 418
377 426
377 428
378 89
378 97
378 211
378 299
378 301
378 357
378 362
378 373
378 489
379 138
379 161
379 213
379 399
379 453
379 484
380 48
380 95
380 134
380 241
380 263
380 283
380 286
380 371
380 422
381 17
381 68
381 102
381 156
381 243
381 312
381 427
381 438
381 473
382 30
382 53
382 55
382 57
382 89
382 97
382 104
382 119
382 130
382 135
382 151
382 155
382 156
382 167
382 185
382 196
382 202
382 205
382 211
382 254
382 259
382 260
382 275
382 301
382 321
382 357
382 361
382 362
382 364
382 373
382 394
382 431
382 456
382 472
382 485
382 488
382 489
382 496
382 497
383 15
383 20
383 55
383 71
383 86
383 92
383 94
383 115
383 121
383 133
383 249
383 265
383 295
383 322
383 325
383 327
383 339
383 392
383 401
383 407
383 421
383 474
383 483
384 117
384 127
384 133
384 159
384 184
384 190
384 191
384 192
384 201
384 231
384 247
384 257
384 314
384 328
384 345
384 376
384 385
384 424
385 16
385 36
385 51
385 57
385 69
385 96
385 101
385 110
385 112
385 126
385 140
385 143
385 161
385 175
385 182
385 202
385 208
385 219
385 234
385 246
385 250
385 269
385 275
385 278
385 281
385 282
385 283
385 286
385 291
385 297
385 301
385 317
385 384
385 386
385 388
385 396
385 398
385 415
385 425
385 430
385 443
386 79
386 202
386 250
386 281
386 317
386 385
386 388
386 443
387 2
387 6
387 11
387 28
387 65
387 70
387 78
387 79
387 84
387 88
387 93
387 104
387 110
387 131
387 135
387 162
387 183
387 185
387 197
387 203
387 205
387 210
387 261
387 304
387 311
387 318
387 332
387 347
387 352
387 358
387 361
387 363
387 368
387 372
387 404
387 417
387 419
387 421
387 433
387 437
387 441
387 472
387 496
388 16
388 57
388 69
388 96
388 101
388 112
388 126
388 140
388 143
388 146
388 174
388 175
388 182
388 193
388 202
388 234
388 246
388 250
388 269
388 275
388 278
388 281
388 282
388 286
388 290
388 291
388 311
388 317
388 365
388 385
388 386
388 396
388 398
388 425
388 426
388 430
388 442
388 443
388 495
389 5
389 24
389 25
389 28
389 38
389 39
389 42
389 52
389 63
389 73
389 89
389 108
389 114
389 117
389 121
389 144
389 146
389 187
389 204
389 240
389 267
389 274
389 313
389 365
389 436
389 440
389 462
389 471
389 473
389 497
390 33
390 41
390 124
390 140
390 188
390 397
390 444
391 23
391 39
391 41
391 51
391 56
391 74
391 83
391 86
391 118
391 139
391 168
391 181
391 193
391 206
391 221
391 253
391 255
391 272
391 290
391 305
391 317
391 330
391 339
391 403
391 409
391 412
392 20
392 55
392 71
392 86
392 92
392 94
392 112
392 150
392 249
392 265
392 295
392 325
392 327
392 357
392 383
392 400
392 401
392 407
392 467
392 471
392 483
392 487
393 13
393 15
393 26
393 31
393 40
393 43
393 100
393 136
393 144
393 179
393 265
393 314
393 315
393 322
393 323
393 341
393 353
393 447
393 452
394 30
394 39
394 42
394 53
394 60
394 89
394 97
394 104
394 130
394 144
394 151
394 155
394 156
394 167
394 208
394 211
394 221
394 230
394 259
394 260
394 281
394 301
394 321
394 357
394 361
394 362
394 364
394 373
394 382
394 431
394 456
394 480
394 485
394 488
394 489
394 496
395 15
395 26
395 40
395 100
395 254
395 323
395 423
396 16
396 96
396 109
396 250
396 275
396 286
396 291
396 385
396 388
396 425
396 430
396 443
397 29
397 41
397 111
397 124
397 390
397 444
398 10
398 16
398 69
398 83
398 96
398 126
398 171
398 182
398 202
398 250
398 269
398 275
398 281
398 291
398 385
398 388
398 425
398 430
398 443
399 34
399 118
399 138
399 161
399 213
399 270
399 275
399 329
399 379
399 405
399 453
399 484
400 55
400 86
400 94
400 249
400 250
400 392
401 2
401 20
401 25
401 55
401 86
401 94
401 150
401 212
401 249
401 265
401 269
401 295
401 327
401 383
401 392
401 407
402 6
402 44
402 158
402 245
402 316
402 410
402 479
403 139
403 206
403 223
403 290
403 391
403 409
404 2
404 6
404 11
404 28
404 62
404 65
404 70
404 78
404 79
404 82
404 84
404 88
404 93
404 110
404 128
404 131
404 142
404 148
404 149
404 151
404 173
404 183
404 185
404 197
404 203
404 210
404 212
404 214
404 217
404 261
404 278
404 304
404 309
404 311
404 313
404 318
404 332
404 347
404 358
404 361
404 363
404 368
404 372
404 387
404 409
404 417
404 421
404 433
404 437
404 472
405 34
405 42
405 213
405 270
405 276
405 399
405 453
405 484
406 30
406 59
406 90
406 132
406 202
406 244
406 252
406 289
406 320
406 324
406 335
406 413
406 423
406 467
407 20
407 55
407 86
407 94
407 145
407 146
407 249
407 265
407 295
407 383
407 392
407 401
408 3
408 90
408 132
408 197
408 215
408 242
408 244
408 252
408 289
408 324
408 332
408 335
408 355
408 358
408 423
408 434
408 467
409 22
409 23
409 51
409 56
409 73
409 74
409 83
409 139
409 168
409 181
409 206
409 221
409 224
409 238
409 253
409 254
409 265
409 272
409 290
409 305
409 339
409 362
409 391
409 403
409 404
409 412
409 458
410 1
410 5
410 8
410 25
410 44
410 103
410 113
410 116
410 158
410 165
410 229
410 230
410 232
410 245
410 250
410 278
410 288
410 316
410 333
410 402
410 439
410 446
410 461
410 479
410 481
411 48
411 81
411 85
411 95
411 134
411 185
411 186
411 216
411 241
411 266
411 277
411 279
411 283
411 357
411 371
411 422
411 437
411 466
412 23
412 51
412 74
412 83
412 139
412 151
412 187
412 206
412 221
412 253
412 255
412 272
412 290
412 337
412 339
412 391
412 409
413 66
413 111
413 237
413 310
413 317
413 343
413 354
413 370
413 406
413 445
413 494
414 27
414 31
414 45
414 99
414 209
414 298
414 304
414 331
414 360
414 377
414 429
414 432
414 459
415 19
415 27
415 31
415 45
415 222
415 248
415 259
415 298
415 324
415 331
415 360
415 385
415 419
415 429
415 432
415 459
416 37
416 54
416 157
416 200
416 218
416 293
416 296
416 374
416 436
417 2
417 11
417 28
417 36
417 53
417 65
417 70
417 78
417 79
417 84
417 88
417 89
417 93
417 110
417 128
417 131
417 142
417 183
417 185
417 203
417 206
417 210
417 212
417 261
417 291
417 304
417 311
417 318
417 332
417 347
417 358
417 363
417 368
417 372
417 373
417 387
417 404
417 421
417 433
417 437
417 472
417 487
417 489
418 4
418 14
418 49
418 72
418 98
418 141
418 169
418 174
418 194
418 199
418 226
418 233
418 238
418 294
418 336
418 377
418 426
418 428
418 455
418 456
418 457
418 465
419 31
419 321
419 360
419 387
419 415
419 429
419 432
419 451
420 66
420 67
420 77
420 82
420 105
420 117
420 119
420 120
420 166
420 167
420 177
420 195
420 207
420 209
420 220
420 228
420 280
420 302
420 308
420 338
420 360
420 365
420 366
420 439
420 441
420 442
420 463
420 468
420 486
420 499
421 2
421 6
421 11
421 28
421 62
421 65
421 70
421 77
421 78
421 79
421 83
421 84
421 88
421 93
421 110
421 128
421 131
421 142
421 146
421 149
421 161
421 162
421 173
421 182
421 183
421 185
421 197
421 203
421 210
421 212
421 253
421 261
421 279
421 304
421 311
421 318
421 332
421 347
421 358
421 363
421 368
421 372
421 383
421 387
421 404
421 417
421 433
421 437
421 451
421 472
422 48
422 85
422 95
422 134
422 204
422 237
422 241
422 266
422 279
422 283
422 371
422 380
422 411
422 466
423 59
423 148
423 215
423 242
423 244
423 252
423 262
423 324
423 355
423 358
423 395
423 406
423 408
423 434
423 454
423 456
423 463
423 467
424 53
424 111
424 123
424 133
424 152
424 159
424 172
424 190
424 192
424 201
424 227
424 231
424 239
424 247
424 270
424 314
424 328
424 345
424 350
424 376
424 384
424 427
424 449
424 498
425 16
425 57
425 69
425 96
425 101
425 112
425 126
425 140
425 143
425 144
425 145
425 175
425 182
425 199
425 202
425 205
425 234
425 246
425 250
425 269
425 275
425 278
425 281
425 282
425 286
425 291
425 317
425 324
425 332
425 385
425 388
425 396
425 398
425 430
425 443
425 445
425 471
426 4
426 49
426 98
426 141
426 169
426 171
426 174
426 226
426 238
426 324
426 377
426 388
426 418
426 428
426 455
427 17
427 68
427 83
427 91
427 102
427 243
427 267
427 312
427 381
427 424
427 438
427 469
428 14
428 32
428 49
428 65
428 183
428 194
428 226
428 238
428 278
428 292
428 336
428 347
428 377
428 418
428 426
428 455
428 465
428 477
429 19
429 31
429 45
429 82
429 248
429 294
429 348
429 360
429 414
429 415
429 419
429 432
430 6
430 16
430 43
430 57
430 69
430 96
430 101
430 126
430 182
430 202
430 220
430 246
430 250
430 261
430 269
430 275
430 278
430 281
430 286
430 291
430 317
430 370
430 385
430 388
430 396
430 398
430 425
430 443
430 485
431 30
431 53
431 70
431 78
431 89
431 97
431 104
431 110
431 130
431 135
431 151
431 155
431 156
431 196
431 205
431 208
431 211
431 240
431 254
431 259
431 260
431 301
431 311
431 321
431 341
431 357
431 361
431 362
431 364
431 366
431 373
431 382
431 394
431 456
431 480
431 485
431 488
431 489
431 490
431 496
432 19
432 27
432 31
432 40
432 45
432 89
432 99
432 109
432 143
432 153
432 219
432 222
432 254
432 294
432 298
432 348
432 360
432 369
432 414
432 415
432 419
432 429
432 451
432 459
432 493
433 2
433 6
433 11
433 15
433 24
433 28
433 65
433 70
433 78
433 79
433 88
433 93
433 104
433 110
433 114
433 126
433 128
433 131
433 142
433 149
433 183
433 185
433 196
433 197
433 203
433 210
433 212
433 261
433 297
433 304
433 311
433 318
433 332
433 347
433 358
433 363
433 368
433 370
433 387
433 404
433 417
433 421
433 437
433 472
433 490
434 9
434 103
434 148
434 242
434 244
434 289
434 324
434 408
434 423
434 450
434 457
434 467
435 46
435 58
435 75
435 87
435 127
435 273
435 464
435 480
436 9
436 25
436 36
436 39
436 41
436 42
436 88
436 117
436 121
436 133
436 144
436 147
436 162
436 196
436 220
436 267
436 274
436 389
436 416
436 440
436 448
436 471
436 473
437 2
437 11
437 28
437 65
437 79
437 88
437 93
437 110
437 130
437 131
437 138
437 142
437 183
437 185
437 197
437 203
437 210
437 212
437 234
437 261
437 304
437 311
437 318
437 332
437 347
437 358
437 361
437 363
437 366
437 368
437 372
437 387
437 404
437 411
437 417
437 421
437 433
437 440
437 466
437 472
437 499
438 17
438 68
438 243
438 312
438 317
438 347
438 381
438 427
438 469
439 61
439 67
439 82
439 105
439 119
439 120
439 121
439 155
439 166
439 177
439 192
439 195
439 207
439 209
439 223
439 228
439 280
439 302
439 338
439 365
439 366
439 368
439 410
439 420
439 441
439 442
439 463
439 486
439 490
439 499
440 5
440 9
440 24
440 25
440 36
440 38
440 39
440 42
440 52
440 57
440 63
440 73
440 108
440 117
440 121
440 144
440 146
440 147
440 162
440 187
440 196
440 207
440 220
440 240
440 267
440 274
440 281
440 297
440 313
440 338
440 349
440 389
440 436
440 437
440 448
440 462
440 471
440 473
440 485
440 486
440 489
441 25
441 67
441 82
441 105
441 119
441 155
441 166
441 209
441 260
441 280
441 365
441 366
441 387
441 420
441 439
441 442
441 486
441 499
442 36
442 61
442 67
442 82
442 105
442 119
442 120
442 166
442 177
442 197
442 207
442 209
442 226
442 228
442 280
442 299
442 302
442 338
442 365
442 366
442 388
442 420
442 439
442 441
442 463
442 472
442 486
442 499
443 16
443 36
443 57
443 69
443 96
443 101
443 126
443 140
443 143
443 175
443 182
443 193
443 202
443 219
443 234
443 246
443 250
443 265
443 269
443 274
443 275
443 278
443 281
443 282
443 286
443 291
443 317
443 371
443 374
443 385
443 386
443 388
443 396
443 398
443 425
443 430
443 456
443 496
443 497
444 18
444 29
444 33
444 41
444 128
444 129
444 188
444 274
444 356
444 390
444 397
445 60
445 66
445 77
445 93
445 111
445 235
445 237
445 245
445 250
445 268
445 284
445 287
445 310
445 318
445 343
445 354
445 370
445 413
445 425
445 460
445 492
445 494
446 135
446 158
446 165
446 245
446 316
446 410
447 15
447 26
447 43
447 100
447 136
447 171
447 212
447 319
447 322
447 393
447 448
448 5
448 9
448 24
448 25
448 38
448 39
448 42
448 52
448 63
448 73
448 104
448 117
448 121
448 144
448 145
448 146
448 147
448 162
448 183
448 196
448 208
448 220
448 267
448 274
448 281
448 290
448 313
448 349
448 372
448 436
448 440
448 447
448 462
448 471
448 472
448 473
449 5
449 80
449 217
449 236
449 271
449 293
449 352
449 375
449 424
449 474
449 475
449 495
450 59
450 90
450 242
450 244
450 324
450 335
450 342
450 434
450 467
451 19
451 27
451 31
451 45
451 99
451 109
451 185
451 298
451 331
451 348
451 360
451 369
451 419
451 421
451 432
451 459
451 467
451 493
452 0
452 11
452 13
452 15
452 26
452 38
452 40
452 43
452 47
452 60
452 100
452 136
452 171
452 178
452 179
452 210
452 225
452 315
452 319
452 322
452 323
452 341
452 353
452 393
453 34
453 47
453 118
453 138
453 161
453 164
453 213
453 270
453 334
453 379
453 399
453 405
453 463
453 484
454 90
454 148
454 257
454 324
454 423
454 467
455 49
455 119
455 194
455 226
455 295
455 418
455 426
455 428
456 30
456 43
456 53
456 63
456 89
456 97
456 104
456 130
456 135
456 151
456 155
456 156
456 167
456 205
456 208
456 211
456 254
456 259
456 260
456 267
456 290
456 301
456 321
456 348
456 351
456 357
456 361
456 362
456 364
456 373
456 382
456 394
456 418
456 423
456 431
456 443
456 469
456 480
456 485
456 488
456 489
456 490
456 496
456 497
457 59
457 68
457 90
457 131
457 148
457 215
457 242
457 244
457 252
457 289
457 320
457 324
457 335
457 418
457 434
457 467
458 10
458 21
458 35
458 37
458 50
458 54
458 101
458 137
458 157
458 180
458 189
458 191
458 200
458 203
458 204
458 218
458 263
458 276
458 278
458 296
458 303
458 309
458 374
458 409
458 491
459 19
459 27
459 31
459 45
459 153
459 280
459 298
459 347
459 360
459 414
459 415
459 432
459 451
459 471
460 60
460 66
460 77
460 176
460 190
460 214
460 237
460 287
460 310
460 340
460 370
460 445
460 489
460 494
461 8
461 52
461 103
461 116
461 158
461 165
461 229
461 245
461 288
461 293
461 316
461 333
461 410
461 479
462 1
462 5
462 9
462 24
462 25
462 36
462 38
462 39
462 42
462 52
462 63
462 67
462 72
462 73
462 79
462 108
462 117
462 121
462 144
462 145
462 146
462 147
462 162
462 187
462 196
462 200
462 220
462 240
462 249
462 261
462 264
462 267
462 274
462 275
462 279
462 289
462 297
462 313
462 337
462 349
462 359
462 389
462 440
462 448
462 471
462 473
463 50
463 53
463 67
463 82
463 105
463 119
463 120
463 166
463 207
463 209
463 228
463 280
463 302
463 365
463 366
463 420
463 423
463 439
463 442
463 453
463 486
463 499
464 7
464 46
464 75
464 87
464 197
464 273
464 435
465 98
465 194
465 226
465 352
465 418
465 428
466 95
466 241
466 371
466 411
466 422
466 437
467 59
467 63
467 90
467 125
467 132
467 145
467 148
467 215
467 220
467 242
467 244
467 252
467 260
467 262
467 289
467 320
467 324
467 335
467 355
467 392
467 406
467 408
467 423
467 434
467 450
467 451
467 454
467 457
468 10
468 160
468 170
468 256
468 258
468 420
468 491
469 17
469 54
469 68
469 91
469 102
469 243
469 427
469 438
469 456
470 80
470 97
470 217
470 268
470 271
470 293
470 352
470 474
470 475
470 495
471 5
471 9
471 24
471 25
471 36
471 38
471 39
471 42
471 52
471 63
471 72
471 73
471 89
471 108
471 117
471 121
471 144
471 145
471 146
471 147
471 162
471 185
471 187
471 196
471 206
471 214
471 220
471 240
471 258
471 267
471 274
471 302
471 313
471 337
471 349
471 359
471 389
471 392
471 425
471 436
471 440
471 448
471 459
471 462
471 473
472 2
472 11
472 16
472 28
472 39
472 65
472 70
472 78
472 79
472 88
472 93
472 110
472 128
472 131
472 165
472 183
472 185
472 203
472 205
472 210
472 261
472 304
472 311
472 318
472 331
472 332
472 347
472 358
472 363
472 368
472 382
472 387
472 404
472 417
472 421
472 433
472 437
472 442
472 448
473 5
473 9
473 24
473 25
473 36
473 38
473 39
473 42
473 52
473 63
473 72
473 73
473 101
473 108
473 117
473 121
473 135
473 144
473 145
473 146
473 147
473 162
473 187
473 196
473 202
473 211
473 220
473 240
473 261
473 267
473 274
473 291
473 297
473 313
473 338
473 349
473 359
473 360
473 381
473 389
473 436
473 440
473 448
473 462
473 471
474 11
474 164
474 217
474 236
474 271
474 293
474 304
474 375
474 383
474 449
474 470
474 475
474 495
475 9
475 39
475 80
475 236
475 271
475 352
475 375
475 449
475 470
475 474
475 495
476 106
476 114
476 122
476 156
476 163
476 277
476 306
476 307
476 329
476 351
476 367
476 489
477 49
477 70
477 207
477 226
477 238
477 428
478 54
478 157
478 263
478 296
478 309
478 374
479 1
479 8
479 44
479 82
479 94
479 113
479 116
479 158
479 165
479 180
479 229
479 230
479 245
479 288
479 316
479 333
479 359
479 402
479 410
479 461
479 481
480 89
480 97
480 104
480 151
480 167
480 211
480 218
480 241
480 259
480 301
480 357
480 362
480 373
480 394
480 431
480 435
480 456
480 481
480 485
480 489
480 496
481 1
481 17
481 89
481 113
481 158
481 165
481 245
481 288
481 316
481 410
481 479
481 480
482 5
482 10
482 170
482 258
482 285
482 342
483 20
483 55
483 86
483 249
483 295
483 383
483 392
484 34
484 76
484 138
484 154
484 161
484 182
484 213
484 270
484 334
484 363
484 379
484 399
484 405
484 453
485 30
485 53
485 67
485 89
485 97
485 101
485 104
485 130
485 135
485 151
485 153
485 155
485 156
485 167
485 187
485 198
485 205
485 208
485 211
485 254
485 259
485 260
485 301
485 302
485 316
485 321
485 357
485 361
485 362
485 364
485 373
485 382
485 394
485 430
485 431
485 440
485 456
485 480
485 486
485 488
485 489
485 490
485 496
485 497
486 37
486 58
486 61
486 67
486 82
486 105
486 116
486 119
486 120
486 139
486 166
486 195
486 207
486 209
486 223
486 228
486 280
486 299
486 302
486 308
486 338
486 365
486 366
486 420
486 439
486 440
486 441
486 442
486 463
486 485
486 499
487 20
487 55
487 86
487 94
487 249
487 265
487 295
487 392
487 417
488 20
488 51
488 72
488 89
488 97
488 104
488 130
488 135
488 151
488 155
488 156
488 209
488 210
488 211
488 259
488 264
488 301
488 357
488 362
488 364
488 373
488 382
488 394
488 431
488 456
488 485
488 489
489 30
489 39
489 53
489 89
489 97
489 104
489 121
489 130
489 135
489 147
489 151
489 155
489 156
489 167
489 205
489 208
489 211
489 220
489 254
489 259
489 260
489 280
489 301
489 318
489 321
489 357
489 361
489 362
489 364
489 373
489 378
489 382
489 394
489 417
489 431
489 440
489 456
489 460
489 476
489 480
489 485
489 488
489 490
489 496
489 497
490 53
490 77
490 89
490 97
490 104
490 135
490 151
490 155
490 167
490 211
490 259
490 260
490 265
490 275
490 301
490 321
490 357
490 361
490 362
490 364
490 373
490 431
490 433
490 439
490 456
490 485
490 489
490 496
490 497
491 10
491 170
491 225
491 256
491 258
491 285
491 301
491 458
491 468
492 66
492 194
492 310
492 346
492 354
492 445
493 99
493 153
493 271
493 298
493 331
493 360
493 432
493 451
494 3
494 27
494 28
494 37
494 60
494 66
494 77
494 111
494 131
494 235
494 237
494 268
494 284
494 310
494 343
494 354
494 370
494 413
494 445
494 460
495 64
495 236
495 249
495 293
495 304
495 344
495 352
495 375
495 388
495 449
495 470
495 474
495 475
496 30
496 53
496 67
496 79
496 89
496 97
496 104
496 130
496 135
496 151
496 155
496 156
496 167
496 208
496 209
496 211
496 254
496 259
496 260
496 301
496 311
496 313
496 321
496 357
496 362
496 364
496 373
496 382
496 387
496 394
496 431
496 443
496 456
496 480
496 485
496 489
496 490
497 25
497 53
497 79
497 89
497 97
497 101
497 104
497 130
497 131
497 135
497 151
497 155
497 208
497 211
497 254
497 259
497 260
497 301
497 357
497 362
497 364
497 373
497 382
497 389
497 443
497 456
497 485
497 489
497 490
498 158
498 190
498 192
498 231
498 376
498 424
499 38
499 61
499 67
499 82
499 105
499 119
499 120
499 195
499 207
499 209
499 228
499 280
499 299
499 308
499 338
499 349
499 365
499 366
499 367
499 373
499 420
499 437
499 439
499 441
499 442
499 463
499 486
