500 10232
0 23
0 26
0 37
0 41
0 67
0 72
0 99
0 124
0 126
0 135
0 138
0 154
0 161
0 190
0 191
0 206
0 212
0 219
0 262
0 276
0 304
0 365
0 404
0 410
0 416
0 442
0 449
0 484
1 83
1 110
1 126
1 171
1 325
1 364
1 391
1 456
1 482
2 6
2 24
2 32
2 46
2 53
2 54
2 84
2 143
2 165
2 174
2 175
2 190
2 208
2 212
2 257
2 272
2 276
2 281
2 309
2 313
2 317
2 340
2 348
2 399
2 418
2 481
3 9
3 12
3 20
3 102
3 115
3 134
3 135
3 137
3 149
3 162
3 174
3 183
3 203
3 212
3 232
3 246
3 250
3 264
3 281
3 283
3 292
3 331
3 338
3 348
3 364
3 369
3 372
3 385
3 487
3 490
4 69
4 118
4 219
4 258
4 292
4 345
4 499
5 11
5 24
5 31
5 32
5 34
5 71
5 91
5 103
5 134
5 140
5 160
5 162
5 165
5 200
5 206
5 217
5 249
5 266
5 274
5 280
5 293
5 304
5 320
5 331
5 340
5 348
5 363
5 368
5 413
5 431
5 440
5 449
5 463
5 471
5 482
5 483
6 2
6 11
6 31
6 42
6 72
6 82
6 155
6 158
6 161
6 228
6 247
6 250
6 253
6 265
6 286
6 294
6 383
6 397
6 398
6 403
6 410
6 427
6 434
6 440
6 457
6 469
6 475
6 497
7 152
7 169
7 248
7 256
7 344
7 373
7 388
8 184
8 185
8 214
8 264
8 280
8 303
8 313
8 325
8 336
8 348
8 359
8 410
8 465
9 3
9 14
9 37
9 42
9 74
9 114
9 127
9 137
9 158
9 162
9 174
9 183
9 193
9 196
9 242
9 281
9 283
9 333
9 338
9 369
9 390
9 397
9 411
9 426
9 477
10 81
10 110
10 118
10 141
10 260
10 433
10 442
10 477
11 5
11 6
11 50
11 54
11 63
11 174
11 181
11 239
11 249
11 282
11 325
11 332
11 340
11 355
11 373
11 379
11 385
11 437
11 452
11 470
12 3
12 71
12 83
12 93
12 110
12 141
12 143
12 152
12 160
12 196
12 214
12 305
12 309
12 313
12 315
12 333
12 336
12 342
12 368
12 407
12 410
12 452
12 461
12 470
12 482
13 60
13 68
13 111
13 156
13 243
13 274
13 277
13 355
13 412
13 466
14 9
14 26
14 33
14 57
14 61
14 109
14 118
14 126
14 161
14 206
14 230
14 235
14 263
14 320
14 420
14 426
14 435
14 440
14 465
15 33
15 48
15 60
15 68
15 83
15 147
15 159
15 203
15 209
15 225
15 236
15 253
15 268
15 273
15 274
15 324
15 346
15 424
15 429
15 442
15 449
15 482
16 21
16 24
16 86
16 146
16 203
16 223
16 246
16 268
17 35
17 38
17 52
17 67
17 76
17 90
17 132
17 165
17 203
17 209
17 240
17 250
17 273
17 277
17 289
17 337
17 363
17 383
17 394
17 426
17 434
17 441
17 445
17 455
17 470
17 477
17 498
18 37
18 57
18 64
18 130
18 135
18 136
18 143
18 188
18 219
18 250
18 304
18 317
18 321
18 345
18 352
18 353
18 407
18 423
18 424
18 431
18 466
18 483
19 24
19 25
19 69
19 122
19 187
19 230
19 242
19 264
19 301
19 307
19 313
19 407
19 420
19 433
19 434
19 484
20 3
20 38
20 43
20 59
20 61
20 67
20 120
20 124
20 136
20 155
20 158
20 175
20 207
20 219
20 233
20 235
20 250
20 255
20 296
20 318
20 329
20 330
20 346
20 357
20 363
20 392
20 406
20 407
20 409
20 416
20 440
20 477
20 484
21 16
21 34
21 67
21 162
21 164
21 190
21 214
21 223
21 274
21 301
21 342
22 150
22 174
22 237
22 290
22 338
22 358
22 369
22 475
23 0
23 44
23 57
23 71
23 74
23 78
23 80
23 111
23 175
23 191
23 200
23 201
23 206
23 207
23 216
23 236
23 246
23 253
23 263
23 268
23 296
23 308
23 331
23 349
23 351
23 403
24 2
24 5
24 16
24 19
24 44
24 67
24 100
24 110
24 115
24 118
24 135
24 140
24 141
24 160
24 168
24 175
24 178
24 206
24 246
24 258
24 268
24 282
24 294
24 321
24 333
24 348
24 355
24 390
24 415
24 419
24 432
24 434
24 469
24 473
24 486
24 490
25 19
25 28
25 39
25 71
25 95
25 100
25 114
25 126
25 145
25 153
25 196
25 200
25 242
25 264
25 299
25 315
25 324
25 338
25 367
25 379
25 398
25 402
25 403
25 404
25 408
25 440
25 460
25 473
25 474
25 477
25 482
26 0
26 14
26 45
26 54
26 83
26 105
26 113
26 118
26 127
26 181
26 190
26 192
26 198
26 200
26 207
26 227
26 272
26 273
26 279
26 299
26 301
26 313
26 335
26 340
26 379
26 383
26 408
26 431
26 432
26 435
26 451
26 457
27 32
27 189
27 246
27 313
27 369
27 378
28 25
28 53
28 69
28 74
28 80
28 82
28 85
28 102
28 156
28 158
28 159
28 165
28 182
28 192
28 196
28 216
28 250
28 276
28 279
28 290
28 295
28 300
28 301
28 328
28 337
28 345
28 347
28 348
28 360
28 365
28 371
28 412
28 434
28 440
28 450
28 460
28 461
28 470
28 479
29 34
29 46
29 50
29 95
29 106
29 194
29 294
29 338
29 438
29 489
30 174
30 184
30 264
30 312
30 337
30 338
30 369
30 373
30 448
30 476
31 5
31 6
31 32
31 37
31 39
31 67
31 129
31 132
31 152
31 172
31 219
31 226
31 233
31 252
31 308
31 335
31 371
31 420
31 462
31 485
32 2
32 5
32 27
32 31
32 39
32 50
32 65
32 69
32 80
32 112
32 129
32 131
32 132
32 153
32 242
32 278
32 279
32 287
32 308
32 363
32 370
32 412
32 421
32 440
32 442
32 462
33 14
33 15
33 136
33 173
33 268
33 294
33 307
33 320
33 332
33 355
33 383
33 419
33 469
33 470
33 486
33 499
34 5
34 21
34 29
34 40
34 53
34 84
34 125
34 143
34 144
34 165
34 169
34 185
34 195
34 209
34 211
34 219
34 230
34 241
34 242
34 244
34 272
34 286
34 290
34 294
34 299
34 313
34 315
34 317
34 327
34 350
34 373
34 379
34 393
34 398
34 419
34 436
34 461
34 490
34 499
35 17
35 40
35 43
35 54
35 59
35 79
35 86
35 87
35 112
35 136
35 157
35 166
35 170
35 175
35 200
35 206
35 218
35 223
35 230
35 251
35 256
35 264
35 274
35 279
35 280
35 282
35 299
35 341
35 363
35 364
35 366
35 369
35 375
35 383
35 398
35 412
35 428
35 444
35 448
35 455
35 466
35 470
35 472
35 477
35 479
35 484
35 495
36 97
36 166
36 202
36 207
36 249
36 293
36 317
36 330
36 331
36 363
36 435
37 0
37 9
37 18
37 31
37 38
37 50
37 72
37 114
37 121
37 125
37 131
37 142
37 143
37 152
37 200
37 217
37 234
37 276
37 278
37 321
37 322
37 331
37 363
37 385
37 407
37 433
37 434
37 467
38 17
38 20
38 37
38 46
38 49
38 101
38 115
38 140
38 154
38 204
38 209
38 223
38 268
38 273
38 277
38 289
38 308
38 317
38 352
38 353
38 383
38 387
38 416
38 421
38 423
38 424
38 426
38 429
38 433
38 445
38 449
38 451
38 457
38 479
38 499
39 25
39 31
39 32
39 64
39 115
39 127
39 129
39 132
39 141
39 153
39 171
39 172
39 206
39 234
39 242
39 268
39 280
39 302
39 304
39 308
39 338
39 403
39 413
39 440
39 444
39 462
39 466
39 483
40 34
40 35
40 43
40 54
40 71
40 92
40 170
40 215
40 223
40 274
40 280
40 286
40 299
40 304
40 308
40 319
40 403
40 431
40 452
40 470
41 0
41 56
41 59
41 67
41 110
41 126
41 139
41 149
41 156
41 207
41 214
41 219
41 230
41 249
41 280
41 294
41 301
41 306
41 322
41 328
41 329
41 342
41 401
41 403
41 404
41 424
41 434
41 442
41 457
41 479
41 495
42 6
42 9
42 96
42 125
42 144
42 150
42 152
42 159
42 165
42 191
42 256
42 281
42 294
42 367
42 424
42 429
42 486
43 20
43 35
43 40
43 57
43 86
43 101
43 106
43 110
43 128
43 136
43 146
43 160
43 161
43 200
43 300
43 338
43 382
43 388
43 389
43 404
43 428
43 446
43 479
44 23
44 24
44 54
44 86
44 149
44 165
44 246
44 274
44 314
44 352
44 469
44 482
45 26
45 77
45 89
45 164
45 299
45 400
45 412
45 436
45 454
46 2
46 29
46 38
46 54
46 62
46 100
46 104
46 106
46 115
46 130
46 146
46 160
46 161
46 165
46 179
46 191
46 203
46 212
46 246
46 253
46 256
46 264
46 265
46 272
46 281
46 293
46 315
46 340
46 345
46 351
46 358
46 364
46 397
46 399
46 410
46 427
46 440
46 447
46 454
46 457
46 460
46 472
46 482
46 490
47 68
47 72
47 74
47 110
47 114
47 277
47 280
47 291
47 308
47 434
47 497
48 15
48 112
48 119
48 144
48 249
48 286
48 315
48 449
48 495
49 38
49 126
49 153
49 281
49 308
49 476
49 494
50 11
50 29
50 32
50 37
50 52
50 53
50 74
50 101
50 102
50 110
50 112
50 114
50 125
50 136
50 141
50 160
50 184
50 185
50 194
50 203
50 204
50 206
50 242
50 249
50 274
50 294
50 295
50 304
50 305
50 322
50 329
50 331
50 355
50 417
50 428
50 477
50 486
50 498
51 125
51 135
51 159
51 341
51 418
51 463
52 17
52 50
52 112
52 116
52 188
52 191
52 295
52 345
52 435
53 2
53 28
53 34
53 50
53 56
53 62
53 74
53 83
53 86
53 87
53 100
53 104
53 106
53 111
53 120
53 165
53 203
53 204
53 207
53 214
53 224
53 234
53 253
53 265
53 272
53 281
53 294
53 297
53 307
53 326
53 333
53 340
53 345
53 358
53 396
53 403
53 412
53 416
53 430
53 440
53 452
54 2
54 11
54 26
54 35
54 40
54 44
54 46
54 69
54 79
54 82
54 83
54 90
54 106
54 112
54 146
54 170
54 219
54 249
54 251
54 261
54 280
54 294
54 315
54 317
54 347
54 428
54 446
54 452
54 457
54 470
54 495
55 83
55 196
55 376
55 386
55 410
55 427
55 482
55 496
56 41
56 53
56 64
56 86
56 122
56 126
56 146
56 150
56 165
56 175
56 189
56 197
56 203
56 209
56 210
56 246
56 293
56 336
56 347
56 369
56 388
56 389
56 404
56 406
56 424
56 442
56 446
56 457
56 459
56 463
56 469
57 14
57 18
57 23
57 43
57 72
57 81
57 82
57 156
57 177
57 184
57 185
57 195
57 198
57 207
57 219
57 234
57 249
57 270
57 272
57 291
57 332
57 337
57 342
57 352
57 365
57 373
57 390
57 412
57 424
57 432
57 434
57 452
57 457
57 484
58 63
58 138
58 174
58 338
58 369
58 487
59 20
59 35
59 41
59 85
59 96
59 117
59 135
59 137
59 149
59 151
59 160
59 279
59 385
59 390
59 428
59 435
59 444
59 452
60 13
60 15
60 76
60 90
60 144
60 166
60 184
60 190
60 215
60 240
60 241
60 266
60 271
60 298
60 316
60 325
60 329
60 336
60 341
60 350
60 400
60 406
60 410
60 414
60 416
60 435
60 449
60 456
60 458
60 459
60 490
61 14
61 20
61 66
61 67
61 94
61 196
61 216
61 219
61 236
61 277
61 325
61 332
61 355
61 397
61 410
61 413
61 427
61 455
61 461
62 46
62 53
62 67
62 95
62 101
62 130
62 152
62 165
62 182
62 191
62 212
62 223
62 236
62 237
62 262
62 281
62 305
62 324
62 330
62 340
62 391
62 406
62 431
62 441
63 11
63 58
63 101
63 110
63 132
63 164
63 175
63 196
63 264
63 265
63 266
63 275
63 311
63 313
63 331
63 355
63 370
63 410
63 418
63 458
63 472
64 18
64 39
64 56
64 78
64 80
64 112
64 141
64 152
64 187
64 209
64 215
64 219
64 238
64 243
64 249
64 252
64 268
64 281
64 285
64 317
64 321
64 340
64 342
64 345
64 397
64 401
64 424
64 455
64 469
64 490
65 32
65 110
65 126
65 270
65 281
65 301
65 412
65 420
65 441
66 61
66 77
66 92
66 96
66 109
66 115
66 118
66 125
66 127
66 175
66 191
66 194
66 207
66 214
66 223
66 236
66 250
66 311
66 322
66 353
66 355
66 373
66 412
66 431
66 465
66 466
66 470
66 474
66 483
67 0
67 17
67 20
67 21
67 24
67 31
67 41
67 61
67 62
67 69
67 85
67 96
67 133
67 136
67 140
67 154
67 156
67 170
67 175
67 188
67 195
67 207
67 208
67 214
67 223
67 228
67 242
67 248
67 259
67 264
67 267
67 277
67 279
67 301
67 303
67 340
67 342
67 351
67 356
67 395
67 404
67 415
67 461
67 498
68 13
68 15
68 47
68 126
68 225
68 294
68 310
68 442
68 465
68 472
68 482
69 4
69 19
69 28
69 32
69 54
69 67
69 71
69 139
69 184
69 185
69 203
69 209
69 221
69 236
69 239
69 264
69 274
69 307
69 338
69 342
69 347
69 366
69 383
69 410
69 472
69 497
70 198
70 203
70 235
70 250
70 338
70 351
71 5
71 12
71 23
71 25
71 40
71 69
71 96
71 125
71 126
71 140
71 149
71 161
71 172
71 182
71 189
71 191
71 196
71 223
71 230
71 264
71 265
71 274
71 279
71 280
71 308
71 318
71 328
71 329
71 331
71 340
71 347
71 359
71 419
71 454
71 457
71 467
72 0
72 6
72 37
72 47
72 57
72 74
72 78
72 80
72 101
72 102
72 110
72 113
72 129
72 140
72 147
72 152
72 169
72 189
72 192
72 211
72 223
72 225
72 231
72 235
72 251
72 260
72 268
72 301
72 313
72 340
72 343
72 345
72 355
72 371
72 390
72 403
72 413
72 419
72 454
72 461
73 77
73 78
73 85
73 90
73 102
73 179
73 207
73 219
73 224
73 301
73 345
73 348
73 422
73 426
73 433
73 446
73 469
73 484
73 498
74 9
74 23
74 28
74 47
74 50
74 53
74 72
74 79
74 101
74 109
74 110
74 135
74 138
74 152
74 158
74 170
74 200
74 201
74 212
74 219
74 223
74 240
74 247
74 266
74 270
74 273
74 274
74 293
74 304
74 340
74 355
74 369
74 371
74 397
74 399
74 409
74 412
74 416
74 427
74 433
74 445
74 459
74 461
74 494
75 102
75 146
75 206
75 276
75 346
75 351
75 408
75 410
75 449
75 457
75 470
76 17
76 60
76 141
76 158
76 213
76 281
76 340
77 45
77 66
77 73
77 103
77 106
77 121
77 230
77 419
77 435
77 452
77 495
78 23
78 64
78 72
78 73
78 123
78 196
78 219
78 226
78 236
78 247
78 263
78 265
78 270
78 276
78 320
78 345
78 351
78 397
78 419
78 424
78 470
78 489
78 498
79 35
79 54
79 74
79 123
79 133
79 166
79 170
79 173
79 203
79 267
79 276
79 280
79 299
79 311
79 327
79 331
79 338
79 377
79 385
79 426
79 428
79 444
79 458
79 467
79 470
80 23
80 28
80 32
80 64
80 72
80 148
80 214
80 219
80 273
80 324
80 434
80 479
81 10
81 57
81 143
81 181
81 272
81 292
81 337
81 363
81 407
82 6
82 28
82 54
82 57
82 88
82 97
82 135
82 150
82 155
82 175
82 180
82 200
82 209
82 236
82 268
82 293
82 299
82 314
82 318
82 320
82 422
82 440
82 461
82 466
83 1
83 12
83 15
83 26
83 53
83 54
83 55
83 93
83 101
83 110
83 123
83 131
83 143
83 194
83 196
83 209
83 219
83 221
83 240
83 260
83 267
83 270
83 304
83 305
83 313
83 315
83 332
83 383
83 399
83 424
83 453
83 468
83 477
83 482
83 483
83 491
84 2
84 34
84 97
84 143
84 147
84 169
84 180
84 181
84 188
84 199
84 209
84 231
84 242
84 249
84 282
84 289
84 302
84 304
84 311
84 317
84 343
84 408
84 459
84 483
84 490
85 28
85 59
85 67
85 73
85 181
85 191
85 197
85 215
85 294
85 348
85 486
86 16
86 35
86 43
86 44
86 53
86 56
86 106
86 109
86 121
86 126
86 157
86 179
86 181
86 190
86 191
86 197
86 211
86 216
86 269
86 296
86 307
86 324
86 330
86 347
86 391
86 404
86 441
86 477
86 484
86 486
86 495
87 35
87 53
87 117
87 130
87 175
87 480
88 82
88 100
88 280
88 329
88 360
88 448
88 467
88 479
89 45
89 191
89 217
89 275
89 320
89 400
89 483
90 17
90 54
90 60
90 73
90 117
90 124
90 234
90 254
90 325
90 410
90 465
90 474
91 5
91 102
91 132
91 169
91 207
91 264
91 282
91 313
91 355
91 361
91 407
91 414
91 462
91 472
91 483
92 40
92 66
92 103
92 195
92 236
92 265
92 277
92 328
92 330
92 375
92 391
92 403
92 412
92 428
92 431
92 436
92 466
92 469
92 476
92 483
93 12
93 83
93 103
93 110
93 183
93 196
93 198
93 241
93 249
93 253
93 296
93 303
93 315
93 339
93 353
93 355
93 377
93 383
93 385
93 482
94 61
94 158
94 278
94 315
94 388
94 401
94 427
95 25
95 29
95 62
95 106
95 115
95 141
95 184
95 196
95 204
95 234
95 279
95 282
95 338
95 340
95 364
95 392
95 435
96 42
96 59
96 66
96 67
96 71
96 141
96 154
96 156
96 342
96 345
96 415
97 36
97 82
97 84
97 101
97 104
97 127
97 128
97 130
97 152
97 155
97 158
97 164
97 200
97 212
97 214
97 223
97 230
97 245
97 253
97 277
97 280
97 284
97 299
97 321
97 339
97 340
97 343
97 381
97 384
97 424
97 427
97 440
97 446
97 470
97 477
97 482
98 184
98 228
98 325
98 335
98 347
98 372
98 376
98 394
98 410
99 0
99 110
99 203
99 253
99 267
99 329
99 373
99 412
99 483
99 497
100 24
100 25
100 46
100 53
100 88
100 110
100 160
100 181
100 212
100 384
100 398
100 460
101 38
101 43
101 50
101 62
101 63
101 72
101 74
101 83
101 97
101 120
101 122
101 138
101 141
101 149
101 158
101 160
101 161
101 173
101 203
101 206
101 216
101 225
101 240
101 318
101 332
101 333
101 371
101 384
101 392
101 397
101 407
101 427
101 457
101 460
101 482
102 3
102 28
102 50
102 72
102 73
102 75
102 91
102 110
102 119
102 126
102 127
102 140
102 146
102 153
102 172
102 205
102 207
102 220
102 230
102 252
102 262
102 272
102 274
102 282
102 329
102 344
102 350
102 353
102 402
102 406
102 410
102 419
102 420
102 440
102 444
102 452
102 460
102 467
102 468
102 477
103 5
103 77
103 92
103 93
103 280
103 404
103 412
103 437
104 46
104 53
104 97
104 115
104 190
104 216
104 235
104 273
104 292
104 375
104 387
104 404
104 408
104 420
104 450
104 451
104 492
105 26
105 143
105 169
105 242
105 315
105 335
105 361
105 391
105 441
105 446
106 29
106 43
106 46
106 53
106 54
106 77
106 86
106 95
106 109
106 125
106 158
106 165
106 174
106 178
106 192
106 196
106 204
106 212
106 227
106 234
106 236
106 249
106 260
106 263
106 265
106 277
106 281
106 295
106 299
106 331
106 340
106 357
106 361
106 396
106 412
106 419
106 420
106 434
106 465
106 470
106 483
107 149
107 231
107 289
107 318
107 327
107 412
107 444
108 150
108 277
108 325
108 407
108 461
108 467
109 14
109 66
109 74
109 86
109 106
109 135
109 160
109 166
109 170
109 221
109 235
109 249
109 263
109 270
109 277
109 288
109 290
109 295
109 299
109 313
109 373
109 385
109 412
109 433
109 446
109 455
109 483
109 484
109 487
109 497
109 498
110 1
110 10
110 12
110 24
110 41
110 43
110 47
110 50
110 63
110 65
110 72
110 74
110 83
110 93
110 99
110 100
110 102
110 131
110 141
110 150
110 160
110 196
110 214
110 223
110 231
110 234
110 238
110 253
110 267
110 268
110 272
110 301
110 309
110 315
110 336
110 347
110 355
110 403
110 456
110 482
110 491
110 495
110 497
111 13
111 23
111 53
111 146
111 164
111 175
111 206
111 264
111 276
111 290
111 296
111 329
111 352
111 427
111 431
111 453
111 477
111 497
112 32
112 35
112 48
112 50
112 52
112 54
112 64
112 143
112 165
112 190
112 221
112 253
112 280
112 299
112 303
112 391
112 470
113 26
113 72
113 135
113 140
113 158
113 181
113 200
113 229
113 253
113 385
113 477
114 9
114 25
114 37
114 47
114 50
114 134
114 141
114 156
114 162
114 178
114 242
114 249
114 268
114 270
114 294
114 308
114 325
114 338
114 339
114 364
114 410
114 414
114 434
114 469
114 495
115 3
115 24
115 38
115 39
115 46
115 66
115 95
115 104
115 128
115 173
115 178
115 209
115 241
115 242
115 246
115 268
115 294
115 298
115 317
115 322
115 412
115 466
115 486
116 52
116 149
116 214
116 368
116 385
116 399
116 433
116 450
117 59
117 87
117 90
117 126
117 175
117 211
117 235
117 245
117 266
117 298
117 350
117 352
117 374
117 376
117 391
117 419
117 448
117 461
118 4
118 10
118 14
118 24
118 26
118 66
118 125
118 136
118 150
118 163
118 165
118 167
118 174
118 177
118 181
118 203
118 206
118 207
118 215
118 221
118 272
118 340
118 364
118 383
118 387
118 397
118 440
118 445
118 451
118 454
119 48
119 102
119 144
119 164
119 266
119 279
119 324
119 370
119 386
119 449
120 20
120 53
120 101
120 199
120 254
120 326
120 346
120 486
121 37
121 77
121 86
121 149
121 160
121 246
121 256
121 263
121 271
121 291
121 293
121 304
121 320
121 340
121 344
121 348
121 352
121 355
121 359
121 383
121 404
121 433
121 452
121 473
121 477
122 19
122 56
122 101
122 135
122 206
122 270
122 313
122 496
123 78
123 79
123 83
123 136
123 149
123 307
123 351
124 0
124 20
124 90
124 174
124 179
124 185
124 216
124 233
124 262
124 267
124 309
124 350
124 352
124 360
124 440
124 472
124 476
125 34
125 37
125 42
125 50
125 51
125 66
125 71
125 106
125 118
125 133
125 140
125 154
125 161
125 165
125 168
125 170
125 184
125 187
125 198
125 221
125 227
125 246
125 247
125 248
125 263
125 264
125 265
125 268
125 274
125 281
125 294
125 301
125 320
125 321
125 329
125 384
125 389
125 414
125 424
125 432
125 440
125 442
125 457
126 0
126 1
126 14
126 25
126 41
126 49
126 56
126 65
126 68
126 71
126 86
126 102
126 117
126 130
126 133
126 149
126 152
126 158
126 169
126 172
126 178
126 182
126 184
126 192
126 197
126 206
126 209
126 217
126 223
126 226
126 236
126 248
126 257
126 264
126 265
126 275
126 277
126 333
126 337
126 338
126 360
126 368
126 384
126 408
126 440
126 460
126 477
126 495
127 9
127 26
127 39
127 66
127 97
127 102
127 135
127 161
127 196
127 251
127 277
127 302
127 326
127 368
127 417
128 43
128 97
128 115
128 164
128 166
128 169
128 206
128 217
128 220
128 252
128 264
128 313
128 355
128 398
128 461
128 472
128 485
129 31
129 32
129 39
129 72
129 138
129 347
129 361
129 385
129 431
130 18
130 46
130 62
130 87
130 97
130 126
130 152
130 172
130 174
130 196
130 212
130 271
130 272
130 273
130 281
130 288
130 340
130 351
130 412
130 420
130 424
130 463
131 32
131 37
131 83
131 110
131 137
131 196
131 312
132 17
132 31
132 32
132 39
132 63
132 91
132 146
132 171
132 173
132 283
132 308
132 440
132 444
132 456
132 468
132 469
133 67
133 79
133 125
133 126
133 181
133 199
133 210
133 235
133 274
133 294
133 368
133 387
133 403
133 410
133 440
133 446
133 476
134 3
134 5
134 114
134 140
134 196
134 411
134 426
134 439
135 0
135 3
135 18
135 24
135 51
135 59
135 74
135 82
135 109
135 113
135 122
135 127
135 149
135 159
135 160
135 170
135 184
135 187
135 192
135 197
135 199
135 248
135 259
135 271
135 277
135 279
135 281
135 285
135 294
135 314
135 321
135 336
135 337
135 344
135 354
135 356
135 385
135 402
135 427
135 437
135 440
135 444
135 447
135 457
135 472
135 480
136 18
136 20
136 33
136 35
136 43
136 50
136 67
136 118
136 123
136 146
136 153
136 154
136 161
136 164
136 165
136 173
136 177
136 192
136 200
136 204
136 214
136 222
136 241
136 255
136 290
136 293
136 295
136 301
136 305
136 342
136 356
136 368
136 388
136 397
136 400
136 415
136 459
136 460
136 469
136 477
136 494
136 497
137 3
137 9
137 59
137 131
137 214
137 369
137 370
137 374
137 375
137 381
137 445
138 0
138 58
138 74
138 101
138 129
138 161
138 200
138 236
138 249
138 294
138 349
138 356
138 397
138 460
138 486
139 41
139 69
139 167
139 179
139 191
139 244
139 256
139 360
139 371
139 452
139 466
139 468
140 5
140 24
140 38
140 67
140 71
140 72
140 102
140 113
140 125
140 134
140 156
140 175
140 233
140 248
140 274
140 320
140 399
140 473
140 479
141 10
141 12
141 24
141 39
141 50
141 64
141 76
141 95
141 96
141 101
141 110
141 114
141 143
141 165
141 184
141 185
141 207
141 214
141 217
141 240
141 249
141 263
141 268
141 294
141 304
141 320
141 321
141 331
141 332
141 341
141 344
141 348
141 354
141 363
141 368
141 392
141 398
141 407
141 415
141 422
141 428
141 433
141 454
141 467
141 479
142 37
142 151
142 268
142 275
142 419
142 469
142 478
142 482
142 491
143 2
143 12
143 18
143 34
143 37
143 81
143 83
143 84
143 105
143 112
143 141
143 152
143 160
143 169
143 207
143 217
143 221
143 231
143 236
143 237
143 239
143 241
143 242
143 278
143 314
143 317
143 354
143 360
143 369
143 373
143 388
143 390
143 420
143 425
143 432
143 436
143 442
143 456
143 468
143 490
144 34
144 42
144 48
144 60
144 119
144 149
144 169
144 184
144 203
144 242
144 352
144 483
145 25
145 242
145 245
145 373
145 466
145 469
146 16
146 43
146 46
146 54
146 56
146 75
146 102
146 111
146 132
146 136
146 219
146 268
146 276
146 279
146 299
146 315
146 329
146 342
146 370
146 395
146 403
146 412
146 418
146 419
146 434
146 457
146 466
146 477
146 484
147 15
147 72
147 84
147 179
147 192
147 211
147 268
147 308
147 337
147 343
147 365
147 427
147 436
147 464
147 473
148 80
148 149
148 242
148 254
148 390
148 427
148 442
148 449
148 469
148 493
149 3
149 41
149 44
149 59
149 71
149 101
149 107
149 116
149 121
149 123
149 126
149 135
149 144
149 148
149 160
149 164
149 187
149 199
149 204
149 219
149 245
149 248
149 259
149 271
149 277
149 279
149 280
149 300
149 314
149 315
149 319
149 322
149 325
149 331
149 332
149 337
149 344
149 365
149 369
149 385
149 390
149 429
149 440
149 444
149 452
149 458
149 473
149 477
149 483
150 22
150 42
150 56
150 82
150 108
150 110
150 118
150 170
150 178
150 191
150 207
150 242
150 266
150 329
150 348
150 349
150 363
150 392
150 397
150 454
151 59
151 142
151 211
151 253
151 277
151 373
151 397
151 435
151 441
151 453
151 456
151 461
151 470
152 7
152 12
152 31
152 37
152 42
152 62
152 64
152 72
152 74
152 97
152 126
152 130
152 143
152 158
152 194
152 204
152 235
152 250
152 254
152 256
152 306
152 363
152 392
152 397
152 409
152 419
152 435
152 452
152 456
152 461
152 465
153 25
153 32
153 39
153 49
153 102
153 136
153 200
153 308
154 0
154 38
154 67
154 96
154 125
154 136
154 203
154 214
154 280
154 282
154 305
154 321
154 356
154 373
154 392
154 419
154 428
154 465
154 477
155 6
155 20
155 82
155 97
155 158
155 174
155 204
155 205
155 223
155 231
155 246
155 268
155 348
155 388
155 402
155 466
156 13
156 28
156 41
156 57
156 67
156 96
156 114
156 140
156 169
156 211
156 221
156 294
156 336
156 348
156 366
156 434
156 467
156 484
157 35
157 86
157 171
157 196
157 200
157 262
157 280
157 299
157 371
157 378
157 428
157 447
157 458
157 465
157 470
157 478
158 6
158 9
158 20
158 28
158 74
158 76
158 94
158 97
158 101
158 106
158 113
158 126
158 152
158 155
158 175
158 181
158 192
158 194
158 200
158 213
158 241
158 242
158 243
158 294
158 298
158 300
158 318
158 333
158 336
158 347
158 371
158 373
158 385
158 388
158 401
158 403
158 439
158 448
158 461
158 469
158 486
159 15
159 28
159 42
159 51
159 135
159 168
159 186
159 250
159 294
159 325
159 329
159 331
159 346
159 366
159 373
159 378
159 407
159 409
159 452
159 482
160 5
160 12
160 24
160 43
160 46
160 50
160 59
160 100
160 101
160 109
160 110
160 121
160 135
160 143
160 149
160 199
160 219
160 241
160 244
160 276
160 277
160 279
160 291
160 314
160 329
160 344
160 373
160 385
160 410
160 431
160 444
161 0
161 6
161 14
161 43
161 46
161 71
161 101
161 125
161 127
161 136
161 138
161 166
161 175
161 200
161 201
161 221
161 223
161 240
161 253
161 260
161 330
161 336
161 338
161 342
161 345
161 363
161 378
161 409
161 412
161 433
161 444
161 445
161 449
161 461
161 468
161 477
162 3
162 5
162 9
162 21
162 114
162 282
162 347
162 369
162 430
162 436
162 478
163 118
163 175
163 209
163 301
163 355
163 372
164 21
164 45
164 63
164 97
164 111
164 119
164 128
164 136
164 149
164 170
164 172
164 184
164 225
164 230
164 264
164 282
164 312
164 313
164 331
164 354
164 355
164 369
164 373
164 378
164 383
164 423
164 440
164 450
164 465
164 472
165 2
165 5
165 17
165 28
165 34
165 42
165 44
165 46
165 53
165 56
165 62
165 106
165 112
165 118
165 125
165 136
165 141
165 176
165 178
165 207
165 212
165 227
165 246
165 265
165 272
165 281
165 282
165 322
165 340
165 363
165 399
165 420
165 423
165 428
165 440
165 462
165 470
165 472
165 476
165 489
165 497
165 498
166 35
166 36
166 60
166 79
166 109
166 128
166 161
166 464
166 470
167 118
167 139
167 174
167 277
167 407
167 454
167 498
168 24
168 125
168 159
168 171
168 190
168 230
168 309
169 7
169 34
169 72
169 84
169 91
169 105
169 126
169 128
169 143
169 144
169 156
169 216
169 223
169 242
169 247
169 261
169 262
169 273
169 290
169 315
169 317
169 328
169 341
169 343
169 345
169 379
169 384
169 417
169 436
169 440
169 461
169 466
169 478
169 490
169 497
170 35
170 40
170 54
170 67
170 74
170 79
170 109
170 125
170 135
170 150
170 164
170 203
170 212
170 214
170 242
170 256
170 272
170 280
170 299
170 304
170 319
170 320
170 384
170 397
170 428
170 444
170 445
170 458
170 470
170 495
170 496
171 1
171 39
171 132
171 157
171 168
171 180
171 188
171 308
171 437
172 31
172 39
172 71
172 102
172 126
172 130
172 164
172 175
172 181
172 187
172 191
172 192
172 201
172 207
172 209
172 246
172 274
172 276
172 281
172 330
172 331
172 335
172 342
172 343
172 364
172 368
172 373
172 375
172 377
172 387
172 390
172 409
172 413
172 431
172 435
172 454
172 470
173 33
173 79
173 101
173 115
173 132
173 136
173 246
173 363
173 408
173 427
173 428
173 469
173 499
174 2
174 3
174 9
174 11
174 22
174 30
174 58
174 106
174 118
174 124
174 130
174 155
174 167
174 186
174 191
174 207
174 220
174 251
174 252
174 290
174 292
174 323
174 338
174 342
174 344
174 355
174 369
174 370
174 431
174 465
174 472
174 473
175 2
175 20
175 23
175 24
175 35
175 56
175 63
175 66
175 67
175 82
175 87
175 111
175 117
175 140
175 158
175 161
175 163
175 172
175 181
175 190
175 192
175 203
175 207
175 223
175 235
175 253
175 264
175 279
175 282
175 294
175 325
175 341
175 363
175 375
175 377
175 378
175 388
175 412
175 427
175 432
175 434
175 440
175 453
175 461
175 473
175 490
176 165
176 301
176 327
176 344
176 375
176 459
177 57
177 118
177 136
177 194
177 198
177 199
177 221
177 249
177 277
177 386
177 412
177 431
177 436
177 498
178 24
178 106
178 114
178 115
178 126
178 150
178 165
178 192
178 193
178 203
178 204
178 206
178 244
178 268
178 274
178 294
178 296
178 311
178 313
178 320
178 329
178 338
178 343
178 348
178 364
178 366
178 390
178 419
178 440
178 466
178 469
178 486
178 495
179 46
179 73
179 86
179 124
179 139
179 147
179 240
179 345
179 434
179 482
180 82
180 84
180 171
180 269
180 307
180 338
180 466
181 11
181 26
181 81
181 84
181 85
181 86
181 100
181 113
181 118
181 133
181 158
181 172
181 175
181 190
181 200
181 203
181 204
181 230
181 235
181 242
181 243
181 250
181 251
181 301
181 321
181 325
181 341
181 351
181 362
181 373
181 402
181 428
181 440
181 450
181 454
181 457
181 467
182 28
182 62
182 71
182 126
182 263
182 276
182 304
182 317
182 336
182 351
182 378
183 3
183 9
183 93
183 184
183 221
183 338
183 369
183 373
183 395
183 399
183 450
183 462
184 8
184 30
184 50
184 57
184 60
184 69
184 95
184 98
184 125
184 126
184 135
184 141
184 144
184 164
184 183
184 200
184 203
184 230
184 237
184 241
184 245
184 250
184 255
184 260
184 299
184 309
184 316
184 325
184 329
184 336
184 341
184 350
184 360
184 410
184 414
184 431
184 443
184 452
184 456
185 8
185 34
185 50
185 57
185 69
185 124
185 141
185 210
185 214
185 266
185 269
185 276
185 294
185 325
185 330
185 342
185 351
185 363
185 378
185 379
185 383
185 403
185 410
185 424
185 433
185 457
185 477
185 478
186 159
186 174
186 194
186 266
186 302
186 338
187 19
187 64
187 125
187 135
187 149
187 172
187 370
187 385
187 434
187 467
187 490
188 18
188 52
188 67
188 84
188 171
188 214
188 275
188 301
188 314
188 466
188 490
189 27
189 56
189 71
189 72
189 276
189 440
189 446
189 490
190 0
190 2
190 21
190 26
190 60
190 86
190 104
190 112
190 168
190 175
190 181
190 192
190 198
190 203
190 206
190 207
190 213
190 242
190 243
190 264
190 265
190 274
190 287
190 304
190 339
190 348
190 350
190 368
190 369
190 377
190 378
190 387
190 392
190 409
190 419
190 428
190 436
190 446
190 453
190 465
190 481
191 0
191 23
191 42
191 46
191 52
191 62
191 66
191 71
191 85
191 86
191 89
191 139
191 150
191 172
191 174
191 204
191 219
191 223
191 256
191 313
191 317
191 336
191 342
191 349
191 351
191 392
191 407
191 411
191 412
191 416
191 436
191 465
191 474
191 484
192 26
192 28
192 72
192 106
192 126
192 135
192 136
192 147
192 158
192 172
192 175
192 178
192 190
192 207
192 235
192 348
192 372
192 373
192 410
192 416
192 446
192 448
193 9
193 178
193 231
193 409
193 444
193 495
194 29
194 50
194 66
194 83
194 152
194 158
194 177
194 186
194 263
194 277
194 281
194 317
194 329
194 340
194 342
194 373
194 398
194 412
194 434
194 435
194 446
194 466
194 473
194 486
195 34
195 57
195 67
195 92
195 214
195 270
195 301
195 302
195 305
195 315
195 332
195 353
195 385
195 428
195 459
195 472
196 9
196 12
196 25
196 28
196 55
196 61
196 63
196 71
196 78
196 83
196 93
196 95
196 106
196 110
196 127
196 130
196 131
196 134
196 157
196 209
196 231
196 238
196 248
196 267
196 279
196 288
196 301
196 309
196 315
196 329
196 354
196 383
196 389
196 431
196 441
196 458
196 482
196 491
197 56
197 85
197 86
197 126
197 135
197 250
197 337
197 387
197 397
197 452
197 461
197 471
198 26
198 57
198 70
198 93
198 125
198 177
198 190
198 205
198 209
198 263
198 308
198 329
198 344
198 397
198 405
198 410
198 412
198 423
198 434
198 454
198 467
198 468
199 84
199 120
199 133
199 135
199 149
199 160
199 177
199 339
199 341
199 385
199 394
199 401
199 406
199 412
199 444
199 445
199 459
199 496
200 5
200 23
200 25
200 26
200 35
200 37
200 43
200 74
200 82
200 97
200 113
200 136
200 138
200 153
200 157
200 158
200 161
200 181
200 184
200 204
200 211
200 236
200 241
200 253
200 266
200 276
200 297
200 306
200 325
200 334
200 384
200 401
200 413
200 433
200 449
200 475
200 480
200 482
201 23
201 74
201 161
201 172
201 253
201 264
201 325
201 355
201 425
201 441
201 461
201 495
202 36
202 254
202 277
202 438
202 451
202 486
203 3
203 15
203 16
203 17
203 46
203 50
203 53
203 56
203 69
203 70
203 79
203 99
203 101
203 118
203 144
203 154
203 170
203 175
203 178
203 181
203 184
203 190
203 206
203 207
203 235
203 260
203 270
203 272
203 273
203 284
203 317
203 321
203 364
203 368
203 373
203 375
203 387
203 397
203 408
203 435
203 445
203 451
203 459
203 465
203 469
203 482
204 38
204 50
204 53
204 95
204 106
204 136
204 149
204 152
204 155
204 178
204 181
204 191
204 200
204 217
204 225
204 230
204 242
204 250
204 256
204 268
204 277
204 283
204 314
204 330
204 338
204 363
204 379
204 399
204 407
204 416
204 435
204 452
204 456
204 462
204 479
204 495
205 102
205 155
205 198
205 213
205 289
205 296
205 444
205 461
206 0
206 5
206 14
206 23
206 24
206 35
206 39
206 50
206 75
206 101
206 111
206 118
206 122
206 126
206 128
206 178
206 190
206 203
206 216
206 239
206 268
206 302
206 306
206 321
206 322
206 337
206 340
206 345
206 348
206 364
206 366
206 379
206 380
206 410
206 434
206 449
206 450
206 461
206 469
206 477
206 479
206 485
207 20
207 23
207 26
207 36
207 41
207 53
207 57
207 66
207 67
207 73
207 91
207 102
207 118
207 141
207 143
207 150
207 165
207 172
207 174
207 175
207 190
207 192
207 203
207 235
207 264
207 270
207 284
207 329
207 335
207 341
207 345
207 367
207 368
207 387
207 400
207 403
207 408
207 410
207 416
207 419
207 434
207 435
207 460
207 469
207 495
207 497
208 2
208 67
208 217
208 294
208 324
208 325
208 385
208 410
208 433
209 15
209 17
209 34
209 38
209 56
209 64
209 69
209 82
209 83
209 84
209 115
209 126
209 163
209 172
209 196
209 198
209 212
209 235
209 253
209 273
209 383
209 420
209 421
209 426
209 444
209 445
209 499
210 56
210 133
210 185
210 268
210 375
210 460
211 34
211 72
211 86
211 117
211 147
211 151
211 156
211 200
211 213
211 294
211 321
211 344
211 351
211 412
211 428
211 432
212 0
212 2
212 3
212 46
212 62
212 74
212 97
212 100
212 106
212 130
212 165
212 170
212 209
212 214
212 227
212 265
212 268
212 280
212 281
212 305
212 310
212 337
212 340
212 355
212 371
212 373
212 382
212 385
212 399
212 407
212 408
212 429
212 468
212 470
212 479
212 488
212 490
213 76
213 158
213 190
213 205
213 211
213 253
213 336
213 338
213 385
213 417
213 424
213 449
213 482
214 8
214 12
214 21
214 41
214 53
214 66
214 67
214 80
214 97
214 110
214 116
214 136
214 137
214 141
214 154
214 170
214 185
214 188
214 195
214 212
214 215
214 217
214 222
214 228
214 235
214 248
214 256
214 268
214 276
214 301
214 313
214 341
214 342
214 345
214 351
214 355
214 387
214 388
214 400
214 406
214 407
214 415
214 446
214 459
214 461
214 470
214 472
215 40
215 60
215 64
215 85
215 118
215 214
215 278
215 294
215 337
215 341
215 359
215 384
215 434
215 474
215 477
215 490
215 498
216 23
216 28
216 61
216 86
216 101
216 104
216 124
216 169
216 206
216 244
216 250
216 274
216 279
216 298
216 363
216 469
217 5
217 37
217 89
217 126
217 128
217 141
217 143
217 204
217 208
217 214
217 279
217 313
217 328
217 385
217 415
217 466
217 471
218 35
218 266
218 276
218 280
218 369
218 470
218 473
219 0
219 4
219 18
219 20
219 31
219 34
219 41
219 54
219 57
219 61
219 64
219 73
219 74
219 78
219 80
219 83
219 146
219 149
219 160
219 191
219 235
219 236
219 272
219 285
219 313
219 321
219 328
219 332
219 340
219 345
219 351
219 352
219 361
219 366
219 372
219 384
219 392
219 395
219 401
219 409
219 423
219 442
219 452
219 482
219 492
220 102
220 128
220 174
220 250
220 266
220 317
220 448
220 479
220 495
221 69
221 83
221 109
221 112
221 118
221 125
221 143
221 156
221 161
221 177
221 183
221 273
221 369
221 371
221 373
221 385
221 397
221 431
221 441
221 446
221 454
221 461
221 466
221 483
221 489
222 136
222 214
222 282
222 345
222 365
222 451
222 462
222 479
223 16
223 21
223 35
223 38
223 40
223 62
223 66
223 67
223 71
223 72
223 74
223 97
223 110
223 126
223 155
223 161
223 169
223 175
223 191
223 235
223 239
223 240
223 242
223 243
223 246
223 269
223 281
223 321
223 326
223 397
223 428
223 437
223 453
223 461
223 482
223 484
224 53
224 73
224 330
224 363
224 369
224 419
224 439
224 452
225 15
225 68
225 72
225 101
225 164
225 204
225 253
225 254
225 265
225 281
225 449
225 465
225 483
225 485
226 31
226 78
226 126
226 279
226 326
226 351
226 385
227 26
227 106
227 125
227 165
227 212
227 322
227 415
227 454
227 469
227 472
227 481
228 6
228 67
228 98
228 214
228 245
228 421
228 483
229 113
229 236
229 264
229 363
229 381
229 452
230 14
230 19
230 34
230 35
230 41
230 71
230 77
230 97
230 102
230 164
230 168
230 181
230 184
230 204
230 252
230 261
230 263
230 268
230 274
230 299
230 310
230 329
230 340
230 359
230 373
230 408
230 414
230 428
230 434
230 483
231 72
231 84
231 107
231 110
231 143
231 155
231 193
231 196
231 268
231 328
231 386
232 3
232 249
232 325
232 376
232 394
232 417
232 463
232 466
232 485
233 20
233 31
233 124
233 140
233 363
233 466
234 37
234 39
234 53
234 57
234 90
234 95
234 106
234 110
234 258
234 271
234 300
234 321
234 340
234 360
234 486
235 14
235 20
235 70
235 72
235 104
235 109
235 117
235 133
235 152
235 175
235 181
235 192
235 203
235 207
235 209
235 214
235 219
235 223
235 236
235 251
235 254
235 285
235 302
235 310
235 317
235 330
235 341
235 355
235 364
235 368
235 387
235 392
235 407
235 431
235 432
235 450
235 457
235 458
235 470
235 472
235 494
236 15
236 23
236 61
236 62
236 66
236 69
236 78
236 82
236 92
236 106
236 126
236 138
236 143
236 200
236 219
236 229
236 235
236 247
236 252
236 285
236 299
236 305
236 321
236 323
236 329
236 345
236 351
236 352
236 361
236 365
236 372
236 373
236 379
236 385
236 392
236 404
236 407
236 410
236 424
236 462
236 469
237 22
237 62
237 143
237 184
237 317
237 321
237 495
238 64
238 110
238 196
238 273
238 373
238 482
239 11
239 69
239 143
239 206
239 223
239 241
239 270
239 277
239 403
239 435
239 483
240 17
240 60
240 74
240 83
240 101
240 141
240 161
240 179
240 223
240 245
240 252
240 260
240 262
240 293
240 316
240 329
240 385
240 388
240 392
240 397
240 409
240 424
240 440
240 461
241 34
241 60
241 93
241 115
241 136
241 143
241 158
241 160
241 184
241 200
241 239
241 242
241 317
241 403
241 441
241 490
242 9
242 19
242 25
242 32
242 34
242 39
242 50
242 67
242 84
242 105
242 114
242 115
242 143
242 144
242 145
242 148
242 150
242 158
242 169
242 170
242 181
242 190
242 204
242 223
242 241
242 264
242 272
242 278
242 279
242 290
242 317
242 328
242 331
242 350
242 355
242 379
242 416
242 434
242 436
242 466
242 470
242 471
242 482
242 483
242 490
243 13
243 64
243 158
243 181
243 190
243 223
243 325
243 329
243 427
243 454
244 34
244 139
244 160
244 178
244 216
244 274
244 276
244 332
244 342
244 383
244 440
244 469
245 97
245 117
245 145
245 149
245 184
245 228
245 240
245 266
245 282
245 387
245 391
245 410
245 445
245 479
245 485
245 492
246 3
246 16
246 23
246 24
246 27
246 44
246 46
246 56
246 115
246 121
246 125
246 155
246 165
246 172
246 173
246 223
246 264
246 268
246 276
246 277
246 281
246 301
246 320
246 325
246 330
246 362
246 390
246 419
246 422
246 426
246 433
246 469
246 489
247 6
247 74
247 78
247 125
247 169
247 236
247 329
248 7
248 67
248 125
248 126
248 135
248 140
248 149
248 196
248 214
248 356
248 373
249 5
249 11
249 36
249 41
249 48
249 50
249 54
249 57
249 64
249 84
249 93
249 106
249 109
249 114
249 138
249 141
249 177
249 232
249 253
249 281
249 294
249 317
249 320
249 322
249 323
249 325
249 331
249 344
249 348
249 388
249 404
249 418
249 438
249 444
249 460
249 470
249 472
249 476
249 477
249 479
249 497
250 3
250 6
250 17
250 18
250 20
250 28
250 66
250 70
250 152
250 159
250 181
250 184
250 197
250 204
250 216
250 220
250 256
250 330
250 331
250 340
250 384
250 390
250 392
250 407
250 413
250 415
250 452
250 460
250 469
250 484
251 35
251 54
251 72
251 127
251 174
251 181
251 235
251 305
251 317
251 432
252 31
252 64
252 102
252 128
252 174
252 230
252 236
252 240
252 276
252 280
252 336
252 342
252 345
252 351
252 424
252 466
252 469
253 6
253 15
253 23
253 46
253 53
253 93
253 97
253 99
253 110
253 112
253 113
253 151
253 161
253 175
253 200
253 201
253 209
253 213
253 225
253 249
253 260
253 293
253 304
253 313
253 318
253 321
253 325
253 335
253 352
253 369
253 379
253 397
253 420
253 422
253 460
254 90
254 120
254 148
254 152
254 202
254 225
254 235
254 336
254 403
254 465
255 20
255 136
255 184
255 334
255 369
255 416
255 483
255 492
255 497
256 7
256 35
256 42
256 46
256 121
256 139
256 152
256 170
256 191
256 204
256 214
256 250
256 262
256 266
256 276
256 294
256 331
256 340
256 352
256 355
256 367
256 399
256 470
257 2
257 126
257 345
257 376
257 408
257 460
258 4
258 24
258 234
258 276
258 322
258 415
258 431
259 67
259 135
259 149
259 313
259 349
259 399
260 10
260 72
260 83
260 106
260 161
260 184
260 203
260 240
260 253
260 266
260 320
260 352
260 385
260 419
260 448
260 461
261 54
261 169
261 230
261 268
261 427
261 446
262 0
262 62
262 102
262 124
262 157
262 169
262 240
262 256
262 330
262 366
262 373
262 433
262 434
263 14
263 23
263 78
263 106
263 109
263 121
263 125
263 141
263 182
263 194
263 198
263 230
263 286
263 307
263 320
263 331
263 368
263 381
263 388
263 390
263 392
263 398
263 408
263 465
263 484
264 3
264 8
264 19
264 25
264 30
264 35
264 46
264 63
264 67
264 69
264 71
264 91
264 111
264 125
264 126
264 128
264 164
264 175
264 190
264 201
264 207
264 229
264 242
264 246
264 282
264 287
264 298
264 299
264 301
264 308
264 313
264 319
264 329
264 332
264 346
264 348
264 350
264 354
264 355
264 383
264 385
264 386
264 387
264 439
264 458
264 472
264 482
264 489
265 6
265 46
265 53
265 63
265 71
265 78
265 92
265 106
265 125
265 126
265 165
265 190
265 212
265 225
265 281
265 320
265 337
265 340
265 355
265 397
265 472
266 5
266 60
266 63
266 74
266 117
266 119
266 150
266 185
266 186
266 200
266 218
266 220
266 245
266 256
266 260
266 304
266 320
266 373
266 374
266 376
266 391
266 406
266 416
266 448
266 469
266 485
266 490
267 67
267 79
267 83
267 99
267 110
267 124
267 196
267 297
267 327
267 394
268 15
268 16
268 23
268 24
268 33
268 38
268 39
268 64
268 72
268 82
268 110
268 114
268 115
268 125
268 141
268 142
268 146
268 147
268 155
268 178
268 204
268 206
268 210
268 212
268 214
268 230
268 231
268 246
268 261
268 276
268 280
268 285
268 299
268 304
268 310
268 311
268 333
268 387
268 390
268 397
268 409
268 416
268 419
268 433
268 460
268 465
268 469
268 486
268 498
269 86
269 180
269 185
269 223
269 301
269 329
269 353
269 397
269 440
269 448
270 57
270 65
270 74
270 78
270 83
270 109
270 114
270 122
270 195
270 203
270 207
270 239
270 304
270 320
270 321
270 379
270 407
270 415
270 425
270 434
270 460
270 494
271 60
271 121
271 130
271 135
271 149
271 234
271 279
271 369
271 427
272 2
272 26
272 34
272 46
272 53
272 57
272 81
272 102
272 110
272 118
272 130
272 165
272 170
272 203
272 219
272 242
272 281
272 292
272 355
272 358
272 397
272 399
272 404
272 443
272 448
272 477
272 484
273 15
273 17
273 26
273 38
273 74
273 80
273 104
273 130
273 169
273 203
273 209
273 221
273 238
273 303
273 323
273 325
273 345
273 383
273 385
273 407
273 409
273 410
273 426
273 445
273 482
274 5
274 13
274 15
274 21
274 35
274 40
274 44
274 50
274 69
274 71
274 74
274 102
274 125
274 133
274 140
274 172
274 178
274 190
274 216
274 230
274 244
274 278
274 314
274 322
274 329
274 357
274 378
274 380
274 384
274 389
274 403
274 428
274 452
274 468
274 469
275 63
275 89
275 126
275 142
275 188
275 357
275 373
275 383
276 0
276 2
276 28
276 37
276 75
276 78
276 79
276 111
276 146
276 160
276 172
276 182
276 185
276 189
276 200
276 214
276 218
276 244
276 246
276 252
276 256
276 258
276 268
276 294
276 299
276 304
276 320
276 321
276 329
276 332
276 334
276 346
276 348
276 363
276 379
276 391
276 407
276 435
276 438
276 446
276 455
276 460
276 470
276 477
276 479
277 13
277 17
277 38
277 47
277 61
277 67
277 92
277 97
277 106
277 108
277 109
277 126
277 127
277 135
277 149
277 151
277 160
277 167
277 177
277 194
277 202
277 204
277 239
277 246
277 317
277 348
277 353
277 363
277 373
277 392
277 396
277 404
277 412
277 431
277 441
277 442
277 452
277 458
277 460
277 466
277 470
277 472
277 483
277 485
277 487
278 32
278 37
278 94
278 143
278 215
278 242
278 274
278 317
278 468
279 26
279 28
279 32
279 35
279 59
279 67
279 71
279 95
279 119
279 135
279 146
279 149
279 160
279 175
279 196
279 216
279 217
279 226
279 242
279 271
279 285
279 308
279 314
279 331
279 335
279 340
279 344
279 353
279 364
279 385
279 441
279 444
279 466
279 480
280 5
280 8
280 35
280 39
280 40
280 41
280 47
280 54
280 71
280 79
280 88
280 97
280 103
280 112
280 149
280 154
280 157
280 170
280 212
280 218
280 252
280 268
280 284
280 294
280 299
280 304
280 308
280 313
280 340
280 347
280 351
280 363
280 413
280 428
280 433
280 434
280 438
280 455
280 464
280 470
280 477
280 495
280 497
281 2
281 3
281 9
281 42
281 46
281 49
281 53
281 62
281 64
281 65
281 76
281 106
281 125
281 130
281 135
281 165
281 172
281 194
281 212
281 223
281 225
281 246
281 249
281 265
281 272
281 322
281 340
281 344
281 354
281 392
281 393
281 412
281 419
281 432
281 441
281 461
281 472
281 477
281 483
281 487
281 498
282 11
282 24
282 35
282 84
282 91
282 95
282 102
282 154
282 162
282 164
282 165
282 175
282 222
282 245
282 264
282 293
282 311
282 313
282 320
282 354
282 355
282 368
282 458
282 466
282 472
283 3
283 9
283 132
283 204
283 315
283 317
283 338
283 369
283 380
283 445
283 471
283 483
284 97
284 203
284 207
284 280
284 301
284 403
285 64
285 135
285 219
285 235
285 236
285 268
285 279
285 337
285 345
285 407
285 422
285 469
285 472
286 6
286 34
286 40
286 48
286 263
286 329
286 378
286 392
286 400
286 401
286 404
286 440
287 32
287 190
287 264
287 324
287 472
287 480
288 109
288 130
288 196
288 410
288 450
288 481
289 17
289 38
289 84
289 107
289 205
289 313
289 385
289 445
290 22
290 28
290 34
290 109
290 111
290 136
290 169
290 174
290 242
290 317
290 319
290 479
291 47
291 57
291 121
291 160
291 403
291 436
291 440
292 3
292 4
292 81
292 104
292 174
292 272
292 319
292 369
292 382
293 5
293 36
293 46
293 56
293 74
293 82
293 121
293 136
293 240
293 253
293 282
293 298
293 301
293 305
293 342
293 388
293 404
293 459
293 460
293 461
293 466
294 6
294 24
294 29
294 33
294 34
294 41
294 42
294 50
294 53
294 54
294 68
294 85
294 114
294 115
294 125
294 133
294 135
294 138
294 141
294 156
294 158
294 159
294 175
294 178
294 185
294 208
294 211
294 215
294 249
294 256
294 276
294 280
294 304
294 373
294 404
294 405
294 416
294 433
294 444
294 469
294 485
294 498
295 28
295 50
295 52
295 106
295 109
295 136
295 342
295 373
295 467
295 479
295 483
295 495
296 20
296 23
296 86
296 93
296 111
296 178
296 205
296 309
296 338
296 392
296 397
296 428
296 479
297 53
297 200
297 267
297 320
297 342
297 397
297 497
298 60
298 115
298 117
298 158
298 216
298 264
298 293
298 350
298 363
298 364
298 419
298 469
299 25
299 26
299 34
299 35
299 40
299 45
299 79
299 82
299 97
299 106
299 109
299 112
299 146
299 157
299 170
299 184
299 230
299 236
299 264
299 268
299 276
299 280
299 320
299 321
299 363
299 419
299 428
299 433
299 435
299 450
299 454
299 455
299 462
299 470
299 472
299 474
299 479
299 495
299 497
300 28
300 43
300 149
300 158
300 234
300 334
300 403
300 414
300 433
300 477
301 19
301 21
301 26
301 28
301 41
301 65
301 67
301 72
301 73
301 110
301 125
301 136
301 163
301 176
301 181
301 188
301 195
301 196
301 214
301 246
301 264
301 269
301 284
301 293
301 305
301 320
301 342
301 345
301 348
301 369
301 388
301 415
301 422
301 427
301 442
301 454
301 459
301 460
301 466
301 467
302 39
302 84
302 127
302 186
302 195
302 206
302 235
302 317
302 369
302 397
302 490
303 8
303 67
303 93
303 112
303 273
303 341
303 342
303 348
304 0
304 5
304 18
304 39
304 40
304 50
304 74
304 83
304 84
304 121
304 141
304 170
304 182
304 190
304 253
304 266
304 268
304 270
304 276
304 280
304 294
304 313
304 320
304 350
304 371
304 373
304 409
304 434
304 448
304 455
304 463
304 467
304 488
304 498
305 12
305 50
305 62
305 83
305 136
305 154
305 195
305 212
305 236
305 251
305 293
305 301
305 308
305 338
305 498
306 41
306 152
306 200
306 206
306 402
306 415
306 498
307 19
307 33
307 53
307 69
307 86
307 123
307 180
307 263
307 385
307 433
307 435
307 479
308 23
308 31
308 32
308 38
308 39
308 40
308 47
308 49
308 71
308 114
308 132
308 147
308 153
308 171
308 198
308 264
308 279
308 280
308 305
308 370
308 398
308 404
308 412
308 428
308 462
309 2
309 12
309 110
309 124
309 168
309 184
309 196
309 296
309 315
309 414
309 426
309 482
310 68
310 212
310 230
310 235
310 268
310 390
310 419
310 472
310 491
311 63
311 66
311 79
311 84
311 178
311 268
311 282
311 373
311 419
311 486
311 496
312 30
312 131
312 164
312 348
312 466
312 470
313 2
313 8
313 12
313 19
313 26
313 27
313 34
313 63
313 72
313 83
313 91
313 109
313 122
313 128
313 164
313 178
313 191
313 214
313 217
313 219
313 253
313 259
313 264
313 280
313 282
313 289
313 304
313 323
313 352
313 354
313 355
313 356
313 361
313 386
313 392
313 397
313 433
313 435
313 450
313 458
313 461
313 464
313 472
313 480
313 485
313 489
314 44
314 82
314 135
314 143
314 149
314 160
314 188
314 204
314 274
314 279
314 385
314 433
314 440
314 444
314 459
315 12
315 25
315 34
315 46
315 48
315 54
315 83
315 93
315 94
315 105
315 110
315 146
315 149
315 169
315 195
315 196
315 283
315 309
315 325
315 444
315 455
315 466
315 482
315 490
316 60
316 184
316 240
316 325
316 336
316 345
316 358
316 375
316 410
316 416
316 440
316 450
316 465
316 477
317 2
317 18
317 34
317 36
317 38
317 54
317 64
317 84
317 115
317 143
317 169
317 182
317 191
317 194
317 203
317 220
317 235
317 237
317 241
317 242
317 249
317 251
317 277
317 278
317 283
317 290
317 302
317 319
317 320
317 329
317 335
317 336
317 337
317 340
317 347
317 382
317 385
317 415
317 436
317 440
317 445
317 484
317 485
317 490
317 497
318 20
318 71
318 82
318 101
318 107
318 158
318 253
318 404
319 40
319 149
319 170
319 264
319 290
319 292
319 317
319 329
319 385
319 403
319 434
319 442
319 444
320 5
320 14
320 33
320 78
320 82
320 89
320 121
320 125
320 140
320 141
320 170
320 178
320 246
320 249
320 260
320 263
320 265
320 266
320 270
320 276
320 282
320 297
320 299
320 301
320 304
320 317
320 358
320 432
320 433
320 473
320 484
321 18
321 24
321 37
321 64
321 97
321 125
321 135
321 141
321 154
321 181
321 203
321 206
321 211
321 219
321 223
321 234
321 236
321 237
321 253
321 270
321 276
321 299
321 345
321 351
321 352
321 361
321 401
321 423
321 424
321 434
321 436
321 444
321 447
321 451
321 455
321 463
322 37
322 41
322 50
322 66
322 115
322 149
322 165
322 206
322 227
322 249
322 258
322 274
322 281
322 331
322 332
322 342
322 351
322 359
322 373
322 388
322 394
322 419
323 174
323 236
323 249
323 273
323 313
323 355
323 391
323 472
324 15
324 25
324 62
324 80
324 86
324 119
324 208
324 287
324 390
324 404
324 442
324 449
324 452
324 465
324 466
324 469
324 486
325 1
325 8
325 11
325 60
325 61
325 90
325 98
325 108
325 114
325 149
325 159
325 175
325 181
325 184
325 185
325 200
325 201
325 208
325 232
325 243
325 246
325 249
325 253
325 273
325 315
325 316
325 330
325 336
325 350
325 355
325 363
325 383
325 403
325 410
325 414
325 443
325 456
325 458
325 486
325 498
326 53
326 120
326 127
326 223
326 226
326 338
326 350
326 351
326 381
326 445
327 34
327 79
327 107
327 176
327 267
327 430
328 28
328 41
328 71
328 92
328 169
328 217
328 219
328 231
328 242
328 385
328 491
329 20
329 41
329 50
329 60
329 71
329 88
329 99
329 102
329 111
329 125
329 146
329 150
329 159
329 160
329 178
329 184
329 194
329 196
329 198
329 207
329 230
329 236
329 240
329 243
329 247
329 264
329 269
329 274
329 276
329 286
329 317
329 319
329 345
329 384
329 390
329 392
329 397
329 398
329 403
329 406
329 420
329 428
329 457
329 466
329 468
329 471
329 472
329 476
329 493
330 20
330 36
330 62
330 86
330 92
330 161
330 172
330 185
330 204
330 224
330 235
330 246
330 250
330 262
330 325
330 363
330 398
330 415
330 417
330 434
330 435
330 450
330 484
330 498
331 3
331 5
331 23
331 36
331 37
331 50
331 63
331 71
331 79
331 106
331 141
331 149
331 159
331 164
331 172
331 242
331 249
331 250
331 256
331 263
331 279
331 322
331 332
331 334
331 340
331 387
331 397
331 399
331 410
331 414
331 433
331 458
331 460
331 466
331 478
331 490
332 11
332 33
332 57
332 61
332 83
332 101
332 141
332 149
332 195
332 219
332 244
332 264
332 276
332 322
332 331
332 349
332 392
332 424
332 449
332 477
332 482
333 9
333 12
333 24
333 53
333 101
333 126
333 158
333 268
333 342
333 366
333 419
333 431
333 454
333 469
334 200
334 255
334 276
334 300
334 331
334 338
334 387
334 410
335 26
335 31
335 98
335 105
335 172
335 207
335 253
335 279
335 317
335 406
335 468
336 8
336 12
336 56
336 60
336 110
336 135
336 156
336 158
336 161
336 182
336 184
336 191
336 213
336 252
336 254
336 316
336 317
336 325
336 350
336 352
336 363
336 377
336 410
336 422
336 433
336 449
336 456
337 17
337 28
337 30
337 57
337 81
337 126
337 135
337 147
337 149
337 197
337 206
337 212
337 215
337 265
337 285
337 317
337 341
337 346
337 363
337 457
337 460
337 477
337 497
337 498
338 3
338 9
338 22
338 25
338 29
338 30
338 39
338 43
338 58
338 69
338 70
338 79
338 95
338 114
338 126
338 161
338 174
338 178
338 180
338 183
338 186
338 204
338 213
338 283
338 296
338 305
338 326
338 334
338 369
338 391
338 419
338 460
338 461
338 472
339 93
339 97
339 114
339 190
339 199
339 359
339 454
340 2
340 5
340 11
340 26
340 46
340 53
340 62
340 64
340 67
340 71
340 72
340 74
340 76
340 95
340 97
340 106
340 118
340 121
340 130
340 165
340 194
340 206
340 212
340 219
340 230
340 234
340 250
340 256
340 265
340 279
340 280
340 281
340 317
340 331
340 344
340 345
340 372
340 391
340 392
340 419
340 430
340 431
340 434
340 440
340 445
340 457
340 476
341 35
341 51
341 60
341 141
341 169
341 175
341 181
341 184
341 199
341 207
341 214
341 215
341 235
341 303
341 337
341 348
341 368
341 393
341 433
341 454
341 466
342 12
342 21
342 41
342 57
342 64
342 67
342 69
342 96
342 136
342 146
342 161
342 172
342 174
342 185
342 191
342 194
342 214
342 244
342 252
342 293
342 295
342 297
342 301
342 303
342 322
342 333
342 345
342 388
342 410
342 459
342 465
343 72
343 84
343 97
343 147
343 169
343 172
343 178
343 347
343 392
343 437
343 449
344 7
344 102
344 121
344 135
344 141
344 149
344 160
344 174
344 176
344 198
344 211
344 249
344 279
344 281
344 340
344 345
344 359
344 369
344 385
344 444
344 455
344 457
344 472
345 4
345 18
345 28
345 46
345 52
345 53
345 64
345 72
345 73
345 78
345 96
345 161
345 169
345 179
345 206
345 207
345 214
345 219
345 222
345 236
345 252
345 257
345 273
345 285
345 301
345 316
345 321
345 329
345 340
345 342
345 344
345 351
345 352
345 369
345 401
345 403
345 408
345 412
345 423
345 424
345 442
345 469
345 477
345 479
346 15
346 20
346 75
346 120
346 159
346 264
346 276
346 337
346 379
346 405
346 428
347 28
347 54
347 56
347 69
347 71
347 86
347 98
347 110
347 129
347 158
347 162
347 280
347 317
347 343
347 363
347 404
347 446
347 477
347 479
348 2
348 3
348 5
348 8
348 24
348 28
348 73
348 85
348 121
348 141
348 150
348 155
348 156
348 178
348 190
348 192
348 206
348 249
348 264
348 276
348 277
348 301
348 303
348 312
348 341
348 379
348 391
348 403
348 428
348 434
348 460
348 483
348 498
349 23
349 138
349 150
349 191
349 259
349 332
349 392
349 395
349 457
349 460
350 34
350 60
350 102
350 117
350 124
350 184
350 190
350 242
350 264
350 298
350 304
350 325
350 326
350 336
350 353
350 410
350 444
350 456
350 470
350 488
350 491
351 23
351 46
351 67
351 70
351 75
351 78
351 123
351 130
351 181
351 182
351 185
351 191
351 211
351 214
351 219
351 226
351 236
351 252
351 280
351 321
351 322
351 326
351 345
351 352
351 372
351 385
351 434
351 444
351 451
351 476
352 18
352 38
352 44
352 57
352 111
352 117
352 121
352 124
352 144
352 219
352 236
352 253
352 256
352 260
352 313
352 321
352 336
352 345
352 351
352 397
352 424
352 433
352 452
352 487
353 18
353 38
353 66
353 93
353 102
353 195
353 269
353 277
353 279
353 350
353 373
353 375
353 380
353 419
353 466
354 135
354 141
354 143
354 164
354 196
354 264
354 281
354 282
354 313
354 375
354 383
354 434
354 464
354 472
355 11
355 13
355 24
355 33
355 50
355 61
355 63
355 66
355 72
355 74
355 91
355 93
355 110
355 121
355 128
355 163
355 164
355 174
355 201
355 212
355 214
355 235
355 242
355 256
355 264
355 265
355 272
355 282
355 313
355 323
355 325
355 393
355 435
355 450
355 458
355 472
355 489
355 492
356 67
356 135
356 136
356 138
356 154
356 248
356 313
356 365
356 397
356 427
356 432
357 20
357 106
357 274
357 275
357 368
357 440
357 449
357 472
358 22
358 46
358 53
358 272
358 316
358 320
358 377
358 417
358 422
358 439
359 8
359 71
359 121
359 215
359 230
359 322
359 339
359 344
359 387
359 434
359 460
359 479
360 28
360 88
360 124
360 126
360 139
360 143
360 184
360 234
360 447
361 91
361 105
361 106
361 129
361 219
361 236
361 313
361 321
361 467
361 489
362 181
362 246
362 392
362 419
362 433
362 451
362 469
362 484
363 5
363 17
363 20
363 32
363 35
363 36
363 37
363 81
363 141
363 150
363 152
363 161
363 165
363 173
363 175
363 185
363 204
363 216
363 224
363 229
363 233
363 276
363 277
363 280
363 298
363 299
363 325
363 330
363 336
363 337
363 347
363 366
363 391
363 392
363 393
363 412
363 415
363 416
363 431
363 435
363 440
363 452
363 455
363 459
363 490
363 492
363 497
364 1
364 3
364 35
364 46
364 95
364 114
364 118
364 172
364 178
364 203
364 206
364 235
364 279
364 298
364 385
364 387
364 394
364 453
364 466
364 492
365 0
365 28
365 57
365 147
365 149
365 222
365 236
365 356
365 388
365 463
366 35
366 69
366 156
366 159
366 178
366 206
366 219
366 262
366 333
366 363
366 408
366 426
366 467
367 25
367 42
367 207
367 256
367 440
367 477
368 5
368 12
368 116
368 126
368 127
368 133
368 136
368 141
368 172
368 190
368 203
368 207
368 235
368 263
368 282
368 341
368 357
368 375
368 446
368 459
368 469
368 471
369 3
369 9
369 22
369 27
369 30
369 35
369 56
369 58
369 74
369 137
369 143
369 149
369 162
369 164
369 174
369 183
369 190
369 218
369 221
369 224
369 253
369 255
369 271
369 283
369 292
369 301
369 302
369 338
369 344
369 345
369 383
369 387
369 396
369 412
369 426
369 436
369 446
369 452
369 461
369 462
369 482
369 484
370 32
370 63
370 119
370 137
370 146
370 174
370 187
370 308
370 490
371 28
371 31
371 72
371 74
371 101
371 139
371 157
371 158
371 212
371 221
371 304
371 385
371 418
371 433
372 3
372 98
372 163
372 192
372 219
372 236
372 340
372 351
372 373
372 408
372 424
372 443
372 483
373 7
373 11
373 30
373 34
373 57
373 66
373 99
373 109
373 143
373 145
373 151
373 154
373 158
373 159
373 160
373 164
373 172
373 181
373 183
373 192
373 194
373 203
373 212
373 221
373 230
373 236
373 238
373 248
373 262
373 266
373 275
373 277
373 294
373 295
373 304
373 311
373 322
373 353
373 372
373 412
373 415
373 419
373 431
373 435
373 446
373 448
373 458
373 466
373 483
373 487
374 117
374 137
374 266
374 375
374 384
374 397
374 448
374 452
374 455
375 35
375 92
375 104
375 137
375 172
375 175
375 176
375 203
375 210
375 316
375 353
375 354
375 368
375 374
375 457
375 493
376 55
376 98
376 117
376 232
376 257
376 266
376 379
377 79
377 93
377 172
377 175
377 190
377 336
377 358
377 384
377 435
377 486
378 27
378 157
378 159
378 161
378 164
378 175
378 182
378 185
378 190
378 274
378 286
378 410
378 420
378 427
378 428
378 440
378 463
378 467
378 472
378 473
378 479
378 487
378 489
378 498
379 11
379 25
379 26
379 34
379 169
379 185
379 204
379 206
379 236
379 242
379 253
379 270
379 276
379 346
379 348
379 376
379 477
379 479
379 483
380 206
380 274
380 283
380 353
380 470
380 477
381 97
381 137
381 229
381 263
381 326
381 386
382 43
382 212
382 292
382 317
382 454
382 459
383 6
383 17
383 26
383 33
383 35
383 38
383 69
383 83
383 93
383 118
383 121
383 164
383 185
383 196
383 209
383 244
383 264
383 273
383 275
383 325
383 354
383 369
383 392
383 394
383 397
383 424
383 426
383 445
383 470
383 472
383 499
384 97
384 100
384 101
384 125
384 126
384 169
384 170
384 200
384 215
384 219
384 250
384 274
384 329
384 374
384 377
384 419
384 440
384 444
384 452
384 460
384 467
384 470
385 3
385 11
385 37
385 59
385 79
385 93
385 109
385 113
385 116
385 129
385 135
385 149
385 158
385 160
385 187
385 195
385 199
385 208
385 212
385 213
385 217
385 221
385 226
385 236
385 240
385 260
385 264
385 273
385 279
385 289
385 307
385 314
385 317
385 319
385 328
385 344
385 351
385 364
385 371
385 404
385 424
385 431
385 444
385 458
385 469
385 472
385 481
386 55
386 119
386 177
386 231
386 264
386 313
386 381
387 38
387 104
387 118
387 133
387 172
387 190
387 197
387 203
387 207
387 214
387 235
387 245
387 264
387 268
387 331
387 334
387 359
387 364
387 369
387 397
387 402
387 407
387 409
387 424
387 467
387 483
387 498
388 7
388 43
388 56
388 94
388 136
388 143
388 155
388 158
388 175
388 214
388 240
388 249
388 263
388 293
388 301
388 322
388 342
388 365
388 400
388 407
388 415
388 442
388 472
388 493
389 43
389 56
389 125
389 196
389 274
389 407
389 414
389 439
390 9
390 24
390 57
390 59
390 72
390 143
390 148
390 149
390 172
390 178
390 246
390 250
390 263
390 268
390 310
390 324
390 329
390 419
390 422
390 451
390 452
390 469
390 495
391 1
391 62
391 86
391 92
391 105
391 112
391 117
391 245
391 266
391 276
391 323
391 338
391 340
391 348
391 363
391 448
391 461
391 485
391 487
392 20
392 95
392 101
392 141
392 150
392 152
392 154
392 190
392 191
392 219
392 235
392 236
392 240
392 250
392 263
392 277
392 281
392 286
392 296
392 313
392 329
392 332
392 340
392 343
392 349
392 362
392 363
392 383
392 403
392 405
392 407
392 409
392 424
392 435
392 442
392 447
392 452
392 460
392 469
393 34
393 281
393 341
393 355
393 363
393 477
394 17
394 98
394 199
394 232
394 267
394 322
394 364
394 383
394 439
394 445
395 67
395 146
395 183
395 219
395 349
395 497
396 53
396 106
396 277
396 369
396 434
396 449
396 472
397 6
397 9
397 46
397 61
397 64
397 74
397 78
397 101
397 118
397 136
397 138
397 150
397 151
397 152
397 170
397 197
397 198
397 203
397 221
397 223
397 240
397 253
397 265
397 268
397 269
397 272
397 296
397 297
397 302
397 313
397 329
397 331
397 352
397 356
397 374
397 383
397 387
397 412
397 417
397 419
397 426
397 427
397 461
397 466
397 470
397 482
397 487
397 494
397 497
398 6
398 25
398 34
398 35
398 100
398 128
398 141
398 194
398 263
398 308
398 329
398 330
398 472
399 2
399 46
399 74
399 83
399 116
399 140
399 165
399 183
399 204
399 212
399 256
399 259
399 272
399 331
399 449
399 463
399 466
400 45
400 60
400 89
400 136
400 207
400 214
400 286
400 388
400 419
400 420
401 41
401 64
401 94
401 158
401 199
401 200
401 219
401 286
401 321
401 345
401 449
401 452
401 473
402 25
402 102
402 135
402 155
402 181
402 306
402 387
402 414
403 6
403 23
403 25
403 39
403 40
403 41
403 53
403 72
403 92
403 110
403 133
403 146
403 158
403 185
403 207
403 239
403 241
403 254
403 274
403 284
403 291
403 300
403 319
403 325
403 329
403 345
403 348
403 392
403 434
403 469
403 484
403 497
404 0
404 25
404 41
404 43
404 56
404 67
404 86
404 103
404 104
404 121
404 236
404 249
404 272
404 277
404 286
404 293
404 294
404 308
404 318
404 324
404 347
404 385
404 408
404 434
404 435
404 457
404 476
404 479
404 482
404 483
405 198
405 294
405 346
405 392
405 445
405 477
406 20
406 56
406 60
406 62
406 102
406 199
406 214
406 266
406 329
406 335
406 440
407 12
407 18
407 19
407 20
407 37
407 81
407 91
407 101
407 108
407 141
407 159
407 167
407 191
407 204
407 212
407 214
407 235
407 236
407 250
407 270
407 273
407 276
407 285
407 387
407 388
407 389
407 392
407 416
407 417
407 435
407 460
407 462
408 25
408 26
408 75
408 84
408 104
408 126
408 173
408 203
408 207
408 212
408 230
408 257
408 263
408 345
408 366
408 372
408 404
408 464
408 472
409 20
409 74
409 152
409 159
409 161
409 172
409 190
409 193
409 219
409 240
409 268
409 273
409 304
409 387
409 392
409 416
409 435
409 460
409 470
409 479
409 496
410 0
410 6
410 8
410 12
410 46
410 55
410 60
410 61
410 63
410 69
410 75
410 90
410 98
410 102
410 114
410 133
410 160
410 184
410 185
410 192
410 198
410 206
410 207
410 208
410 236
410 245
410 273
410 288
410 316
410 325
410 331
410 334
410 336
410 342
410 350
410 378
410 414
410 416
410 427
410 443
410 448
410 456
410 457
410 463
410 475
410 487
410 488
411 9
411 134
411 191
411 441
411 449
411 465
412 13
412 28
412 32
412 35
412 45
412 53
412 57
412 65
412 66
412 74
412 92
412 99
412 103
412 106
412 107
412 109
412 115
412 130
412 146
412 161
412 175
412 177
412 191
412 194
412 198
412 199
412 211
412 277
412 281
412 308
412 345
412 363
412 369
412 373
412 397
412 423
412 435
412 441
412 446
412 457
412 461
412 466
412 477
412 479
412 483
412 487
412 498
413 5
413 39
413 61
413 72
413 172
413 200
413 250
413 280
413 419
414 60
414 91
414 114
414 125
414 184
414 230
414 300
414 309
414 325
414 331
414 389
414 402
414 410
414 432
415 24
415 67
415 96
415 136
415 141
415 214
415 217
415 227
415 250
415 258
415 270
415 301
415 306
415 317
415 330
415 363
415 373
415 388
415 430
415 440
415 449
415 457
415 459
415 469
415 470
415 472
416 0
416 20
416 38
416 53
416 60
416 74
416 191
416 192
416 204
416 207
416 242
416 255
416 266
416 268
416 294
416 316
416 363
416 407
416 409
416 410
416 419
416 486
416 498
417 50
417 127
417 169
417 213
417 232
417 330
417 358
417 397
417 407
418 2
418 51
418 63
418 146
418 249
418 371
418 476
419 24
419 33
419 34
419 71
419 72
419 77
419 78
419 102
419 106
419 117
419 142
419 146
419 152
419 154
419 178
419 190
419 207
419 224
419 246
419 260
419 268
419 281
419 298
419 299
419 310
419 311
419 322
419 333
419 338
419 340
419 353
419 362
419 373
419 384
419 390
419 397
419 400
419 413
419 416
419 428
419 459
419 461
419 477
419 486
419 495
420 14
420 19
420 31
420 65
420 102
420 104
420 106
420 130
420 143
420 165
420 209
420 253
420 329
420 378
420 400
420 441
420 459
420 467
420 477
420 498
421 32
421 38
421 209
421 228
421 423
421 492
422 73
422 82
422 141
422 246
422 253
422 285
422 301
422 336
422 358
422 390
422 434
422 460
422 477
422 484
422 487
423 18
423 38
423 164
423 165
423 198
423 219
423 321
423 345
423 412
423 421
423 446
424 15
424 18
424 38
424 41
424 42
424 56
424 57
424 64
424 78
424 83
424 97
424 125
424 130
424 185
424 213
424 236
424 240
424 252
424 321
424 332
424 345
424 352
424 372
424 383
424 385
424 387
424 392
424 425
424 479
424 480
425 143
425 201
425 270
425 424
425 460
425 488
426 9
426 14
426 17
426 38
426 73
426 79
426 134
426 209
426 246
426 273
426 309
426 366
426 369
426 383
426 397
427 6
427 46
427 55
427 61
427 74
427 94
427 97
427 101
427 111
427 135
427 147
427 148
427 173
427 175
427 243
427 261
427 271
427 301
427 356
427 378
427 397
427 410
427 432
427 490
428 35
428 43
428 50
428 54
428 59
428 79
428 92
428 141
428 154
428 157
428 165
428 170
428 173
428 181
428 190
428 195
428 211
428 223
428 230
428 274
428 280
428 296
428 299
428 308
428 329
428 346
428 348
428 378
428 419
428 453
428 455
428 466
428 470
428 472
428 483
428 489
428 492
428 495
428 496
429 15
429 38
429 42
429 149
429 212
429 449
429 457
429 460
429 465
430 53
430 162
430 327
430 340
430 415
430 482
431 5
431 18
431 26
431 40
431 62
431 66
431 92
431 111
431 129
431 160
431 172
431 174
431 177
431 184
431 196
431 221
431 235
431 258
431 277
431 333
431 340
431 363
431 373
431 385
431 441
431 461
431 466
432 24
432 26
432 57
432 125
432 143
432 175
432 211
432 235
432 251
432 281
432 320
432 356
432 414
432 427
433 10
433 19
433 37
433 38
433 73
433 74
433 109
433 116
433 121
433 141
433 161
433 185
433 200
433 208
433 246
433 262
433 268
433 280
433 294
433 299
433 300
433 307
433 313
433 314
433 320
433 331
433 336
433 341
433 352
433 362
433 371
433 434
433 449
433 460
433 461
434 6
434 17
434 19
434 24
434 28
434 37
434 41
434 47
434 57
434 80
434 106
434 114
434 146
434 156
434 175
434 179
434 187
434 194
434 198
434 206
434 207
434 215
434 230
434 242
434 262
434 270
434 280
434 304
434 319
434 321
434 330
434 340
434 348
434 351
434 354
434 359
434 396
434 403
434 404
434 422
434 433
434 444
434 457
434 461
434 466
434 467
434 469
434 479
434 498
435 14
435 26
435 36
435 52
435 59
435 60
435 77
435 95
435 151
435 152
435 172
435 194
435 203
435 204
435 207
435 239
435 276
435 299
435 307
435 313
435 330
435 355
435 363
435 373
435 377
435 392
435 404
435 407
435 409
435 412
435 440
435 442
435 452
435 497
436 34
436 45
436 92
436 143
436 147
436 162
436 169
436 177
436 190
436 191
436 242
436 291
436 317
436 321
436 369
436 449
436 461
436 486
437 11
437 103
437 135
437 171
437 223
437 343
437 493
438 29
438 202
438 249
438 276
438 280
438 441
438 496
439 134
439 158
439 224
439 264
439 358
439 389
439 394
439 472
440 5
440 6
440 14
440 20
440 25
440 28
440 32
440 39
440 46
440 53
440 82
440 97
440 102
440 118
440 124
440 125
440 126
440 132
440 133
440 135
440 149
440 164
440 165
440 169
440 175
440 178
440 181
440 189
440 240
440 244
440 269
440 286
440 291
440 314
440 316
440 317
440 340
440 357
440 363
440 367
440 378
440 384
440 406
440 415
440 435
440 444
440 473
440 474
440 484
441 17
441 62
441 65
441 86
441 105
441 151
441 196
441 201
441 221
441 241
441 277
441 279
441 281
441 411
441 412
441 420
441 431
441 438
441 466
442 0
442 10
442 15
442 32
442 41
442 56
442 68
442 125
442 143
442 148
442 219
442 277
442 301
442 319
442 324
442 345
442 388
442 392
442 435
442 449
442 465
442 467
443 184
443 272
443 325
443 372
443 410
443 444
444 35
444 39
444 59
444 79
444 102
444 107
444 132
444 135
444 149
444 160
444 161
444 170
444 193
444 199
444 205
444 209
444 249
444 279
444 294
444 314
444 315
444 319
444 321
444 344
444 350
444 351
444 384
444 385
444 434
444 440
444 443
444 449
444 451
444 454
444 457
444 460
444 461
444 481
444 487
444 490
445 17
445 38
445 74
445 118
445 137
445 161
445 170
445 199
445 203
445 209
445 245
445 273
445 283
445 289
445 317
445 326
445 340
445 383
445 394
445 405
445 448
445 460
445 475
445 483
446 43
446 54
446 56
446 73
446 97
446 105
446 109
446 133
446 189
446 190
446 192
446 194
446 214
446 221
446 261
446 276
446 347
446 368
446 369
446 373
446 412
446 423
446 466
446 476
446 483
446 487
446 498
447 46
447 135
447 157
447 321
447 360
447 392
447 452
448 30
448 35
448 88
448 117
448 158
448 192
448 220
448 260
448 266
448 269
448 272
448 304
448 373
448 374
448 391
448 410
448 445
448 477
449 0
449 5
449 15
449 38
449 48
449 60
449 75
449 119
449 148
449 161
449 200
449 206
449 213
449 225
449 324
449 332
449 336
449 343
449 357
449 396
449 399
449 401
449 411
449 415
449 429
449 433
449 436
449 442
449 444
449 461
449 465
449 469
449 476
450 28
450 104
450 116
450 164
450 181
450 183
450 206
450 235
450 288
450 299
450 313
450 316
450 330
450 355
450 461
450 472
451 26
451 38
451 104
451 118
451 202
451 203
451 222
451 321
451 351
451 362
451 390
451 444
451 486
452 11
452 12
452 40
452 53
452 54
452 57
452 59
452 77
452 102
452 121
452 139
452 149
452 152
452 159
452 184
452 197
452 204
452 219
452 224
452 229
452 250
452 274
452 277
452 324
452 352
452 363
452 369
452 374
452 384
452 390
452 392
452 401
452 435
452 447
452 455
452 470
453 83
453 111
453 151
453 175
453 190
453 223
453 364
453 428
453 485
454 45
454 46
454 71
454 72
454 118
454 141
454 150
454 167
454 172
454 181
454 198
454 221
454 227
454 243
454 299
454 301
454 333
454 339
454 341
454 382
454 444
454 465
454 486
454 495
454 499
455 17
455 35
455 61
455 64
455 109
455 276
455 280
455 299
455 304
455 315
455 321
455 344
455 363
455 374
455 428
455 452
455 470
455 493
455 495
456 1
456 60
456 110
456 132
456 143
456 151
456 152
456 184
456 204
456 325
456 336
456 350
456 410
456 473
456 486
457 6
457 26
457 38
457 41
457 46
457 54
457 56
457 57
457 71
457 75
457 101
457 125
457 135
457 146
457 181
457 185
457 235
457 329
457 337
457 340
457 344
457 349
457 375
457 404
457 410
457 412
457 415
457 429
457 434
457 444
457 473
457 484
457 497
458 60
458 63
458 79
458 149
458 157
458 170
458 196
458 235
458 264
458 277
458 282
458 313
458 325
458 331
458 355
458 373
458 385
458 466
458 470
458 472
458 491
459 56
459 60
459 74
459 84
459 136
459 176
459 195
459 199
459 203
459 214
459 293
459 301
459 314
459 342
459 363
459 368
459 382
459 415
459 419
459 420
459 461
459 497
460 25
460 28
460 46
460 100
460 101
460 102
460 126
460 136
460 138
460 207
460 210
460 249
460 250
460 253
460 257
460 268
460 270
460 276
460 277
460 293
460 301
460 331
460 337
460 338
460 348
460 349
460 359
460 384
460 392
460 407
460 409
460 422
460 425
460 429
460 433
460 444
460 445
460 472
460 477
460 498
461 12
461 28
461 34
461 61
461 67
461 72
461 74
461 82
461 108
461 117
461 128
461 151
461 152
461 158
461 161
461 169
461 175
461 197
461 201
461 205
461 206
461 214
461 221
461 223
461 240
461 260
461 281
461 293
461 313
461 338
461 369
461 391
461 397
461 412
461 419
461 431
461 433
461 434
461 436
461 444
461 449
461 450
461 459
462 31
462 32
462 39
462 91
462 165
462 183
462 204
462 222
462 236
462 299
462 308
462 369
462 407
462 479
462 484
462 488
463 5
463 51
463 56
463 130
463 232
463 304
463 321
463 365
463 378
463 399
463 410
463 477
464 147
464 166
464 280
464 313
464 354
464 408
465 8
465 14
465 66
465 68
465 90
465 106
465 152
465 154
465 157
465 164
465 174
465 190
465 191
465 203
465 225
465 254
465 263
465 268
465 316
465 324
465 342
465 411
465 429
465 442
465 449
465 454
465 497
466 13
466 18
466 35
466 39
466 66
466 82
466 92
466 115
466 139
466 145
466 146
466 155
466 169
466 178
466 180
466 188
466 194
466 217
466 221
466 232
466 233
466 242
466 252
466 277
466 279
466 282
466 293
466 301
466 312
466 315
466 324
466 329
466 331
466 341
466 353
466 364
466 373
466 397
466 399
466 412
466 428
466 431
466 434
466 441
466 446
466 458
466 472
467 37
467 71
467 79
467 88
467 102
467 108
467 141
467 156
467 181
467 187
467 198
467 295
467 301
467 304
467 361
467 366
467 378
467 384
467 387
467 420
467 434
467 442
468 83
468 102
468 132
468 139
468 143
468 161
468 198
468 212
468 274
468 278
468 329
468 335
468 470
468 479
469 6
469 24
469 33
469 44
469 56
469 64
469 73
469 92
469 114
469 132
469 136
469 142
469 145
469 148
469 158
469 173
469 178
469 203
469 206
469 207
469 216
469 227
469 236
469 244
469 246
469 250
469 252
469 266
469 268
469 274
469 285
469 294
469 298
469 324
469 333
469 345
469 362
469 368
469 385
469 390
469 392
469 403
469 415
469 434
469 449
469 486
470 11
470 12
470 17
470 28
470 33
470 35
470 40
470 54
470 66
470 75
470 78
470 79
470 97
470 106
470 112
470 151
470 157
470 165
470 166
470 170
470 172
470 212
470 214
470 218
470 235
470 242
470 249
470 256
470 276
470 277
470 280
470 299
470 312
470 350
470 380
470 383
470 384
470 397
470 409
470 415
470 428
470 452
470 455
470 458
470 468
470 473
470 487
470 495
470 496
471 5
471 197
471 217
471 242
471 283
471 329
471 368
472 35
472 46
472 63
472 68
472 69
472 91
472 124
472 128
472 135
472 164
472 165
472 174
472 195
472 214
472 227
472 235
472 249
472 264
472 265
472 277
472 281
472 282
472 285
472 287
472 299
472 310
472 313
472 323
472 329
472 338
472 344
472 354
472 355
472 357
472 378
472 383
472 385
472 388
472 396
472 398
472 408
472 415
472 428
472 439
472 450
472 458
472 460
472 466
472 489
472 495
473 24
473 25
473 121
473 140
473 147
473 149
473 174
473 175
473 194
473 218
473 320
473 378
473 401
473 440
473 456
473 457
473 470
473 476
473 490
474 25
474 66
474 90
474 191
474 215
474 299
474 440
474 498
475 6
475 22
475 200
475 410
475 445
475 488
476 30
476 49
476 92
476 124
476 133
476 165
476 249
476 329
476 340
476 351
476 404
476 418
476 446
476 449
476 473
477 9
477 10
477 17
477 20
477 25
477 35
477 50
477 83
477 86
477 97
477 102
477 111
477 113
477 121
477 126
477 136
477 146
477 149
477 154
477 161
477 185
477 206
477 215
477 249
477 272
477 276
477 280
477 281
477 300
477 316
477 332
477 337
477 345
477 347
477 367
477 379
477 380
477 393
477 405
477 412
477 419
477 420
477 422
477 448
477 460
477 463
477 498
478 142
478 157
478 162
478 169
478 185
478 331
478 482
479 28
479 35
479 38
479 41
479 43
479 80
479 88
479 140
479 141
479 204
479 206
479 212
479 220
479 222
479 245
479 249
479 276
479 290
479 295
479 296
479 299
479 307
479 345
479 347
479 359
479 378
479 379
479 404
479 409
479 412
479 424
479 434
479 462
479 468
480 87
480 135
480 200
480 279
480 287
480 313
480 424
480 494
481 2
481 190
481 227
481 288
481 385
481 444
482 1
482 5
482 12
482 15
482 25
482 44
482 46
482 55
482 68
482 83
482 93
482 97
482 101
482 110
482 142
482 159
482 179
482 196
482 200
482 203
482 213
482 219
482 223
482 238
482 242
482 264
482 273
482 309
482 315
482 332
482 369
482 397
482 404
482 430
482 478
483 5
483 18
483 39
483 66
483 83
483 84
483 89
483 91
483 92
483 99
483 106
483 109
483 144
483 149
483 221
483 225
483 228
483 230
483 239
483 242
483 255
483 277
483 281
483 283
483 295
483 348
483 372
483 373
483 379
483 387
483 404
483 412
483 428
483 445
483 446
484 0
484 19
484 20
484 35
484 57
484 73
484 86
484 109
484 146
484 156
484 191
484 223
484 250
484 263
484 272
484 317
484 320
484 330
484 362
484 369
484 403
484 422
484 440
484 457
484 462
485 31
485 128
485 206
485 225
485 232
485 245
485 266
485 277
485 294
485 313
485 317
485 391
485 453
486 24
486 33
486 42
486 50
486 85
486 86
486 115
486 120
486 138
486 158
486 178
486 194
486 202
486 234
486 268
486 311
486 324
486 325
486 377
486 416
486 419
486 436
486 451
486 454
486 456
486 469
487 3
487 58
487 109
487 277
487 281
487 352
487 373
487 378
487 391
487 397
487 410
487 412
487 422
487 444
487 446
487 470
488 212
488 304
488 350
488 410
488 425
488 462
488 475
489 29
489 78
489 165
489 221
489 246
489 264
489 313
489 355
489 361
489 378
489 428
489 472
490 3
490 24
490 34
490 46
490 60
490 64
490 84
490 143
490 169
490 175
490 187
490 188
490 189
490 212
490 215
490 241
490 242
490 266
490 302
490 315
490 317
490 331
490 363
490 370
490 427
490 444
490 473
491 83
491 110
491 142
491 196
491 310
491 328
491 350
491 458
492 104
492 219
492 245
492 255
492 355
492 363
492 364
492 421
492 428
493 148
493 329
493 375
493 388
493 437
493 455
493 498
494 49
494 74
494 136
494 235
494 270
494 397
494 480
494 499
495 35
495 41
495 48
495 54
495 77
495 86
495 110
495 114
495 126
495 170
495 178
495 193
495 201
495 204
495 207
495 220
495 237
495 280
495 295
495 299
495 390
495 419
495 428
495 454
495 455
495 470
495 472
496 55
496 122
496 170
496 199
496 311
496 409
496 428
496 438
496 470
497 6
497 47
497 69
497 99
497 109
497 110
497 111
497 136
497 165
497 169
497 207
497 249
497 255
497 280
497 297
497 299
497 317
497 337
497 363
497 395
497 397
497 403
497 435
497 457
497 459
497 465
498 17
498 50
498 67
498 73
498 78
498 109
498 165
498 167
498 177
498 215
498 268
498 281
498 294
498 304
498 305
498 306
498 325
498 330
498 337
498 348
498 378
498 387
498 412
498 416
498 420
498 434
498 446
498 460
498 474
498 477
498 493
499 4
499 33
499 34
499 38
499 173
499 209
499 383
499 454
499 494
