500 9684
0 31
0 140
0 235
0 281
0 375
0 443
0 469
0 490
1 57
1 126
1 165
1 216
1 249
1 250
1 281
1 322
1 369
1 377
1 414
1 444
1 478
2 31
2 48
2 100
2 123
2 140
2 181
2 208
2 214
2 245
2 281
2 292
2 311
2 342
2 362
2 375
2 414
2 462
2 490
2 498
3 31
3 262
3 281
3 292
3 342
3 361
3 364
3 490
4 13
4 155
4 254
4 280
4 315
4 378
4 423
4 437
4 473
5 80
5 136
5 223
5 294
5 326
5 358
6 16
6 30
6 69
6 94
6 157
6 176
6 191
6 218
6 243
6 244
6 256
6 300
6 305
6 337
6 347
6 389
6 475
7 38
7 43
7 56
7 101
7 105
7 119
7 130
7 149
7 156
7 161
7 175
7 199
7 229
7 230
7 260
7 263
7 275
7 345
7 360
7 402
7 403
8 16
8 30
8 69
8 93
8 133
8 138
8 157
8 191
8 192
8 218
8 234
8 244
8 256
8 277
8 279
8 300
8 314
8 337
8 389
8 424
9 65
9 112
9 150
9 169
9 201
9 231
9 233
9 313
9 338
9 346
9 370
9 430
9 440
10 18
10 68
10 88
10 101
10 157
10 212
10 238
10 270
10 286
10 301
10 350
10 384
10 456
10 466
10 492
11 126
11 166
11 195
11 202
11 257
11 262
11 301
11 357
12 74
12 83
12 92
12 104
12 160
12 182
12 371
12 489
13 4
13 53
13 70
13 77
13 89
13 90
13 106
13 112
13 155
13 239
13 280
13 345
13 370
13 423
13 426
13 433
13 437
13 461
13 465
13 473
14 25
14 42
14 55
14 57
14 62
14 94
14 109
14 113
14 118
14 126
14 128
14 135
14 142
14 155
14 179
14 190
14 204
14 214
14 217
14 247
14 249
14 250
14 276
14 295
14 322
14 328
14 331
14 367
14 369
14 377
14 387
14 399
14 414
14 419
14 438
14 444
14 467
14 475
14 478
14 484
15 34
15 37
15 48
15 102
15 263
15 323
15 449
15 460
16 6
16 8
16 30
16 37
16 69
16 88
16 157
16 175
16 186
16 191
16 218
16 244
16 249
16 256
16 300
16 305
16 337
16 387
16 389
16 394
16 480
17 113
17 150
17 304
17 340
17 431
17 457
17 493
18 10
18 21
18 26
18 61
18 66
18 68
18 88
18 108
18 118
18 126
18 143
18 166
18 212
18 238
18 243
18 265
18 270
18 276
18 286
18 293
18 347
18 350
18 384
18 412
18 466
18 492
18 496
19 21
19 84
19 91
19 250
19 289
19 291
19 373
19 385
19 386
19 393
19 425
19 438
20 39
20 45
20 57
20 85
20 118
20 123
20 128
20 132
20 137
20 140
20 141
20 144
20 158
20 170
20 190
20 192
20 207
20 240
20 243
20 273
20 291
20 297
20 309
20 310
20 318
20 324
20 331
20 336
20 338
20 351
20 357
20 376
20 387
20 394
20 398
20 400
20 405
20 409
20 421
20 429
20 444
20 446
20 447
20 453
20 482
21 18
21 19
21 67
21 84
21 91
21 168
21 289
21 290
21 386
21 393
21 398
21 425
21 438
21 447
22 24
22 36
22 116
22 127
22 131
22 167
22 193
22 202
22 218
22 257
22 262
22 292
22 301
22 332
22 357
22 359
22 407
22 445
22 460
22 491
23 26
23 42
23 46
23 63
23 72
23 79
23 81
23 82
23 88
23 98
23 142
23 158
23 204
23 227
23 283
23 299
23 303
23 332
23 381
23 387
23 394
23 417
23 444
23 456
23 496
23 498
24 22
24 36
24 84
24 193
24 202
24 257
24 262
24 301
24 322
24 357
24 409
24 445
24 470
25 14
25 42
25 57
25 142
25 250
25 322
25 341
25 369
25 392
25 414
25 419
25 459
25 478
26 18
26 23
26 28
26 68
26 88
26 145
26 172
26 185
26 212
26 228
26 236
26 238
26 270
26 273
26 286
26 293
26 325
26 347
26 350
26 384
26 412
26 447
26 463
26 466
26 487
26 492
27 72
27 91
27 234
27 289
27 313
27 386
27 393
27 425
27 438
28 26
28 68
28 212
28 238
28 258
28 270
28 384
28 406
28 466
28 492
29 42
29 57
29 126
29 138
29 142
29 180
29 214
29 249
29 250
29 276
29 322
29 353
29 377
29 419
29 466
29 475
29 478
30 6
30 8
30 16
30 49
30 53
30 69
30 70
30 93
30 138
30 157
30 191
30 218
30 244
30 256
30 267
30 300
30 305
30 334
30 337
30 384
30 389
30 395
30 424
30 469
30 480
31 0
31 2
31 3
31 82
31 95
31 100
31 140
31 141
31 145
31 245
31 276
31 281
31 292
31 297
31 311
31 342
31 356
31 362
31 375
31 384
31 445
31 456
31 462
31 490
32 118
32 142
32 369
32 405
32 414
32 419
32 444
32 453
32 483
33 106
33 122
33 235
33 302
33 345
33 366
33 384
33 407
34 15
34 37
34 43
34 47
34 102
34 120
34 142
34 225
34 263
34 314
34 323
34 376
34 414
34 422
34 449
34 450
35 37
35 39
35 40
35 64
35 94
35 119
35 133
35 148
35 162
35 165
35 197
35 204
35 234
35 267
35 271
35 274
35 320
35 359
35 368
35 372
35 404
35 446
35 487
35 488
36 22
36 24
36 63
36 127
36 131
36 193
36 202
36 233
36 257
36 262
36 295
36 301
36 357
36 445
36 478
36 491
36 494
37 15
37 16
37 34
37 35
37 102
37 120
37 132
37 263
37 449
37 450
38 7
38 56
38 101
38 175
38 199
38 288
38 335
39 20
39 35
39 42
39 85
39 155
39 170
39 190
39 192
39 207
39 210
39 217
39 240
39 253
39 267
39 273
39 291
39 297
39 309
39 310
39 318
39 324
39 329
39 336
39 344
39 376
39 398
39 400
39 408
39 446
39 447
39 453
39 482
40 35
40 60
40 114
40 133
40 148
40 162
40 165
40 177
40 204
40 231
40 267
40 271
40 274
40 320
40 328
40 338
40 365
40 487
40 498
41 46
41 65
41 112
41 142
41 150
41 153
41 169
41 201
41 204
41 212
41 233
41 242
41 247
41 274
41 313
41 321
41 370
41 406
41 440
41 455
41 468
41 485
42 14
42 23
42 25
42 29
42 39
42 55
42 57
42 62
42 63
42 94
42 109
42 110
42 118
42 126
42 135
42 142
42 179
42 197
42 214
42 243
42 249
42 250
42 274
42 276
42 318
42 322
42 343
42 347
42 369
42 377
42 394
42 414
42 419
42 444
42 471
42 475
42 478
42 484
43 7
43 34
43 59
43 60
43 64
43 134
43 143
43 149
43 206
43 209
43 240
43 241
43 277
43 279
43 283
43 295
43 300
43 314
43 317
43 334
43 339
43 373
43 382
43 399
43 415
43 419
43 427
43 465
43 471
43 474
43 489
44 63
44 74
44 81
44 92
44 103
44 104
44 147
44 160
44 182
44 183
44 192
44 230
44 317
44 371
44 428
44 478
45 20
45 63
45 72
45 79
45 81
45 82
45 83
45 98
45 158
45 168
45 187
45 299
45 362
45 378
45 456
45 471
45 498
46 23
46 41
46 63
46 72
46 79
46 81
46 82
46 83
46 98
46 109
46 111
46 129
46 134
46 137
46 158
46 177
46 227
46 229
46 236
46 237
46 289
46 293
46 294
46 299
46 303
46 329
46 332
46 337
46 355
46 364
46 379
46 381
46 382
46 387
46 394
46 409
46 416
46 456
46 469
46 471
46 474
46 496
46 498
47 34
47 102
47 263
47 301
47 323
47 368
47 449
48 2
48 15
48 106
48 187
48 209
48 216
48 261
48 294
48 312
48 335
48 343
48 349
48 389
48 397
48 432
48 478
49 30
49 88
49 102
49 212
49 238
49 286
49 350
49 384
49 466
49 492
50 75
50 107
50 126
50 162
50 188
50 248
50 255
50 268
50 296
50 337
50 439
51 76
51 94
51 127
51 150
51 152
51 167
51 220
51 282
51 315
51 320
51 327
51 351
51 378
51 395
51 396
51 429
51 483
52 78
52 269
52 306
52 379
52 407
52 452
53 13
53 30
53 191
53 197
53 218
53 244
53 256
53 389
54 63
54 143
54 155
54 280
54 433
54 437
54 452
54 465
54 473
55 14
55 42
55 57
55 401
55 444
55 475
56 7
56 38
56 101
56 105
56 150
56 156
56 161
56 175
56 199
56 251
56 260
56 360
56 403
56 444
56 485
56 489
57 1
57 14
57 20
57 25
57 29
57 42
57 55
57 62
57 63
57 83
57 89
57 91
57 94
57 98
57 109
57 118
57 126
57 132
57 135
57 142
57 201
57 214
57 217
57 230
57 249
57 250
57 272
57 273
57 276
57 322
57 338
57 357
57 367
57 369
57 377
57 414
57 419
57 429
57 430
57 432
57 444
57 467
57 475
57 478
57 484
57 492
57 498
58 115
58 176
58 210
58 227
58 328
58 330
58 372
58 433
59 43
59 64
59 79
59 82
59 108
59 134
59 149
59 206
59 212
59 226
59 241
59 277
59 279
59 283
59 295
59 299
59 314
59 317
59 327
59 334
59 339
59 350
59 373
59 382
59 394
59 399
59 415
59 427
59 444
59 474
59 477
59 489
60 40
60 43
60 118
60 163
60 191
60 241
60 277
60 314
60 334
60 373
60 399
60 427
61 18
61 205
61 206
61 221
61 222
61 408
62 14
62 42
62 57
62 63
62 94
62 103
62 109
62 118
62 126
62 135
62 142
62 148
62 179
62 201
62 214
62 234
62 249
62 250
62 257
62 276
62 299
62 322
62 356
62 369
62 373
62 377
62 414
62 419
62 444
62 475
62 478
62 484
62 496
63 23
63 36
63 42
63 44
63 45
63 46
63 54
63 57
63 62
63 72
63 79
63 81
63 82
63 83
63 96
63 98
63 115
63 125
63 129
63 155
63 158
63 213
63 224
63 227
63 228
63 229
63 236
63 237
63 290
63 299
63 300
63 303
63 320
63 329
63 332
63 344
63 379
63 381
63 386
63 387
63 394
63 400
63 410
63 416
63 456
63 469
63 471
63 495
63 496
63 498
64 35
64 43
64 59
64 91
64 94
64 108
64 117
64 134
64 138
64 149
64 164
64 206
64 207
64 226
64 231
64 241
64 276
64 277
64 279
64 283
64 295
64 310
64 314
64 317
64 369
64 373
64 380
64 382
64 399
64 427
64 451
64 474
64 489
65 9
65 41
65 86
65 99
65 112
65 150
65 153
65 169
65 184
65 201
65 209
65 230
65 233
65 247
65 252
65 279
65 281
65 313
65 321
65 354
65 370
65 396
65 406
65 425
65 440
65 454
65 455
65 466
65 468
65 483
65 485
65 486
66 18
66 88
66 131
66 209
66 212
66 286
66 347
66 384
66 492
67 21
67 91
67 143
67 289
67 311
67 377
67 393
67 425
67 438
68 10
68 18
68 26
68 28
68 72
68 85
68 88
68 97
68 119
68 120
68 139
68 140
68 154
68 166
68 172
68 209
68 212
68 238
68 260
68 270
68 286
68 293
68 306
68 333
68 336
68 347
68 350
68 369
68 384
68 412
68 427
68 466
68 492
69 6
69 8
69 16
69 30
69 81
69 191
69 218
69 244
69 256
69 297
69 300
69 320
69 337
69 444
70 13
70 30
70 77
70 90
70 155
70 182
70 209
70 265
70 280
70 420
70 423
70 437
70 465
70 473
70 492
71 133
71 148
71 165
71 204
71 221
71 274
71 320
72 23
72 27
72 45
72 46
72 63
72 68
72 79
72 81
72 82
72 83
72 96
72 98
72 112
72 115
72 124
72 129
72 158
72 192
72 214
72 227
72 228
72 229
72 233
72 237
72 238
72 240
72 262
72 299
72 302
72 303
72 329
72 332
72 344
72 365
72 379
72 381
72 382
72 387
72 394
72 409
72 416
72 442
72 456
72 469
72 471
72 473
72 482
72 496
72 498
73 137
73 149
73 241
73 277
73 279
73 334
73 373
73 374
73 399
74 12
74 44
74 92
74 103
74 104
74 147
74 160
74 163
74 182
74 183
74 230
74 274
74 369
74 371
74 428
74 460
74 474
74 487
75 50
75 107
75 268
75 292
75 296
75 439
76 51
76 152
76 167
76 220
76 229
76 315
76 327
76 350
76 351
76 378
76 381
76 395
76 396
76 429
76 448
76 478
77 13
77 70
77 155
77 173
77 352
77 433
77 437
77 495
78 52
78 110
78 128
78 211
78 218
78 269
78 278
78 306
78 346
78 356
78 387
78 444
78 498
79 23
79 45
79 46
79 59
79 63
79 72
79 81
79 82
79 83
79 91
79 95
79 96
79 98
79 124
79 129
79 135
79 142
79 158
79 165
79 169
79 224
79 227
79 228
79 229
79 236
79 276
79 289
79 299
79 303
79 322
79 329
79 332
79 355
79 381
79 387
79 394
79 400
79 416
79 447
79 451
79 456
79 469
79 470
79 471
79 496
79 498
80 5
80 108
80 136
80 195
80 213
80 214
80 223
80 270
80 326
80 369
80 390
81 23
81 44
81 45
81 46
81 63
81 69
81 72
81 79
81 82
81 83
81 85
81 96
81 98
81 111
81 112
81 124
81 129
81 155
81 158
81 224
81 227
81 228
81 229
81 236
81 238
81 277
81 299
81 303
81 309
81 317
81 329
81 332
81 335
81 344
81 351
81 355
81 373
81 379
81 381
81 387
81 394
81 416
81 436
81 453
81 456
81 469
81 471
81 475
81 496
81 498
82 23
82 31
82 45
82 46
82 59
82 63
82 72
82 79
82 81
82 83
82 96
82 98
82 106
82 111
82 115
82 118
82 124
82 129
82 133
82 142
82 158
82 177
82 217
82 220
82 227
82 229
82 273
82 299
82 300
82 303
82 329
82 332
82 355
82 381
82 387
82 394
82 416
82 435
82 446
82 455
82 456
82 469
82 470
82 471
82 496
82 498
83 12
83 45
83 46
83 57
83 63
83 72
83 79
83 81
83 82
83 98
83 106
83 129
83 158
83 227
83 229
83 237
83 253
83 273
83 299
83 303
83 329
83 332
83 338
83 344
83 350
83 377
83 381
83 387
83 394
83 416
83 456
83 468
83 469
83 471
83 478
83 488
83 496
83 498
84 19
84 21
84 24
84 91
84 168
84 289
84 299
84 317
84 322
84 385
84 386
84 393
84 425
84 438
85 20
85 39
85 68
85 81
85 132
85 137
85 144
85 158
85 170
85 190
85 192
85 207
85 243
85 273
85 279
85 283
85 291
85 297
85 309
85 310
85 318
85 323
85 324
85 331
85 336
85 376
85 387
85 394
85 398
85 400
85 405
85 423
85 435
85 446
85 447
85 453
85 469
85 482
86 65
86 108
86 149
86 174
86 206
86 241
86 277
86 279
86 283
86 285
86 290
86 295
86 308
86 314
86 317
86 334
86 368
86 373
86 382
86 399
86 415
86 443
86 446
86 451
86 456
86 462
86 474
86 489
87 119
87 149
87 241
87 279
87 314
87 317
87 332
87 373
87 399
87 427
87 433
88 10
88 16
88 18
88 23
88 26
88 49
88 66
88 68
88 97
88 118
88 139
88 172
88 212
88 238
88 247
88 249
88 262
88 270
88 283
88 286
88 293
88 302
88 320
88 322
88 347
88 350
88 365
88 373
88 384
88 412
88 466
88 477
88 492
89 13
89 57
89 126
89 142
89 214
89 249
89 276
89 419
90 13
90 70
90 155
90 257
90 423
90 437
90 451
90 465
90 493
91 19
91 21
91 27
91 57
91 64
91 67
91 79
91 84
91 286
91 289
91 385
91 386
91 387
91 393
91 410
91 425
91 436
91 438
92 12
92 44
92 74
92 103
92 160
92 210
92 250
92 371
93 8
93 30
93 111
93 191
93 218
93 244
93 256
93 299
93 417
93 424
94 6
94 14
94 35
94 42
94 51
94 57
94 62
94 64
94 109
94 118
94 126
94 135
94 142
94 164
94 179
94 187
94 214
94 215
94 222
94 249
94 250
94 272
94 276
94 286
94 311
94 322
94 367
94 369
94 373
94 377
94 414
94 419
94 434
94 444
94 475
94 478
94 484
95 31
95 79
95 140
95 229
95 281
95 292
95 320
95 342
95 362
95 462
95 490
96 63
96 72
96 79
96 81
96 82
96 98
96 113
96 129
96 158
96 186
96 227
96 229
96 238
96 299
96 303
96 317
96 351
96 456
96 496
97 68
97 88
97 270
97 286
97 384
97 466
98 23
98 45
98 46
98 57
98 63
98 72
98 79
98 81
98 82
98 83
98 96
98 111
98 124
98 129
98 149
98 150
98 158
98 190
98 192
98 206
98 222
98 224
98 227
98 229
98 237
98 248
98 291
98 299
98 303
98 324
98 328
98 329
98 332
98 339
98 344
98 379
98 381
98 387
98 394
98 399
98 416
98 456
98 469
98 471
98 478
98 490
98 496
98 498
99 65
99 136
99 153
99 169
99 201
99 277
99 313
99 370
99 455
99 492
100 2
100 31
100 140
100 220
100 269
100 281
100 292
100 342
100 362
100 440
100 490
101 7
101 10
101 38
101 56
101 105
101 127
101 156
101 161
101 175
101 199
101 260
101 314
101 345
101 384
101 402
101 403
101 485
102 15
102 34
102 37
102 47
102 49
102 120
102 206
102 225
102 263
102 266
102 267
102 323
102 391
102 419
102 422
102 434
102 449
102 450
103 44
103 62
103 74
103 92
103 104
103 160
103 163
103 182
103 209
103 230
103 294
103 371
103 397
103 428
104 12
104 44
104 74
104 103
104 160
104 177
104 230
104 263
104 277
104 371
104 428
105 7
105 56
105 101
105 133
105 156
105 161
105 175
105 199
105 260
105 275
105 307
105 310
105 345
105 360
105 402
105 407
105 455
105 456
106 13
106 33
106 48
106 82
106 83
106 122
106 143
106 146
106 177
106 185
106 235
106 281
106 290
106 302
106 308
106 353
106 363
106 366
106 373
106 400
106 407
106 409
106 417
106 432
106 464
106 476
106 481
106 483
106 484
106 488
106 495
107 50
107 75
107 261
107 268
107 296
107 312
108 18
108 59
108 64
108 80
108 86
108 149
108 162
108 206
108 210
108 223
108 231
108 232
108 241
108 277
108 279
108 283
108 284
108 290
108 295
108 314
108 317
108 334
108 339
108 368
108 373
108 399
108 415
108 416
108 427
108 444
108 451
108 474
108 484
108 489
108 490
109 14
109 42
109 46
109 57
109 62
109 94
109 118
109 126
109 135
109 142
109 179
109 191
109 212
109 214
109 217
109 235
109 249
109 250
109 276
109 279
109 298
109 322
109 350
109 367
109 369
109 377
109 412
109 414
109 419
109 423
109 428
109 444
109 466
109 475
109 478
110 42
110 78
110 211
110 269
110 278
110 306
110 356
110 406
110 452
110 495
111 46
111 81
111 82
111 93
111 98
111 148
111 202
111 332
111 339
111 381
111 387
111 416
111 456
112 9
112 13
112 41
112 65
112 72
112 81
112 122
112 150
112 153
112 161
112 169
112 173
112 194
112 201
112 222
112 233
112 244
112 247
112 313
112 321
112 347
112 354
112 370
112 398
112 406
112 440
112 455
112 468
112 485
112 494
112 498
113 14
113 17
113 96
113 174
113 246
113 302
113 304
113 340
113 348
113 361
113 410
113 481
114 40
114 133
114 135
114 163
114 165
114 320
115 58
115 63
115 72
115 82
115 117
115 118
115 329
115 332
115 416
115 456
115 498
116 22
116 202
116 257
116 262
116 265
116 301
116 321
116 357
117 64
117 115
117 180
117 236
117 252
117 264
117 265
117 297
117 298
117 411
117 472
118 14
118 18
118 20
118 32
118 42
118 57
118 60
118 62
118 82
118 88
118 94
118 109
118 115
118 126
118 135
118 142
118 160
118 169
118 179
118 189
118 214
118 217
118 249
118 250
118 276
118 279
118 293
118 322
118 369
118 377
118 389
118 414
118 419
118 444
118 453
118 467
118 475
118 478
118 481
118 484
119 7
119 35
119 68
119 87
119 133
119 148
119 165
119 197
119 204
119 271
119 301
119 320
119 338
119 365
119 387
119 487
120 34
120 37
120 68
120 102
120 200
120 225
120 263
120 323
120 366
121 209
121 216
121 249
121 294
121 304
121 312
121 335
121 343
121 398
121 434
121 443
122 33
122 106
122 112
122 140
122 143
122 146
122 177
122 185
122 235
122 283
122 287
122 302
122 308
122 317
122 353
122 366
122 393
122 407
122 409
122 415
122 417
122 430
122 464
122 476
122 481
122 483
122 488
122 495
123 2
123 20
123 190
123 192
123 278
123 297
123 310
123 400
123 492
124 72
124 79
124 81
124 82
124 98
124 158
124 171
124 330
124 381
124 395
124 469
124 471
124 479
124 496
125 63
125 158
125 297
125 332
125 394
125 428
126 1
126 11
126 14
126 18
126 29
126 42
126 50
126 57
126 62
126 89
126 94
126 109
126 118
126 135
126 142
126 179
126 214
126 217
126 246
126 249
126 250
126 267
126 272
126 276
126 295
126 299
126 303
126 322
126 332
126 367
126 369
126 377
126 394
126 400
126 414
126 416
126 419
126 436
126 444
126 467
126 475
126 478
126 484
126 487
126 490
127 22
127 36
127 51
127 101
127 131
127 174
127 193
127 202
127 257
127 262
127 301
127 357
127 445
127 499
128 14
128 20
128 78
128 211
128 269
128 278
128 306
128 346
128 356
129 46
129 63
129 72
129 79
129 81
129 82
129 83
129 96
129 98
129 158
129 169
129 199
129 211
129 229
129 250
129 259
129 299
129 303
129 324
129 332
129 387
129 394
129 416
129 444
129 445
129 456
129 469
129 471
129 489
129 496
130 7
130 161
130 175
130 199
130 226
130 236
130 260
130 325
130 345
131 22
131 36
131 66
131 127
131 193
131 257
131 262
131 273
131 301
131 336
131 350
131 357
132 20
132 37
132 57
132 85
132 207
132 243
132 273
132 297
132 309
132 310
132 324
132 336
132 398
132 399
132 418
132 447
132 463
133 8
133 35
133 40
133 71
133 82
133 105
133 114
133 119
133 148
133 149
133 162
133 165
133 197
133 201
133 204
133 219
133 234
133 256
133 267
133 271
133 274
133 277
133 320
133 338
133 343
133 359
133 365
133 404
133 405
133 479
133 487
134 43
134 46
134 59
134 64
134 149
134 170
134 206
134 241
134 277
134 279
134 283
134 295
134 306
134 317
134 329
134 332
134 334
134 373
134 382
134 399
134 414
134 471
134 474
134 489
135 14
135 42
135 57
135 62
135 79
135 94
135 109
135 114
135 118
135 126
135 142
135 149
135 170
135 179
135 189
135 205
135 214
135 217
135 227
135 233
135 249
135 250
135 268
135 272
135 276
135 288
135 293
135 322
135 352
135 367
135 369
135 377
135 414
135 416
135 419
135 444
135 467
135 475
135 478
135 484
136 5
136 80
136 99
136 171
136 195
136 213
136 223
136 295
137 20
137 46
137 73
137 85
137 150
137 190
137 192
137 207
137 208
137 240
137 243
137 273
137 286
137 295
137 297
137 309
137 310
137 366
137 398
137 400
137 405
137 446
137 447
137 466
138 8
138 29
138 30
138 64
138 218
138 244
138 300
138 385
139 68
139 88
139 179
139 207
139 212
139 238
139 350
139 412
139 466
139 492
140 0
140 2
140 20
140 31
140 68
140 95
140 100
140 122
140 145
140 181
140 192
140 224
140 245
140 281
140 285
140 292
140 294
140 311
140 323
140 342
140 362
140 375
140 379
140 462
140 490
141 20
141 31
141 170
141 190
141 192
141 240
141 271
141 273
141 276
141 297
141 310
141 324
141 347
141 398
141 447
141 453
141 456
142 14
142 23
142 25
142 29
142 32
142 34
142 41
142 42
142 57
142 62
142 79
142 82
142 89
142 94
142 109
142 118
142 126
142 135
142 167
142 179
142 190
142 205
142 214
142 217
142 249
142 250
142 272
142 273
142 276
142 322
142 339
142 367
142 369
142 377
142 414
142 418
142 419
142 420
142 441
142 443
142 444
142 467
142 475
142 478
142 484
142 489
142 492
143 18
143 43
143 54
143 67
143 106
143 122
143 146
143 170
143 177
143 185
143 235
143 250
143 283
143 297
143 302
143 308
143 353
143 363
143 366
143 407
143 409
143 412
143 417
143 456
143 464
143 476
143 481
143 483
143 488
143 495
144 20
144 85
144 171
144 190
144 192
144 314
144 317
144 446
144 447
145 26
145 31
145 140
145 221
145 281
145 292
145 462
145 490
146 106
146 122
146 143
146 177
146 195
146 366
146 481
147 44
147 74
147 160
147 180
147 206
147 230
147 232
147 371
148 35
148 40
148 62
148 71
148 111
148 119
148 133
148 161
148 162
148 165
148 197
148 204
148 234
148 250
148 267
148 271
148 274
148 295
148 320
148 338
148 359
148 365
148 404
148 414
148 429
148 469
148 479
148 487
149 7
149 43
149 59
149 64
149 73
149 86
149 87
149 98
149 108
149 133
149 134
149 135
149 164
149 206
149 214
149 226
149 231
149 232
149 241
149 249
149 270
149 277
149 279
149 283
149 290
149 295
149 314
149 317
149 334
149 339
149 368
149 373
149 374
149 382
149 399
149 415
149 427
149 440
149 449
149 451
149 462
149 467
149 471
149 474
149 487
149 489
149 497
149 499
150 9
150 17
150 41
150 51
150 56
150 65
150 98
150 112
150 137
150 153
150 165
150 169
150 173
150 184
150 201
150 233
150 247
150 313
150 321
150 334
150 354
150 370
150 406
150 440
150 444
150 455
150 466
150 468
150 485
150 486
151 176
151 251
151 287
151 328
151 360
151 372
152 51
152 76
152 219
152 315
152 332
152 351
152 378
152 395
152 429
152 448
152 476
153 41
153 65
153 99
153 112
153 150
153 169
153 179
153 201
153 233
153 247
153 279
153 313
153 330
153 370
153 377
153 406
153 430
153 440
153 455
153 456
153 468
154 68
154 195
154 213
154 302
154 326
154 358
155 4
155 13
155 14
155 39
155 54
155 63
155 70
155 77
155 81
155 90
155 178
155 274
155 280
155 358
155 367
155 420
155 423
155 426
155 433
155 437
155 461
155 465
155 468
155 473
155 478
156 7
156 56
156 101
156 105
156 161
156 175
156 199
156 295
156 324
156 345
156 382
156 432
157 6
157 8
157 10
157 16
157 30
157 191
157 195
157 218
157 244
157 337
157 354
157 389
157 391
158 20
158 23
158 45
158 46
158 63
158 72
158 79
158 81
158 82
158 83
158 85
158 96
158 98
158 124
158 125
158 129
158 169
158 213
158 224
158 227
158 229
158 236
158 244
158 270
158 276
158 290
158 299
158 303
158 329
158 332
158 340
158 344
158 346
158 355
158 381
158 387
158 394
158 399
158 408
158 414
158 416
158 446
158 449
158 456
158 469
158 471
158 496
158 498
159 176
159 192
159 210
159 287
159 328
159 330
159 374
160 12
160 44
160 74
160 92
160 103
160 104
160 118
160 147
160 163
160 182
160 183
160 219
160 230
160 293
160 369
160 371
160 428
160 475
161 7
161 56
161 101
161 105
161 112
161 130
161 148
161 156
161 175
161 199
161 260
161 268
161 275
161 277
161 345
161 360
161 381
161 402
161 471
162 35
162 40
162 50
162 108
162 133
162 148
162 165
162 170
162 204
162 267
162 268
162 271
162 274
162 320
162 338
162 365
162 376
162 487
163 60
163 74
163 103
163 114
163 160
163 217
163 371
163 428
164 64
164 94
164 149
164 186
164 206
164 212
164 241
164 277
164 279
164 283
164 290
164 295
164 314
164 334
164 351
164 366
164 373
164 382
164 399
164 415
164 474
164 475
164 488
165 1
165 35
165 40
165 71
165 79
165 114
165 119
165 133
165 148
165 150
165 162
165 197
165 204
165 219
165 234
165 238
165 267
165 271
165 274
165 308
165 320
165 332
165 338
165 359
165 365
165 372
165 404
165 455
165 467
165 479
165 487
165 492
166 11
166 18
166 68
166 212
166 238
166 286
166 347
166 350
166 384
166 412
166 438
166 466
166 492
166 499
167 22
167 51
167 76
167 142
167 220
167 242
167 315
167 327
167 351
167 395
167 429
167 448
167 455
168 21
168 45
168 84
168 217
168 289
168 327
168 385
168 393
168 425
168 438
169 9
169 41
169 65
169 79
169 99
169 112
169 118
169 129
169 150
169 153
169 158
169 194
169 201
169 233
169 247
169 260
169 313
169 329
169 350
169 370
169 406
169 427
169 440
169 455
169 468
169 485
169 486
170 20
170 39
170 85
170 134
170 135
170 141
170 143
170 162
170 190
170 192
170 207
170 240
170 243
170 249
170 273
170 291
170 297
170 298
170 309
170 310
170 318
170 324
170 331
170 336
170 359
170 376
170 382
170 393
170 398
170 400
170 421
170 446
170 447
170 450
170 453
171 124
171 136
171 144
171 195
171 200
171 206
171 213
171 223
171 319
171 358
171 390
171 416
172 26
172 68
172 88
172 286
172 347
172 384
172 432
172 466
173 77
173 112
173 150
173 233
173 313
173 455
174 86
174 113
174 127
174 340
174 348
174 361
174 410
174 431
174 465
175 7
175 16
175 38
175 56
175 101
175 105
175 130
175 156
175 161
175 199
175 214
175 260
175 275
175 345
175 360
175 402
175 403
175 412
175 414
175 419
175 473
176 6
176 58
176 151
176 159
176 210
176 251
176 270
176 279
176 287
176 328
176 330
176 372
176 374
176 380
176 381
176 388
177 40
177 46
177 82
177 104
177 106
177 122
177 143
177 146
177 185
177 235
177 275
177 302
177 308
177 363
177 366
177 407
177 409
177 417
177 421
177 439
177 464
177 475
177 476
177 481
177 483
177 484
177 488
177 495
178 155
178 280
178 423
178 437
178 446
178 474
179 14
179 42
179 62
179 94
179 109
179 118
179 126
179 135
179 139
179 142
179 153
179 214
179 238
179 249
179 250
179 276
179 313
179 322
179 369
179 377
179 414
179 419
179 444
179 446
179 447
179 450
179 453
179 475
179 478
180 29
180 117
180 147
180 252
180 254
180 264
180 265
180 298
180 316
180 334
180 411
180 459
180 472
180 498
181 2
181 140
181 292
181 342
181 362
181 462
182 12
182 44
182 70
182 74
182 103
182 160
182 204
182 331
182 371
182 428
182 444
183 44
183 74
183 160
183 271
183 355
183 371
183 428
184 65
184 150
184 201
184 233
184 247
184 309
184 440
184 479
185 26
185 106
185 122
185 143
185 177
185 235
185 302
185 310
185 366
185 409
185 452
186 16
186 96
186 164
186 198
186 205
186 221
186 222
186 253
186 288
186 322
186 408
186 413
186 442
187 45
187 48
187 94
187 209
187 261
187 294
187 297
187 312
187 329
187 335
187 343
187 373
187 397
187 441
187 443
188 50
188 248
188 255
188 268
188 283
188 296
188 336
188 364
188 439
188 447
188 469
189 118
189 135
189 249
189 250
189 414
189 419
189 478
189 480
190 14
190 20
190 39
190 85
190 98
190 123
190 137
190 141
190 142
190 144
190 170
190 192
190 207
190 233
190 240
190 241
190 243
190 273
190 286
190 291
190 297
190 309
190 310
190 318
190 324
190 336
190 377
190 398
190 400
190 411
190 421
190 439
190 446
190 447
190 453
190 474
190 496
191 6
191 8
191 16
191 30
191 53
191 60
191 69
191 93
191 109
191 157
191 218
191 244
191 256
191 300
191 305
191 337
191 381
191 389
191 404
191 414
191 441
191 480
192 8
192 20
192 39
192 44
192 72
192 85
192 98
192 123
192 137
192 140
192 141
192 144
192 159
192 170
192 190
192 206
192 207
192 231
192 237
192 240
192 243
192 249
192 273
192 291
192 297
192 309
192 310
192 324
192 331
192 376
192 398
192 400
192 405
192 415
192 416
192 421
192 446
192 447
192 453
193 22
193 24
193 36
193 127
193 131
193 202
193 257
193 262
193 301
193 312
193 357
193 373
193 389
193 393
193 402
193 445
193 451
193 460
194 112
194 169
194 230
194 247
194 305
194 313
194 440
194 455
195 11
195 80
195 136
195 146
195 154
195 157
195 171
195 213
195 319
195 326
195 345
195 352
195 358
196 258
196 284
196 314
196 325
196 435
196 458
197 35
197 42
197 53
197 119
197 133
197 148
197 165
197 204
197 267
197 271
197 274
197 320
197 326
197 359
197 368
197 487
198 186
198 205
198 222
198 253
198 446
198 467
199 7
199 38
199 56
199 101
199 105
199 129
199 130
199 156
199 161
199 175
199 260
199 297
199 303
199 342
199 345
199 360
199 403
199 424
200 120
200 171
200 223
200 352
200 358
200 407
201 9
201 41
201 57
201 62
201 65
201 99
201 112
201 133
201 150
201 153
201 169
201 184
201 218
201 233
201 247
201 313
201 314
201 321
201 337
201 370
201 375
201 406
201 440
201 455
201 468
201 485
201 489
201 490
201 494
202 11
202 22
202 24
202 36
202 111
202 116
202 127
202 193
202 204
202 225
202 250
202 257
202 262
202 270
202 299
202 301
202 338
202 357
202 415
202 445
202 460
203 248
203 255
203 268
203 419
203 437
203 439
204 14
204 23
204 35
204 40
204 41
204 71
204 119
204 133
204 148
204 162
204 165
204 182
204 197
204 202
204 219
204 234
204 254
204 267
204 271
204 274
204 320
204 338
204 359
204 365
204 404
204 413
204 419
204 447
204 487
205 61
205 135
205 142
205 186
205 198
205 221
205 222
205 237
205 252
205 253
205 288
205 368
205 408
205 413
205 442
206 43
206 59
206 61
206 64
206 86
206 98
206 102
206 108
206 134
206 147
206 149
206 164
206 171
206 192
206 210
206 226
206 231
206 237
206 238
206 241
206 269
206 277
206 279
206 281
206 283
206 290
206 295
206 314
206 317
206 329
206 334
206 339
206 368
206 373
206 382
206 399
206 415
206 424
206 427
206 451
206 474
206 489
206 497
206 499
207 20
207 39
207 64
207 85
207 132
207 137
207 139
207 170
207 190
207 192
207 211
207 240
207 241
207 243
207 273
207 277
207 291
207 297
207 309
207 310
207 318
207 324
207 336
207 376
207 398
207 400
207 405
207 414
207 434
207 440
207 446
207 447
207 453
207 454
207 468
207 471
207 482
208 2
208 137
208 297
208 330
208 446
208 447
209 43
209 48
209 65
209 66
209 68
209 70
209 103
209 121
209 187
209 216
209 261
209 294
209 312
209 335
209 343
209 397
209 432
209 434
209 441
209 443
209 454
210 39
210 58
210 92
210 108
210 159
210 176
210 206
210 226
210 251
210 287
210 328
210 330
210 372
210 374
210 380
210 388
210 475
211 78
211 110
211 128
211 129
211 207
211 269
211 278
211 306
211 346
211 356
211 377
212 10
212 18
212 26
212 28
212 41
212 49
212 59
212 66
212 68
212 88
212 109
212 139
212 164
212 166
212 238
212 243
212 270
212 276
212 286
212 290
212 293
212 314
212 317
212 333
212 347
212 350
212 384
212 412
212 437
212 466
212 490
212 492
213 63
213 80
213 136
213 154
213 158
213 171
213 195
213 223
213 319
213 326
213 358
213 390
213 404
213 414
214 2
214 14
214 29
214 42
214 57
214 62
214 72
214 80
214 89
214 94
214 109
214 118
214 126
214 135
214 142
214 149
214 175
214 179
214 249
214 250
214 252
214 276
214 277
214 291
214 295
214 322
214 369
214 377
214 413
214 414
214 419
214 430
214 444
214 446
214 475
214 477
214 478
214 484
215 94
215 377
215 414
215 419
215 444
215 478
216 1
216 48
216 121
216 209
216 294
216 312
216 317
216 335
216 387
216 432
217 14
217 39
217 57
217 82
217 109
217 118
217 126
217 135
217 142
217 163
217 168
217 247
217 249
217 250
217 266
217 276
217 322
217 369
217 377
217 414
217 419
217 444
217 471
217 478
218 6
218 8
218 16
218 22
218 30
218 53
218 69
218 78
218 93
218 138
218 157
218 191
218 201
218 228
218 244
218 256
218 300
218 305
218 316
218 379
218 389
218 424
218 440
219 133
219 152
219 160
219 165
219 204
219 271
219 274
219 320
219 365
219 472
219 487
220 51
220 76
220 82
220 100
220 167
220 315
220 351
220 369
220 378
220 395
220 396
220 429
220 448
221 61
221 71
221 145
221 186
221 205
221 222
221 232
221 253
221 288
221 408
221 413
221 442
221 498
222 61
222 94
222 98
222 112
222 186
222 198
222 205
222 221
222 253
222 408
222 413
222 414
223 5
223 80
223 108
223 136
223 171
223 200
223 213
223 249
223 322
223 358
223 390
223 427
224 63
224 79
224 81
224 98
224 140
224 158
224 303
224 332
224 375
224 416
224 456
224 482
225 34
225 102
225 120
225 202
225 263
225 449
225 465
225 474
226 59
226 64
226 130
226 149
226 206
226 210
226 241
226 279
226 283
226 293
226 303
226 314
226 317
226 334
226 373
226 377
226 382
226 399
227 23
227 46
227 58
227 63
227 72
227 79
227 81
227 82
227 83
227 96
227 98
227 135
227 158
227 229
227 295
227 299
227 303
227 329
227 332
227 337
227 340
227 344
227 369
227 373
227 381
227 387
227 394
227 400
227 416
227 419
227 453
227 456
227 469
227 471
227 496
227 498
228 26
228 63
228 72
228 79
228 81
228 218
228 229
228 299
228 332
228 371
228 449
228 456
228 471
228 496
229 7
229 46
229 63
229 72
229 76
229 79
229 81
229 82
229 83
229 95
229 96
229 98
229 129
229 158
229 227
229 228
229 253
229 261
229 299
229 303
229 312
229 318
229 324
229 329
229 332
229 344
229 381
229 384
229 387
229 394
229 412
229 416
229 443
229 456
229 470
229 471
229 483
229 496
229 498
230 7
230 44
230 57
230 65
230 74
230 103
230 104
230 147
230 160
230 194
230 371
230 428
231 9
231 40
231 64
231 108
231 149
231 192
231 206
231 241
231 270
231 271
231 277
231 279
231 290
231 295
231 302
231 314
231 317
231 339
231 350
231 373
231 382
231 399
231 489
232 108
232 147
232 149
232 221
232 314
232 317
232 399
232 427
232 428
233 9
233 36
233 41
233 65
233 72
233 112
233 135
233 150
233 153
233 169
233 173
233 184
233 190
233 201
233 244
233 247
233 313
233 321
233 336
233 354
233 370
233 381
233 406
233 440
233 453
233 455
233 456
233 468
234 8
234 27
234 35
234 62
234 133
234 148
234 165
234 204
234 235
234 267
234 271
234 274
234 320
234 338
234 365
234 407
234 487
235 0
235 33
235 106
235 109
235 122
235 143
235 177
235 185
235 234
235 258
235 291
235 302
235 308
235 311
235 329
235 353
235 366
235 367
235 407
235 409
235 417
235 426
235 476
235 481
235 483
235 488
235 495
235 496
236 26
236 46
236 63
236 79
236 81
236 117
236 130
236 158
236 332
236 387
236 422
236 453
236 456
236 471
236 496
237 46
237 63
237 72
237 83
237 98
237 192
237 205
237 206
237 246
237 303
237 332
237 381
237 416
237 447
237 456
237 471
237 478
237 496
238 10
238 18
238 26
238 28
238 49
238 68
238 72
238 81
238 88
238 96
238 139
238 165
238 166
238 179
238 206
238 212
238 270
238 281
238 286
238 293
238 304
238 310
238 333
238 347
238 350
238 384
238 412
238 421
238 462
238 463
238 466
238 477
238 492
239 13
239 280
239 353
239 423
239 437
239 465
240 20
240 39
240 43
240 72
240 137
240 141
240 170
240 190
240 192
240 207
240 244
240 273
240 280
240 281
240 291
240 297
240 309
240 310
240 324
240 334
240 336
240 368
240 384
240 398
240 400
240 415
240 446
240 447
240 453
240 482
241 43
241 59
241 60
241 64
241 73
241 86
241 87
241 108
241 134
241 149
241 164
241 190
241 206
241 207
241 226
241 231
241 259
241 276
241 277
241 279
241 283
241 290
241 295
241 303
241 307
241 309
241 314
241 317
241 332
241 334
241 339
241 342
241 368
241 373
241 376
241 382
241 399
241 415
241 427
241 438
241 444
241 451
241 456
241 466
241 474
241 484
241 489
241 497
241 499
242 41
242 167
242 258
242 259
242 276
242 284
242 325
242 341
242 392
242 458
243 6
243 18
243 20
243 42
243 85
243 132
243 137
243 170
243 190
243 192
243 207
243 212
243 273
243 291
243 297
243 309
243 310
243 324
243 336
243 373
243 376
243 377
243 398
243 400
243 419
243 446
243 447
243 453
243 471
243 482
243 490
244 6
244 8
244 16
244 30
244 53
244 69
244 93
244 112
244 138
244 157
244 158
244 191
244 218
244 233
244 240
244 256
244 300
244 305
244 337
244 383
244 389
244 455
244 476
244 480
245 2
245 31
245 140
245 281
245 311
245 469
245 490
246 113
246 126
246 237
246 304
246 321
246 340
246 361
246 493
247 14
247 41
247 65
247 88
247 112
247 150
247 153
247 169
247 184
247 194
247 201
247 217
247 233
247 294
247 311
247 313
247 354
247 370
247 382
247 406
247 416
247 419
247 440
247 455
247 468
247 484
247 486
248 50
248 98
248 188
248 203
248 255
248 268
248 296
248 406
248 439
249 1
249 14
249 16
249 29
249 42
249 57
249 62
249 88
249 89
249 94
249 109
249 118
249 121
249 126
249 135
249 142
249 149
249 170
249 179
249 189
249 192
249 214
249 217
249 223
249 250
249 272
249 276
249 279
249 318
249 322
249 347
249 367
249 369
249 377
249 414
249 416
249 419
249 421
249 430
249 444
249 455
249 466
249 467
249 475
249 476
249 478
249 484
249 489
250 1
250 14
250 19
250 25
250 29
250 42
250 57
250 62
250 92
250 94
250 109
250 118
250 126
250 129
250 135
250 142
250 143
250 148
250 179
250 189
250 202
250 214
250 217
250 249
250 276
250 280
250 309
250 322
250 357
250 367
250 369
250 377
250 414
250 418
250 419
250 440
250 441
250 444
250 467
250 468
250 475
250 478
250 484
250 487
251 56
251 151
251 176
251 210
251 287
251 328
251 330
251 372
251 374
251 377
251 380
251 388
251 465
251 481
251 489
251 497
252 65
252 117
252 180
252 205
252 214
252 265
252 298
252 472
253 39
253 83
253 186
253 198
253 205
253 221
253 222
253 229
253 366
253 408
253 413
253 442
254 4
254 180
254 204
254 264
254 411
254 472
255 50
255 188
255 203
255 248
255 268
255 296
255 300
255 348
255 364
255 421
255 439
255 464
256 6
256 8
256 16
256 30
256 53
256 69
256 93
256 133
256 191
256 218
256 244
256 299
256 300
256 305
256 313
256 337
256 373
256 382
256 389
256 480
256 482
257 11
257 22
257 24
257 36
257 62
257 90
257 116
257 127
257 131
257 193
257 202
257 262
257 301
257 305
257 332
257 357
257 399
257 445
257 460
257 476
257 491
258 28
258 196
258 235
258 242
258 267
258 325
258 341
258 383
258 392
258 435
259 129
259 241
259 242
259 325
259 341
259 355
259 370
259 435
260 7
260 56
260 68
260 101
260 105
260 130
260 161
260 169
260 175
260 199
260 343
260 345
260 489
260 492
261 48
261 107
261 187
261 209
261 229
261 294
261 336
261 397
261 434
261 443
262 3
262 11
262 22
262 24
262 36
262 72
262 88
262 116
262 127
262 131
262 193
262 202
262 257
262 301
262 357
262 373
262 387
262 399
262 445
262 460
262 467
262 491
263 7
263 15
263 34
263 37
263 47
263 102
263 104
263 120
263 225
263 266
263 322
263 323
263 347
263 370
263 449
263 450
264 117
264 180
264 254
264 265
264 368
264 400
264 411
264 472
265 18
265 70
265 116
265 117
265 180
265 252
265 264
265 316
265 459
265 472
266 102
266 217
266 263
266 323
266 449
266 450
266 455
267 30
267 35
267 39
267 40
267 102
267 126
267 133
267 148
267 162
267 165
267 197
267 204
267 234
267 258
267 271
267 273
267 274
267 320
267 338
267 365
267 389
267 404
267 414
267 487
268 50
268 75
268 107
268 135
268 161
268 162
268 188
268 203
268 248
268 255
268 296
268 324
268 364
268 439
268 456
269 52
269 78
269 100
269 110
269 128
269 206
269 211
269 278
269 306
269 398
269 452
270 10
270 18
270 26
270 28
270 68
270 80
270 88
270 97
270 149
270 158
270 176
270 202
270 212
270 231
270 238
270 273
270 286
270 293
270 300
270 333
270 347
270 350
270 384
270 402
270 412
270 466
270 477
270 492
271 35
271 40
271 119
271 133
271 141
271 148
271 162
271 165
271 183
271 197
271 204
271 219
271 231
271 234
271 267
271 274
271 320
271 331
271 338
271 359
271 365
271 399
271 404
271 420
271 448
271 487
272 57
272 94
272 126
272 135
272 142
272 249
272 276
272 286
272 347
272 369
272 377
272 419
272 427
272 439
272 444
272 478
273 20
273 26
273 39
273 57
273 82
273 83
273 85
273 131
273 132
273 137
273 141
273 142
273 170
273 190
273 192
273 207
273 240
273 243
273 267
273 270
273 291
273 293
273 297
273 299
273 309
273 310
273 318
273 324
273 336
273 376
273 398
273 400
273 405
273 407
273 421
273 427
273 446
273 447
273 453
273 482
274 35
274 40
274 41
274 42
274 71
274 74
274 133
274 148
274 155
274 162
274 165
274 197
274 204
274 219
274 234
274 267
274 271
274 303
274 320
274 338
274 359
274 365
274 404
274 425
274 442
274 447
274 471
274 479
274 487
274 492
275 7
275 105
275 161
275 175
275 177
275 475
276 14
276 18
276 29
276 31
276 42
276 57
276 62
276 64
276 79
276 89
276 94
276 109
276 118
276 126
276 135
276 141
276 142
276 158
276 179
276 212
276 214
276 217
276 241
276 242
276 249
276 250
276 272
276 281
276 295
276 322
276 367
276 369
276 377
276 414
276 419
276 444
276 475
276 478
276 484
276 488
276 490
277 8
277 43
277 59
277 60
277 64
277 73
277 81
277 86
277 99
277 104
277 108
277 133
277 134
277 149
277 161
277 164
277 206
277 207
277 214
277 231
277 241
277 279
277 283
277 286
277 290
277 295
277 303
277 307
277 314
277 317
277 334
277 342
277 344
277 368
277 373
277 378
277 382
277 399
277 415
277 427
277 451
277 466
277 474
277 489
277 497
277 499
278 78
278 110
278 123
278 128
278 211
278 269
278 306
278 346
278 395
278 427
278 466
279 8
279 43
279 59
279 64
279 65
279 73
279 85
279 86
279 87
279 108
279 109
279 118
279 134
279 149
279 153
279 164
279 176
279 206
279 226
279 231
279 241
279 249
279 277
279 283
279 290
279 295
279 314
279 334
279 339
279 342
279 368
279 373
279 382
279 384
279 387
279 399
279 415
279 427
279 451
279 474
279 486
279 489
279 495
279 499
280 4
280 13
280 54
280 70
280 155
280 178
280 239
280 240
280 250
280 292
280 334
280 384
280 420
280 423
280 426
280 433
280 437
280 461
280 465
280 473
281 0
281 1
281 2
281 3
281 31
281 65
281 95
281 100
281 106
281 140
281 145
281 206
281 238
281 240
281 245
281 276
281 285
281 292
281 311
281 342
281 356
281 362
281 375
281 450
281 462
281 490
282 51
282 315
282 339
282 351
282 395
282 461
283 23
283 43
283 59
283 64
283 85
283 86
283 88
283 108
283 122
283 134
283 143
283 149
283 164
283 188
283 206
283 226
283 241
283 277
283 279
283 290
283 295
283 314
283 315
283 334
283 339
283 362
283 368
283 373
283 382
283 399
283 415
283 416
283 427
283 447
283 451
283 472
283 474
283 489
284 108
284 196
284 242
284 308
284 325
284 341
284 383
284 392
284 435
284 458
284 485
285 86
285 140
285 281
285 292
285 342
285 462
285 490
286 10
286 18
286 26
286 49
286 66
286 68
286 88
286 91
286 94
286 97
286 137
286 166
286 172
286 190
286 212
286 238
286 270
286 272
286 277
286 293
286 317
286 333
286 347
286 350
286 370
286 384
286 390
286 412
286 419
286 437
286 447
286 466
286 477
286 492
287 122
287 151
287 159
287 176
287 210
287 251
287 312
287 328
287 330
287 349
287 372
287 374
287 404
288 38
288 135
288 186
288 205
288 221
288 408
288 413
289 19
289 21
289 27
289 46
289 67
289 79
289 84
289 91
289 168
289 291
289 332
289 385
289 386
289 393
289 425
289 436
289 438
289 457
289 469
289 474
290 21
290 63
290 86
290 106
290 108
290 149
290 158
290 164
290 206
290 212
290 231
290 241
290 277
290 279
290 283
290 295
290 314
290 328
290 334
290 362
290 368
290 373
290 392
290 399
290 427
290 489
291 19
291 20
291 39
291 85
291 98
291 170
291 190
291 192
291 207
291 214
291 235
291 240
291 243
291 273
291 289
291 297
291 309
291 310
291 318
291 324
291 325
291 331
291 336
291 350
291 376
291 398
291 399
291 405
291 421
291 425
291 446
291 447
291 482
291 498
292 2
292 3
292 22
292 31
292 75
292 95
292 100
292 140
292 145
292 181
292 280
292 281
292 285
292 311
292 330
292 342
292 362
292 375
292 384
292 396
292 462
292 490
293 18
293 26
293 46
293 68
293 88
293 118
293 135
293 160
293 212
293 226
293 238
293 270
293 273
293 286
293 309
293 347
293 350
293 384
293 412
293 446
293 466
293 492
294 5
294 46
294 48
294 103
294 121
294 140
294 187
294 209
294 216
294 247
294 261
294 312
294 335
294 397
294 432
294 434
294 441
294 443
294 454
295 14
295 36
295 43
295 59
295 64
295 86
295 108
295 126
295 134
295 136
295 137
295 148
295 149
295 156
295 164
295 206
295 214
295 227
295 231
295 241
295 276
295 277
295 279
295 283
295 290
295 314
295 317
295 334
295 339
295 373
295 382
295 399
295 415
295 427
295 451
295 474
295 484
295 489
295 499
296 50
296 75
296 107
296 188
296 248
296 255
296 268
296 349
296 370
296 438
296 439
297 20
297 31
297 39
297 69
297 85
297 117
297 123
297 125
297 132
297 137
297 141
297 143
297 170
297 187
297 190
297 192
297 199
297 207
297 208
297 240
297 243
297 273
297 291
297 302
297 309
297 310
297 318
297 323
297 324
297 331
297 332
297 336
297 371
297 372
297 376
297 389
297 398
297 400
297 405
297 406
297 421
297 446
297 447
297 453
297 482
298 109
298 117
298 170
298 180
298 252
298 312
298 316
298 411
298 472
299 23
299 45
299 46
299 59
299 62
299 63
299 72
299 79
299 81
299 82
299 83
299 84
299 93
299 96
299 98
299 126
299 129
299 158
299 202
299 227
299 228
299 229
299 256
299 273
299 303
299 320
299 329
299 332
299 339
299 344
299 369
299 379
299 381
299 387
299 394
299 414
299 416
299 456
299 469
299 471
299 496
299 498
300 6
300 8
300 16
300 30
300 43
300 63
300 69
300 82
300 138
300 191
300 218
300 244
300 255
300 256
300 270
300 305
300 337
300 389
300 451
300 480
301 10
301 11
301 22
301 24
301 36
301 47
301 116
301 119
301 127
301 131
301 193
301 202
301 257
301 262
301 357
301 374
301 415
301 445
301 446
301 460
301 491
302 33
302 72
302 88
302 106
302 113
302 122
302 143
302 154
302 177
302 185
302 231
302 235
302 297
302 308
302 353
302 363
302 366
302 383
302 407
302 409
302 417
302 440
302 441
302 464
302 476
302 481
302 483
302 488
302 495
302 496
303 23
303 46
303 63
303 72
303 79
303 81
303 82
303 83
303 96
303 98
303 126
303 129
303 158
303 199
303 224
303 226
303 227
303 229
303 237
303 241
303 274
303 277
303 299
303 329
303 332
303 371
303 379
303 387
303 394
303 399
303 400
303 416
303 456
303 458
303 470
303 471
303 490
303 496
303 498
304 17
304 113
304 121
304 238
304 246
304 340
304 348
304 361
305 6
305 16
305 30
305 191
305 194
305 218
305 244
305 256
305 257
305 300
305 389
305 399
305 484
306 52
306 68
306 78
306 110
306 128
306 134
306 211
306 269
306 278
306 346
306 348
306 356
306 452
307 105
307 241
307 277
307 314
307 334
307 373
308 86
308 106
308 122
308 143
308 165
308 177
308 235
308 284
308 302
308 409
308 483
308 488
309 20
309 39
309 81
309 85
309 132
309 137
309 170
309 184
309 190
309 192
309 207
309 240
309 241
309 243
309 250
309 273
309 291
309 293
309 297
309 310
309 311
309 318
309 324
309 329
309 331
309 332
309 336
309 371
309 376
309 398
309 400
309 414
309 446
309 447
309 482
310 20
310 39
310 64
310 85
310 105
310 123
310 132
310 137
310 141
310 170
310 185
310 190
310 192
310 207
310 238
310 240
310 243
310 273
310 291
310 297
310 309
310 317
310 318
310 324
310 336
310 344
310 398
310 400
310 406
310 415
310 419
310 427
310 446
310 447
310 453
310 478
310 482
311 2
311 31
311 67
311 94
311 140
311 235
311 245
311 247
311 281
311 292
311 309
311 342
311 362
311 375
311 398
311 462
311 490
312 48
312 107
312 121
312 187
312 193
312 209
312 216
312 229
312 287
312 294
312 298
312 335
312 343
312 349
312 434
312 443
312 454
313 9
313 27
313 41
313 65
313 99
313 112
313 150
313 153
313 169
313 173
313 179
313 194
313 201
313 233
313 247
313 256
313 321
313 354
313 359
313 361
313 370
313 406
313 423
313 440
313 453
313 455
313 456
313 468
313 482
313 485
313 486
313 494
314 8
314 34
314 43
314 59
314 60
314 64
314 86
314 87
314 101
314 108
314 144
314 149
314 164
314 196
314 201
314 206
314 212
314 226
314 231
314 232
314 241
314 277
314 279
314 283
314 290
314 295
314 307
314 315
314 317
314 320
314 334
314 339
314 368
314 371
314 373
314 379
314 382
314 399
314 415
314 427
314 436
314 451
314 474
314 482
314 489
314 496
314 497
314 499
315 4
315 51
315 76
315 152
315 167
315 220
315 282
315 283
315 314
315 327
315 338
315 351
315 378
315 395
315 396
315 429
316 180
316 218
316 265
316 298
316 445
316 472
317 43
317 44
317 59
317 64
317 81
317 84
317 86
317 87
317 96
317 108
317 122
317 134
317 144
317 149
317 206
317 212
317 216
317 226
317 231
317 232
317 241
317 277
317 286
317 295
317 310
317 314
317 334
317 368
317 373
317 382
317 399
317 412
317 415
317 427
317 451
317 474
317 489
318 20
318 39
318 42
318 85
318 170
318 190
318 207
318 229
318 249
318 273
318 291
318 297
318 309
318 310
318 324
318 332
318 358
318 398
318 400
318 405
318 440
318 443
318 446
318 447
318 453
319 171
319 195
319 213
319 352
319 358
319 407
319 437
319 494
320 35
320 40
320 51
320 63
320 69
320 71
320 88
320 95
320 114
320 119
320 133
320 148
320 162
320 165
320 197
320 204
320 219
320 234
320 267
320 271
320 274
320 299
320 314
320 335
320 338
320 359
320 365
320 382
320 404
320 487
321 41
321 65
321 112
321 116
321 150
321 201
321 233
321 246
321 313
321 370
321 375
321 394
321 440
321 455
321 468
322 1
322 14
322 24
322 25
322 29
322 42
322 57
322 62
322 79
322 84
322 88
322 94
322 109
322 118
322 126
322 135
322 142
322 179
322 186
322 214
322 217
322 223
322 249
322 250
322 263
322 276
322 336
322 357
322 369
322 377
322 392
322 397
322 405
322 414
322 419
322 430
322 444
322 467
322 475
322 476
322 478
322 484
323 15
323 34
323 47
323 85
323 102
323 120
323 140
323 263
323 266
323 297
323 347
323 391
323 416
323 422
323 449
323 450
324 20
324 39
324 85
324 98
324 129
324 132
324 141
324 156
324 170
324 190
324 192
324 207
324 229
324 240
324 243
324 268
324 273
324 291
324 297
324 309
324 310
324 318
324 331
324 334
324 336
324 347
324 357
324 398
324 400
324 405
324 409
324 421
324 437
324 446
324 447
324 448
324 453
324 482
325 26
325 130
325 196
325 242
325 258
325 259
325 284
325 291
325 341
325 383
325 392
325 401
325 409
325 435
325 458
326 5
326 80
326 154
326 195
326 197
326 213
327 51
327 59
327 76
327 167
327 168
327 315
327 378
327 395
327 429
327 448
327 475
328 14
328 40
328 58
328 98
328 151
328 159
328 176
328 210
328 251
328 287
328 290
328 330
328 365
328 372
328 374
328 380
328 388
328 415
329 39
329 46
329 63
329 72
329 79
329 81
329 82
329 83
329 98
329 115
329 134
329 158
329 169
329 187
329 206
329 227
329 229
329 235
329 299
329 303
329 309
329 332
329 358
329 394
329 416
329 428
329 471
329 496
329 498
330 58
330 124
330 153
330 159
330 176
330 208
330 210
330 251
330 287
330 292
330 328
330 372
330 374
330 380
330 426
330 490
331 14
331 20
331 85
331 170
331 182
331 192
331 271
331 291
331 297
331 309
331 324
331 398
331 447
331 453
331 471
331 482
332 22
332 23
332 46
332 63
332 72
332 79
332 81
332 82
332 83
332 87
332 98
332 111
332 115
332 125
332 126
332 129
332 134
332 152
332 158
332 165
332 224
332 227
332 228
332 229
332 236
332 237
332 241
332 257
332 289
332 297
332 299
332 303
332 309
332 318
332 329
332 355
332 379
332 381
332 387
332 394
332 398
332 405
332 416
332 456
332 469
332 470
332 471
332 481
332 496
332 498
333 68
333 212
333 238
333 270
333 286
333 347
333 350
333 384
333 492
334 30
334 43
334 59
334 60
334 73
334 86
334 108
334 134
334 149
334 150
334 164
334 180
334 206
334 226
334 240
334 241
334 277
334 279
334 280
334 283
334 290
334 295
334 307
334 314
334 317
334 324
334 339
334 340
334 369
334 373
334 377
334 382
334 399
334 415
334 427
334 456
334 457
334 474
334 489
334 496
335 38
335 48
335 81
335 121
335 187
335 209
335 216
335 294
335 312
335 320
335 349
335 397
335 398
335 432
335 434
335 441
335 443
335 454
335 465
335 466
336 20
336 39
336 68
336 85
336 131
336 132
336 170
336 188
336 190
336 207
336 233
336 240
336 243
336 261
336 273
336 291
336 297
336 309
336 310
336 322
336 324
336 372
336 398
336 446
336 447
336 453
336 468
337 6
337 8
337 16
337 30
337 46
337 50
337 69
337 157
337 191
337 201
337 227
337 244
337 256
337 300
337 389
337 474
338 9
338 20
338 40
338 57
338 83
338 119
338 133
338 148
338 162
338 165
338 202
338 204
338 234
338 267
338 271
338 274
338 315
338 320
338 365
338 487
339 43
339 59
339 98
339 108
339 111
339 142
339 149
339 206
339 231
339 241
339 279
339 282
339 283
339 295
339 299
339 314
339 334
339 370
339 373
339 399
339 489
340 17
340 113
340 158
340 174
340 227
340 246
340 304
340 334
340 348
340 361
340 399
340 410
341 25
341 242
341 258
341 259
341 284
341 325
341 382
341 383
341 392
341 398
341 401
341 435
341 499
342 2
342 3
342 31
342 95
342 100
342 140
342 181
342 199
342 241
342 277
342 279
342 281
342 285
342 292
342 311
342 359
342 362
342 375
342 462
342 469
342 471
342 474
342 490
343 42
343 48
343 121
343 133
343 187
343 209
343 260
343 312
343 397
343 441
343 454
344 39
344 63
344 72
344 81
344 83
344 98
344 158
344 227
344 229
344 277
344 299
344 310
344 377
344 381
344 387
344 394
344 437
344 456
344 469
344 471
344 480
344 498
345 7
345 13
345 33
345 101
345 105
345 130
345 156
345 161
345 175
345 195
345 199
345 260
345 350
345 402
345 427
346 9
346 78
346 128
346 158
346 211
346 278
346 306
346 356
347 6
347 18
347 26
347 42
347 66
347 68
347 88
347 112
347 141
347 166
347 172
347 212
347 238
347 249
347 263
347 270
347 272
347 286
347 293
347 323
347 324
347 333
347 350
347 376
347 384
347 412
347 433
347 466
347 477
347 492
348 113
348 174
348 255
348 304
348 306
348 340
348 361
348 410
348 431
348 451
348 493
349 48
349 287
349 296
349 312
349 335
349 397
349 434
349 443
349 455
350 10
350 18
350 26
350 49
350 59
350 68
350 76
350 83
350 88
350 109
350 131
350 139
350 166
350 169
350 212
350 231
350 238
350 270
350 286
350 291
350 293
350 333
350 345
350 347
350 384
350 412
350 427
350 466
350 492
351 20
351 51
351 76
351 81
351 96
351 152
351 164
351 167
351 220
351 282
351 315
351 372
351 378
351 395
351 396
351 429
351 448
352 77
352 135
352 195
352 200
352 319
352 358
353 29
353 106
353 122
353 143
353 235
353 239
353 302
353 366
353 407
353 461
353 483
354 65
354 112
354 150
354 157
354 233
354 247
354 313
354 363
354 370
354 440
354 455
355 46
355 79
355 81
355 82
355 158
355 183
355 259
355 332
356 31
356 62
356 78
356 110
356 128
356 211
356 281
356 306
356 346
356 452
357 11
357 20
357 22
357 24
357 36
357 57
357 116
357 127
357 131
357 193
357 202
357 250
357 257
357 262
357 301
357 322
357 324
357 366
357 417
357 445
357 460
358 5
358 154
358 155
358 171
358 195
358 200
358 213
358 223
358 318
358 319
358 329
358 352
358 390
358 499
359 22
359 35
359 133
359 148
359 165
359 170
359 197
359 204
359 271
359 274
359 313
359 320
359 342
359 365
359 406
359 487
360 7
360 56
360 105
360 151
360 161
360 175
360 199
361 3
361 113
361 174
361 246
361 304
361 313
361 340
361 348
361 410
361 431
361 464
361 467
361 493
362 2
362 31
362 45
362 95
362 100
362 140
362 181
362 281
362 283
362 290
362 292
362 311
362 342
362 375
362 433
362 455
362 462
362 490
362 492
363 106
363 143
363 177
363 302
363 354
363 407
363 483
364 3
364 46
364 188
364 255
364 268
364 439
365 40
365 72
365 88
365 119
365 133
365 148
365 162
365 165
365 204
365 219
365 234
365 267
365 271
365 274
365 320
365 328
365 338
365 359
365 372
365 383
365 414
365 460
365 487
366 33
366 106
366 120
366 122
366 137
366 143
366 146
366 164
366 177
366 185
366 235
366 253
366 302
366 353
366 357
366 407
366 409
366 417
366 440
366 444
366 464
366 474
366 476
366 481
366 483
366 488
366 495
367 14
367 57
367 94
367 109
367 126
367 135
367 142
367 155
367 235
367 249
367 250
367 276
367 369
367 377
367 414
367 419
367 431
367 435
367 444
367 472
367 478
368 35
368 47
368 86
368 108
368 149
368 197
368 205
368 206
368 240
368 241
368 264
368 277
368 279
368 283
368 290
368 314
368 317
368 373
368 382
368 399
368 412
368 474
369 1
369 14
369 25
369 32
369 42
369 57
369 62
369 64
369 68
369 74
369 80
369 94
369 109
369 118
369 126
369 135
369 142
369 160
369 179
369 214
369 217
369 220
369 227
369 249
369 250
369 272
369 276
369 299
369 322
369 334
369 367
369 370
369 377
369 397
369 414
369 419
369 430
369 444
369 467
369 475
369 478
369 482
369 484
369 485
369 489
370 9
370 13
370 41
370 65
370 99
370 112
370 150
370 153
370 169
370 201
370 233
370 247
370 259
370 263
370 286
370 296
370 313
370 321
370 339
370 354
370 369
370 395
370 406
370 440
370 455
370 468
370 494
370 496
370 498
371 12
371 44
371 74
371 92
371 103
371 104
371 147
371 160
371 163
371 182
371 183
371 228
371 230
371 297
371 303
371 309
371 314
371 428
372 35
372 58
372 151
372 165
372 176
372 210
372 251
372 287
372 297
372 328
372 330
372 336
372 351
372 365
372 374
372 380
372 388
372 481
373 19
373 43
373 59
373 60
373 62
373 64
373 73
373 81
373 86
373 87
373 88
373 94
373 106
373 108
373 134
373 149
373 164
373 187
373 193
373 206
373 226
373 227
373 231
373 241
373 243
373 256
373 262
373 277
373 279
373 283
373 290
373 295
373 307
373 314
373 317
373 334
373 339
373 368
373 382
373 399
373 415
373 427
373 429
373 447
373 451
373 474
373 489
373 492
373 499
374 73
374 149
374 159
374 176
374 210
374 251
374 287
374 301
374 328
374 330
374 372
374 388
374 416
374 460
375 0
375 2
375 31
375 140
375 201
375 224
375 281
375 292
375 311
375 321
375 342
375 362
375 462
375 478
375 490
376 20
376 34
376 39
376 85
376 162
376 170
376 192
376 207
376 241
376 243
376 273
376 291
376 297
376 309
376 347
376 412
376 446
376 447
376 483
377 1
377 14
377 29
377 42
377 57
377 62
377 67
377 83
377 94
377 109
377 118
377 126
377 135
377 142
377 153
377 179
377 190
377 211
377 214
377 215
377 217
377 226
377 243
377 249
377 250
377 251
377 272
377 276
377 322
377 334
377 344
377 367
377 369
377 390
377 399
377 414
377 418
377 419
377 444
377 459
377 467
377 475
377 478
377 484
378 4
378 45
378 51
378 76
378 152
378 220
378 277
378 315
378 327
378 351
378 395
378 429
379 46
379 52
379 63
379 72
379 81
379 98
379 140
379 218
379 299
379 303
379 314
379 332
379 381
379 471
380 64
380 176
380 210
380 251
380 328
380 330
380 372
381 23
381 46
381 63
381 72
381 76
381 79
381 81
381 82
381 83
381 98
381 111
381 124
381 158
381 161
381 176
381 191
381 227
381 229
381 233
381 237
381 299
381 332
381 344
381 379
381 387
381 416
381 419
381 454
381 456
381 462
381 471
381 478
381 496
381 498
382 43
382 46
382 59
382 64
382 72
382 86
382 134
382 149
382 156
382 164
382 170
382 206
382 226
382 231
382 241
382 247
382 256
382 277
382 279
382 283
382 295
382 314
382 317
382 320
382 334
382 341
382 368
382 373
382 399
382 409
382 415
382 427
382 446
382 455
382 474
382 489
382 496
383 244
383 258
383 284
383 302
383 325
383 341
383 365
383 392
383 401
383 435
384 10
384 18
384 26
384 28
384 30
384 31
384 33
384 49
384 66
384 68
384 88
384 97
384 101
384 166
384 172
384 212
384 229
384 238
384 240
384 270
384 279
384 280
384 286
384 292
384 293
384 333
384 347
384 350
384 412
384 456
384 463
384 466
384 477
384 483
384 492
385 19
385 84
385 91
385 138
385 168
385 289
385 393
385 425
385 464
385 473
386 19
386 21
386 27
386 63
386 84
386 91
386 289
386 393
386 425
386 438
386 444
386 453
387 14
387 16
387 20
387 23
387 46
387 63
387 72
387 78
387 79
387 81
387 82
387 83
387 85
387 91
387 98
387 111
387 119
387 129
387 158
387 216
387 227
387 229
387 236
387 262
387 279
387 299
387 303
387 332
387 344
387 381
387 394
387 416
387 456
387 469
387 471
387 487
387 489
387 496
387 498
388 176
388 210
388 251
388 328
388 372
388 374
388 491
389 6
389 8
389 16
389 30
389 48
389 53
389 118
389 157
389 191
389 193
389 218
389 244
389 256
389 267
389 297
389 300
389 305
389 337
389 414
389 424
390 80
390 171
390 213
390 223
390 286
390 358
390 377
391 102
391 157
391 323
391 401
391 449
391 450
392 25
392 242
392 258
392 284
392 290
392 322
392 325
392 341
392 383
392 401
392 423
393 19
393 21
393 27
393 67
393 84
393 91
393 122
393 168
393 170
393 193
393 289
393 385
393 386
393 425
393 436
393 438
393 440
393 451
393 457
393 466
394 16
394 20
394 23
394 42
394 46
394 59
394 63
394 72
394 79
394 81
394 82
394 83
394 85
394 98
394 125
394 126
394 129
394 158
394 227
394 229
394 299
394 303
394 321
394 329
394 332
394 344
394 387
394 399
394 416
394 456
394 469
394 471
394 493
394 495
394 498
395 30
395 51
395 76
395 124
395 152
395 167
395 220
395 278
395 282
395 315
395 327
395 351
395 370
395 378
395 396
395 419
395 429
395 434
395 448
396 51
396 65
396 76
396 220
396 292
396 315
396 351
396 395
396 429
397 48
397 103
397 187
397 209
397 261
397 294
397 322
397 335
397 343
397 349
397 369
397 398
397 432
397 441
397 443
397 454
397 474
398 20
398 21
398 39
398 85
398 112
398 121
398 132
398 137
398 141
398 170
398 190
398 192
398 207
398 240
398 243
398 269
398 273
398 291
398 297
398 309
398 310
398 311
398 318
398 324
398 331
398 332
398 335
398 336
398 341
398 397
398 400
398 446
398 447
398 453
398 468
398 482
399 14
399 43
399 59
399 60
399 64
399 73
399 86
399 87
399 98
399 108
399 132
399 134
399 149
399 158
399 164
399 206
399 226
399 231
399 232
399 241
399 257
399 262
399 271
399 277
399 279
399 283
399 290
399 291
399 295
399 303
399 305
399 314
399 317
399 334
399 339
399 340
399 368
399 373
399 377
399 382
399 394
399 412
399 415
399 427
399 451
399 474
399 475
399 489
399 499
400 20
400 39
400 63
400 79
400 85
400 106
400 123
400 126
400 137
400 170
400 190
400 192
400 207
400 227
400 240
400 243
400 264
400 273
400 297
400 303
400 309
400 310
400 318
400 324
400 398
400 405
400 444
400 447
400 453
400 482
400 496
401 55
401 325
401 341
401 383
401 391
401 392
401 435
402 7
402 101
402 105
402 161
402 175
402 193
402 270
402 345
402 488
403 7
403 56
403 101
403 175
403 199
403 422
404 35
404 133
404 148
404 165
404 191
404 204
404 213
404 267
404 271
404 274
404 287
404 320
404 487
404 492
405 20
405 32
405 85
405 133
405 137
405 192
405 207
405 273
405 291
405 297
405 318
405 322
405 324
405 332
405 400
405 416
405 446
405 447
405 453
405 468
405 473
406 28
406 41
406 65
406 110
406 112
406 150
406 153
406 169
406 201
406 233
406 247
406 248
406 297
406 310
406 313
406 359
406 370
406 440
406 455
406 468
407 22
407 33
407 52
407 105
407 106
407 122
407 143
407 177
407 200
407 234
407 235
407 273
407 302
407 319
407 353
407 363
407 366
407 409
407 417
407 438
407 464
407 476
407 481
407 483
407 488
407 495
408 39
408 61
408 158
408 186
408 205
408 221
408 222
408 253
408 288
409 20
409 24
409 46
409 72
409 106
409 122
409 143
409 177
409 185
409 235
409 302
409 308
409 324
409 325
409 366
409 382
409 407
409 417
409 462
409 464
409 476
409 481
409 483
409 488
409 495
410 63
410 91
410 113
410 174
410 340
410 348
410 361
410 431
411 117
411 180
411 190
411 254
411 264
411 298
411 459
411 472
411 488
411 491
412 18
412 26
412 68
412 88
412 109
412 139
412 143
412 166
412 175
412 212
412 229
412 238
412 270
412 286
412 293
412 317
412 347
412 350
412 368
412 376
412 384
412 399
412 429
412 466
412 492
413 186
413 204
413 205
413 214
413 221
413 222
413 253
413 288
414 1
414 2
414 14
414 25
414 32
414 34
414 42
414 57
414 62
414 94
414 109
414 118
414 126
414 134
414 135
414 142
414 148
414 158
414 175
414 179
414 189
414 191
414 207
414 213
414 214
414 215
414 217
414 222
414 249
414 250
414 267
414 276
414 299
414 309
414 322
414 365
414 367
414 369
414 377
414 389
414 418
414 419
414 430
414 444
414 467
414 475
414 478
414 482
414 484
415 43
415 59
415 86
415 108
415 122
415 149
415 164
415 192
415 202
415 206
415 240
415 241
415 277
415 279
415 283
415 295
415 301
415 310
415 314
415 317
415 328
415 334
415 373
415 382
415 399
415 427
415 474
415 487
415 489
415 498
416 46
416 63
416 72
416 79
416 81
416 82
416 83
416 98
416 108
416 111
416 115
416 126
416 129
416 135
416 158
416 171
416 192
416 224
416 227
416 229
416 237
416 247
416 249
416 283
416 299
416 303
416 323
416 329
416 332
416 374
416 381
416 387
416 394
416 405
416 419
416 456
416 471
416 496
416 498
417 23
417 93
417 106
417 122
417 143
417 177
417 235
417 302
417 357
417 366
417 407
417 409
417 483
418 132
418 142
418 250
418 377
418 414
418 478
419 14
419 25
419 29
419 32
419 42
419 43
419 57
419 62
419 89
419 94
419 102
419 109
419 118
419 126
419 135
419 142
419 175
419 179
419 189
419 203
419 204
419 214
419 215
419 217
419 227
419 243
419 247
419 249
419 250
419 272
419 276
419 286
419 310
419 322
419 367
419 369
419 377
419 381
419 395
419 414
419 416
419 430
419 444
419 467
419 471
419 475
419 478
419 481
420 70
420 142
420 155
420 271
420 280
420 423
420 437
420 465
420 473
421 20
421 170
421 177
421 190
421 192
421 238
421 249
421 255
421 273
421 291
421 297
421 324
421 447
422 34
422 102
422 236
422 323
422 403
422 449
423 4
423 13
423 70
423 85
423 90
423 109
423 155
423 178
423 239
423 280
423 313
423 392
423 420
423 426
423 433
423 437
423 461
423 465
423 473
423 475
423 483
424 8
424 30
424 93
424 199
424 206
424 218
424 389
425 19
425 21
425 27
425 65
425 67
425 84
425 91
425 168
425 274
425 289
425 291
425 385
425 386
425 393
425 436
425 438
425 457
425 458
425 474
426 13
426 155
426 235
426 280
426 330
426 423
426 437
426 472
427 43
427 59
427 60
427 64
427 68
427 87
427 108
427 149
427 169
427 206
427 223
427 232
427 241
427 272
427 273
427 277
427 278
427 279
427 283
427 290
427 295
427 310
427 314
427 317
427 334
427 345
427 350
427 373
427 382
427 399
427 415
427 474
427 482
427 489
427 499
428 44
428 74
428 103
428 104
428 109
428 125
428 160
428 163
428 182
428 183
428 230
428 232
428 329
428 371
428 447
429 20
429 51
429 57
429 76
429 148
429 152
429 167
429 220
429 315
429 327
429 351
429 373
429 378
429 395
429 396
429 412
430 9
430 57
430 122
430 153
430 214
430 249
430 322
430 369
430 414
430 419
430 444
430 478
431 17
431 174
431 348
431 361
431 367
431 410
431 478
432 48
432 57
432 106
432 156
432 172
432 209
432 216
432 294
432 335
432 397
432 434
432 443
433 13
433 54
433 58
433 77
433 87
433 155
433 280
433 347
433 362
433 423
433 437
433 465
433 473
434 94
434 102
434 121
434 207
434 209
434 261
434 294
434 312
434 335
434 349
434 395
434 432
434 441
435 82
435 85
435 196
435 258
435 259
435 284
435 325
435 341
435 367
435 383
435 401
435 458
435 478
436 81
436 91
436 126
436 289
436 314
436 393
436 425
437 4
437 13
437 54
437 70
437 77
437 90
437 155
437 178
437 203
437 212
437 239
437 280
437 286
437 319
437 324
437 344
437 420
437 423
437 426
437 433
437 456
437 465
437 473
437 496
438 14
438 19
438 21
438 27
438 67
438 84
438 91
438 166
438 168
438 241
438 289
438 296
438 386
438 393
438 407
438 425
438 457
439 50
439 75
439 177
439 188
439 190
439 203
439 248
439 255
439 268
439 272
439 296
439 364
440 9
440 41
440 65
440 100
440 112
440 149
440 150
440 153
440 169
440 184
440 194
440 201
440 207
440 218
440 233
440 247
440 250
440 302
440 313
440 318
440 321
440 354
440 366
440 370
440 393
440 406
440 455
440 468
440 485
440 486
440 495
441 142
441 187
441 191
441 209
441 250
441 294
441 302
441 335
441 343
441 397
441 434
441 443
442 72
442 186
442 205
442 221
442 253
442 274
443 0
443 86
443 121
443 142
443 187
443 209
443 229
443 261
443 294
443 312
443 318
443 335
443 349
443 397
443 432
443 441
443 454
443 483
444 1
444 14
444 20
444 23
444 32
444 42
444 55
444 56
444 57
444 59
444 62
444 69
444 78
444 94
444 108
444 109
444 118
444 126
444 129
444 135
444 142
444 150
444 179
444 182
444 214
444 215
444 217
444 241
444 249
444 250
444 272
444 276
444 322
444 366
444 367
444 369
444 377
444 386
444 400
444 414
444 419
444 430
444 449
444 467
444 475
444 478
445 22
445 24
445 31
445 36
445 127
445 129
445 193
445 202
445 257
445 262
445 301
445 316
445 357
445 456
446 20
446 35
446 39
446 82
446 85
446 86
446 137
446 144
446 158
446 170
446 178
446 179
446 190
446 192
446 198
446 207
446 208
446 214
446 240
446 243
446 273
446 291
446 293
446 297
446 301
446 309
446 310
446 318
446 324
446 336
446 376
446 382
446 398
446 405
446 447
446 453
446 473
446 482
447 20
447 21
447 26
447 39
447 79
447 85
447 132
447 137
447 141
447 144
447 170
447 179
447 188
447 190
447 192
447 204
447 207
447 208
447 237
447 240
447 243
447 273
447 274
447 283
447 286
447 291
447 297
447 309
447 310
447 318
447 324
447 331
447 336
447 373
447 376
447 398
447 400
447 405
447 421
447 428
447 446
447 453
447 482
447 496
448 76
448 152
448 167
448 220
448 271
448 324
448 327
448 351
448 395
449 15
449 34
449 37
449 47
449 102
449 149
449 158
449 225
449 228
449 263
449 266
449 323
449 391
449 422
449 444
449 450
449 482
450 34
450 37
450 102
450 170
450 179
450 263
450 266
450 281
450 323
450 391
450 449
451 64
451 79
451 86
451 90
451 108
451 149
451 193
451 206
451 241
451 277
451 279
451 283
451 295
451 300
451 314
451 317
451 348
451 373
451 393
451 399
451 474
452 52
452 54
452 110
452 185
452 269
452 306
452 356
452 489
453 20
453 32
453 39
453 81
453 85
453 118
453 141
453 170
453 179
453 190
453 192
453 207
453 227
453 233
453 236
453 240
453 243
453 273
453 297
453 310
453 313
453 318
453 324
453 331
453 336
453 386
453 398
453 400
453 405
453 446
453 447
453 465
453 482
454 65
454 207
454 209
454 294
454 312
454 335
454 343
454 381
454 397
454 443
455 41
455 65
455 82
455 99
455 105
455 112
455 150
455 153
455 165
455 167
455 169
455 173
455 194
455 201
455 233
455 244
455 247
455 249
455 266
455 313
455 321
455 349
455 354
455 362
455 370
455 382
455 406
455 440
455 468
455 485
456 10
456 23
456 31
456 45
456 46
456 63
456 72
456 79
456 81
456 82
456 83
456 86
456 96
456 98
456 105
456 111
456 115
456 129
456 141
456 143
456 153
456 158
456 224
456 227
456 228
456 229
456 233
456 236
456 237
456 241
456 268
456 299
456 303
456 313
456 332
456 334
456 344
456 381
456 384
456 387
456 394
456 416
456 437
456 445
456 469
456 471
456 496
456 498
457 17
457 289
457 334
457 393
457 425
457 438
458 196
458 242
458 284
458 303
458 325
458 425
458 435
459 25
459 180
459 265
459 377
459 411
459 472
460 15
460 22
460 74
460 193
460 202
460 257
460 262
460 301
460 357
460 365
460 374
461 13
461 155
461 280
461 282
461 353
461 423
461 465
462 2
462 31
462 86
462 95
462 140
462 145
462 149
462 181
462 238
462 281
462 285
462 292
462 311
462 342
462 362
462 375
462 381
462 409
462 480
462 490
463 26
463 132
463 238
463 384
463 466
463 492
464 106
464 122
464 143
464 177
464 255
464 302
464 361
464 366
464 385
464 407
464 409
464 483
464 488
464 495
465 13
465 43
465 54
465 70
465 90
465 155
465 174
465 225
465 239
465 251
465 280
465 335
465 420
465 423
465 433
465 437
465 453
465 461
465 473
466 10
466 18
466 26
466 28
466 29
466 49
466 65
466 68
466 88
466 97
466 109
466 137
466 139
466 150
466 166
466 172
466 212
466 238
466 241
466 249
466 270
466 277
466 278
466 286
466 293
466 335
466 347
466 350
466 384
466 393
466 412
466 463
466 477
466 492
467 14
467 57
467 118
467 126
467 135
467 142
467 149
467 165
467 198
467 249
467 250
467 262
467 322
467 361
467 369
467 377
467 414
467 419
467 444
467 475
467 478
468 41
468 65
468 83
468 112
468 150
468 153
468 155
468 169
468 201
468 207
468 233
468 247
468 250
468 313
468 321
468 336
468 370
468 398
468 405
468 406
468 440
468 455
468 486
469 0
469 30
469 46
469 63
469 72
469 79
469 81
469 82
469 83
469 85
469 98
469 124
469 129
469 148
469 158
469 188
469 227
469 245
469 289
469 299
469 332
469 342
469 344
469 387
469 394
469 456
469 471
469 488
469 496
470 24
470 79
470 82
470 229
470 303
470 332
471 42
471 43
471 45
471 46
471 63
471 72
471 79
471 81
471 82
471 83
471 98
471 124
471 129
471 134
471 149
471 158
471 161
471 207
471 217
471 227
471 228
471 229
471 236
471 237
471 243
471 274
471 299
471 303
471 329
471 331
471 332
471 342
471 344
471 379
471 381
471 387
471 394
471 416
471 419
471 456
471 469
471 496
471 498
471 499
472 117
472 180
472 219
472 252
472 254
472 264
472 265
472 283
472 298
472 316
472 367
472 411
472 426
472 459
473 4
473 13
473 54
473 70
473 72
473 155
473 175
473 280
473 385
473 405
473 420
473 423
473 433
473 437
473 446
473 465
474 43
474 46
474 59
474 64
474 74
474 86
474 108
474 134
474 149
474 164
474 178
474 190
474 206
474 225
474 241
474 277
474 279
474 283
474 289
474 295
474 314
474 317
474 334
474 337
474 342
474 366
474 368
474 373
474 382
474 397
474 399
474 415
474 425
474 427
474 451
474 489
475 6
475 14
475 29
475 42
475 55
475 57
475 62
475 81
475 94
475 109
475 118
475 126
475 135
475 142
475 160
475 164
475 177
475 179
475 210
475 214
475 249
475 250
475 275
475 276
475 322
475 327
475 369
475 377
475 399
475 414
475 419
475 423
475 444
475 467
475 478
475 487
476 106
476 122
476 143
476 152
476 177
476 235
476 244
476 249
476 257
476 302
476 322
476 366
476 407
476 409
476 481
476 483
476 488
476 495
477 59
477 88
477 214
477 238
477 270
477 286
477 347
477 384
477 466
477 492
478 1
478 14
478 25
478 29
478 36
478 42
478 44
478 48
478 57
478 62
478 76
478 83
478 94
478 98
478 109
478 118
478 126
478 135
478 142
478 155
478 179
478 189
478 214
478 215
478 217
478 237
478 249
478 250
478 272
478 276
478 310
478 322
478 367
478 369
478 375
478 377
478 381
478 414
478 418
478 419
478 430
478 431
478 435
478 444
478 467
478 475
478 483
478 484
478 489
479 124
479 133
479 148
479 165
479 184
479 274
480 16
480 30
480 189
480 191
480 244
480 256
480 300
480 344
480 462
481 106
481 113
481 118
481 122
481 143
481 146
481 177
481 235
481 251
481 302
481 332
481 366
481 372
481 407
481 409
481 419
481 476
481 483
481 488
481 495
481 496
482 20
482 39
482 72
482 85
482 207
482 224
482 240
482 243
482 256
482 273
482 291
482 297
482 309
482 310
482 313
482 314
482 324
482 331
482 369
482 398
482 400
482 414
482 427
482 446
482 447
482 449
482 453
483 32
483 51
483 65
483 106
483 122
483 143
483 177
483 229
483 235
483 302
483 308
483 353
483 363
483 366
483 376
483 384
483 407
483 409
483 417
483 423
483 443
483 464
483 476
483 478
483 481
483 488
483 495
484 14
484 42
484 57
484 62
484 94
484 106
484 108
484 118
484 126
484 135
484 142
484 177
484 214
484 241
484 247
484 249
484 250
484 276
484 295
484 305
484 322
484 369
484 377
484 414
484 478
484 488
485 41
485 56
485 65
485 101
485 112
485 150
485 169
485 201
485 284
485 313
485 369
485 440
485 455
486 65
486 150
486 169
486 247
486 279
486 313
486 440
486 468
487 26
487 35
487 40
487 74
487 119
487 126
487 133
487 148
487 149
487 162
487 165
487 197
487 204
487 219
487 234
487 250
487 267
487 271
487 274
487 320
487 338
487 359
487 365
487 387
487 404
487 415
487 475
488 35
488 83
488 106
488 122
488 143
488 164
488 177
488 235
488 276
488 302
488 308
488 366
488 402
488 407
488 409
488 411
488 464
488 469
488 476
488 481
488 483
488 484
488 495
489 12
489 43
489 56
489 59
489 64
489 86
489 108
489 129
489 134
489 142
489 149
489 201
489 206
489 231
489 241
489 249
489 251
489 260
489 277
489 279
489 283
489 290
489 295
489 314
489 317
489 334
489 339
489 369
489 373
489 382
489 387
489 399
489 415
489 427
489 452
489 474
489 478
489 499
490 0
490 2
490 3
490 31
490 95
490 98
490 100
490 108
490 126
490 140
490 145
490 201
490 212
490 243
490 245
490 276
490 281
490 285
490 292
490 303
490 311
490 330
490 342
490 362
490 375
490 462
491 22
491 36
491 257
491 262
491 301
491 388
491 411
492 10
492 18
492 26
492 28
492 49
492 57
492 66
492 68
492 70
492 88
492 99
492 123
492 139
492 142
492 165
492 166
492 212
492 238
492 260
492 270
492 274
492 286
492 293
492 333
492 347
492 350
492 362
492 373
492 384
492 404
492 412
492 463
492 466
492 477
493 17
493 90
493 246
493 348
493 361
493 394
494 36
494 112
494 201
494 313
494 319
494 370
495 63
495 77
495 106
495 110
495 122
495 143
495 177
495 235
495 279
495 302
495 366
495 394
495 407
495 409
495 440
495 464
495 476
495 481
495 483
495 488
496 18
496 23
496 46
496 62
496 63
496 72
496 79
496 81
496 82
496 83
496 96
496 98
496 124
496 129
496 158
496 190
496 227
496 228
496 229
496 235
496 236
496 237
496 299
496 302
496 303
496 314
496 329
496 332
496 334
496 370
496 381
496 382
496 387
496 400
496 416
496 437
496 447
496 456
496 469
496 471
496 481
496 498
497 149
497 206
497 241
497 251
497 277
497 314
498 2
498 23
498 40
498 45
498 46
498 57
498 63
498 72
498 78
498 79
498 81
498 82
498 83
498 98
498 112
498 115
498 158
498 180
498 221
498 227
498 229
498 291
498 299
498 303
498 329
498 332
498 344
498 370
498 381
498 387
498 394
498 415
498 416
498 456
498 471
498 496
499 127
499 149
499 166
499 206
499 241
499 277
499 279
499 295
499 314
499 341
499 358
499 373
499 399
499 427
499 471
499 489
