500 10194
0 31
0 44
0 152
0 381
0 389
0 396
0 411
1 50
1 114
1 121
1 128
1 133
1 136
1 138
1 139
1 185
1 232
1 237
1 238
1 261
1 263
1 267
1 285
1 300
1 319
1 322
1 350
1 362
1 364
1 365
1 392
1 397
1 410
1 461
1 468
1 489
2 11
2 15
2 36
2 38
2 39
2 46
2 48
2 50
2 76
2 80
2 116
2 138
2 140
2 159
2 171
2 185
2 204
2 220
2 221
2 232
2 240
2 246
2 254
2 260
2 263
2 270
2 300
2 308
2 309
2 310
2 328
2 366
2 380
2 381
2 405
2 407
2 437
2 442
2 445
2 482
2 485
2 487
2 496
3 9
3 78
3 90
3 110
3 133
3 158
3 227
3 239
3 271
3 298
3 328
3 335
3 337
3 352
3 390
3 446
3 447
3 457
3 459
3 484
4 29
4 323
4 375
4 414
4 454
4 484
5 50
5 54
5 80
5 87
5 93
5 99
5 108
5 111
5 112
5 132
5 134
5 144
5 178
5 189
5 222
5 229
5 257
5 271
5 303
5 338
5 354
5 414
5 465
6 11
6 95
6 201
6 404
6 417
6 418
6 498
7 71
7 146
7 199
7 232
7 238
7 294
7 339
7 341
7 437
8 14
8 36
8 43
8 55
8 60
8 98
8 113
8 117
8 124
8 140
8 174
8 195
8 200
8 243
8 258
8 261
8 266
8 273
8 279
8 286
8 287
8 293
8 308
8 324
8 348
8 368
8 375
8 376
8 389
8 429
8 432
8 438
8 465
8 467
8 475
8 481
8 487
8 491
9 3
9 40
9 144
9 170
9 246
9 279
9 473
9 497
10 12
10 25
10 32
10 38
10 40
10 76
10 84
10 106
10 136
10 141
10 148
10 221
10 286
10 297
10 298
10 325
10 351
10 389
10 437
10 447
10 480
11 2
11 6
11 12
11 27
11 35
11 39
11 45
11 123
11 152
11 183
11 216
11 221
11 241
11 265
11 285
11 311
11 344
11 367
11 383
11 400
11 431
11 484
11 486
11 496
12 10
12 11
12 36
12 80
12 86
12 90
12 94
12 101
12 102
12 111
12 116
12 141
12 161
12 166
12 192
12 200
12 204
12 216
12 220
12 221
12 223
12 233
12 238
12 241
12 242
12 244
12 260
12 285
12 295
12 297
12 299
12 344
12 349
12 366
12 377
12 380
12 411
12 420
12 424
12 447
12 460
12 463
12 468
12 471
12 477
12 488
13 20
13 36
13 51
13 164
13 178
13 200
13 213
13 241
13 289
13 293
13 299
13 309
13 357
13 381
13 419
13 451
13 456
13 469
14 8
14 19
14 65
14 98
14 128
14 182
14 183
14 232
14 254
14 268
14 273
14 275
14 324
14 381
14 390
14 426
14 460
15 2
15 18
15 25
15 32
15 52
15 116
15 124
15 160
15 247
15 285
15 311
15 316
15 342
15 343
15 347
15 377
15 390
15 405
15 410
15 415
15 433
15 447
15 453
15 459
15 481
15 493
15 499
16 50
16 54
16 99
16 101
16 186
16 196
16 200
16 204
16 235
16 383
16 431
16 463
17 57
17 97
17 113
17 116
17 224
17 238
17 258
17 263
17 320
17 361
17 404
17 419
17 439
17 451
17 453
18 15
18 36
18 53
18 57
18 62
18 83
18 93
18 108
18 110
18 122
18 128
18 154
18 253
18 257
18 260
18 270
18 272
18 273
18 286
18 333
18 396
18 440
18 458
19 14
19 32
19 49
19 60
19 111
19 139
19 144
19 151
19 172
19 182
19 189
19 200
19 220
19 241
19 244
19 279
19 284
19 286
19 303
19 378
19 387
19 418
19 426
19 480
19 488
20 13
20 43
20 87
20 182
20 199
20 200
20 293
20 353
20 354
20 371
20 397
20 431
20 481
20 486
21 46
21 83
21 105
21 136
21 185
21 196
21 251
21 433
21 488
22 62
22 128
22 133
22 286
22 355
22 423
22 457
23 25
23 32
23 36
23 80
23 92
23 110
23 111
23 115
23 184
23 201
23 217
23 219
23 221
23 299
23 303
23 354
23 366
23 441
23 444
23 495
24 111
24 151
24 162
24 224
24 239
24 317
24 452
25 10
25 15
25 23
25 51
25 55
25 57
25 61
25 70
25 90
25 95
25 97
25 102
25 104
25 105
25 113
25 117
25 118
25 132
25 133
25 144
25 171
25 174
25 178
25 180
25 184
25 188
25 205
25 215
25 217
25 221
25 224
25 234
25 241
25 242
25 246
25 251
25 260
25 267
25 290
25 346
25 368
25 379
25 391
25 397
25 417
25 426
25 429
25 437
25 473
25 476
26 61
26 62
26 66
26 78
26 81
26 100
26 106
26 112
26 116
26 119
26 129
26 139
26 149
26 152
26 164
26 172
26 174
26 178
26 180
26 196
26 204
26 210
26 213
26 217
26 220
26 223
26 224
26 235
26 253
26 265
26 269
26 294
26 344
26 375
26 383
26 390
26 415
26 421
26 441
26 467
26 490
26 491
27 11
27 46
27 78
27 89
27 90
27 173
27 198
27 242
27 294
27 307
27 310
27 354
27 426
27 496
28 57
28 80
28 128
28 140
28 220
28 221
28 298
28 431
28 465
28 491
29 4
29 36
29 37
29 39
29 53
29 76
29 79
29 84
29 87
29 95
29 97
29 105
29 107
29 113
29 116
29 174
29 190
29 191
29 204
29 213
29 232
29 253
29 286
29 302
29 305
29 352
29 360
29 366
29 368
29 374
29 377
29 399
29 417
29 428
29 445
29 448
29 460
29 468
29 490
30 36
30 37
30 51
30 55
30 116
30 134
30 138
30 139
30 145
30 151
30 168
30 207
30 222
30 226
30 258
30 259
30 268
30 271
30 284
30 285
30 303
30 305
30 308
30 334
30 337
30 348
30 350
30 363
30 364
30 365
30 375
30 381
30 390
30 407
30 425
30 445
30 448
30 459
30 463
30 482
30 496
31 0
31 57
31 73
31 80
31 87
31 132
31 211
31 221
31 224
31 235
31 258
31 297
31 299
31 329
31 332
31 335
31 407
31 483
32 10
32 15
32 19
32 23
32 113
32 133
32 138
32 178
32 183
32 211
32 235
32 236
32 240
32 268
32 285
32 299
32 328
32 349
32 378
32 381
32 404
32 427
32 467
32 472
33 55
33 75
33 429
33 447
33 461
33 469
34 83
34 96
34 318
34 363
34 377
34 412
34 481
34 491
35 11
35 177
35 234
35 280
35 303
35 412
36 2
36 8
36 12
36 13
36 18
36 23
36 29
36 30
36 48
36 50
36 53
36 61
36 71
36 79
36 80
36 90
36 95
36 99
36 128
36 169
36 184
36 193
36 204
36 207
36 216
36 217
36 228
36 235
36 246
36 251
36 254
36 257
36 258
36 263
36 273
36 274
36 275
36 299
36 307
36 341
36 349
36 366
36 377
36 407
36 421
36 429
36 431
36 433
36 476
36 478
37 29
37 30
37 43
37 44
37 55
37 57
37 79
37 80
37 95
37 97
37 125
37 166
37 189
37 191
37 196
37 200
37 221
37 222
37 263
37 289
37 308
37 309
37 323
37 332
37 349
37 353
37 362
37 372
37 375
37 407
37 411
37 422
37 424
37 431
37 437
37 445
37 485
37 497
38 2
38 10
38 44
38 57
38 68
38 71
38 79
38 95
38 99
38 106
38 110
38 119
38 152
38 158
38 183
38 184
38 189
38 215
38 232
38 242
38 246
38 253
38 274
38 300
38 308
38 338
38 381
38 393
38 407
38 431
38 438
38 440
38 447
38 464
38 476
38 480
39 2
39 11
39 29
39 100
39 133
39 151
39 163
39 177
39 195
39 200
39 208
39 336
39 364
39 385
39 395
39 432
39 496
40 9
40 10
40 80
40 91
40 104
40 107
40 139
40 146
40 155
40 158
40 171
40 179
40 183
40 191
40 208
40 224
40 244
40 251
40 265
40 267
40 268
40 300
40 336
40 351
40 390
40 407
40 414
40 430
40 445
40 451
40 476
40 484
41 110
41 139
41 160
41 190
41 224
41 271
41 325
41 340
42 53
42 74
42 120
42 128
42 135
42 198
42 202
42 205
42 263
42 302
42 325
42 342
42 390
42 416
42 418
42 451
42 486
43 8
43 20
43 37
43 87
43 148
43 227
43 258
43 265
43 271
43 278
43 325
43 362
43 372
43 474
43 490
43 496
43 497
44 0
44 37
44 38
44 54
44 55
44 71
44 78
44 102
44 128
44 144
44 177
44 178
44 187
44 208
44 211
44 227
44 237
44 240
44 243
44 258
44 317
44 336
44 375
44 381
44 399
44 438
44 445
44 475
44 476
45 11
45 53
45 67
45 72
45 73
45 94
45 100
45 102
45 105
45 138
45 151
45 197
45 258
45 266
45 273
45 278
45 295
45 299
45 306
45 420
45 438
45 472
45 473
45 480
45 482
46 2
46 21
46 27
46 65
46 79
46 80
46 99
46 105
46 109
46 116
46 123
46 132
46 141
46 164
46 173
46 183
46 189
46 220
46 227
46 238
46 242
46 260
46 263
46 270
46 276
46 294
46 299
46 307
46 324
46 335
46 338
46 340
46 354
46 355
46 363
46 366
46 383
46 389
46 417
46 437
46 460
46 467
46 468
46 481
46 490
47 68
47 74
47 86
47 95
47 202
47 257
47 291
47 294
47 328
47 354
47 405
47 417
47 482
48 2
48 36
48 128
48 312
48 377
48 381
48 426
49 19
49 102
49 127
49 139
49 171
49 202
49 203
49 281
49 294
49 311
49 324
49 329
49 341
49 405
49 457
50 1
50 2
50 5
50 16
50 36
50 64
50 71
50 79
50 84
50 88
50 98
50 99
50 133
50 153
50 167
50 183
50 193
50 210
50 211
50 217
50 241
50 246
50 247
50 257
50 265
50 281
50 287
50 303
50 313
50 331
50 341
50 345
50 349
50 363
50 369
50 406
50 421
50 422
50 433
50 436
50 445
50 465
50 484
51 13
51 25
51 30
51 52
51 98
51 136
51 190
51 211
51 242
51 246
51 270
51 299
51 332
51 400
51 415
51 438
51 469
52 15
52 51
52 77
52 95
52 135
52 139
52 143
52 210
52 216
52 236
52 258
52 284
52 390
52 417
52 418
53 18
53 29
53 36
53 42
53 45
53 66
53 112
53 136
53 138
53 151
53 171
53 185
53 215
53 238
53 242
53 247
53 258
53 260
53 265
53 286
53 294
53 317
53 329
53 332
53 335
53 345
53 349
53 376
53 379
53 382
53 407
53 410
53 431
53 438
53 444
53 454
53 460
53 468
53 473
53 492
54 5
54 16
54 44
54 57
54 67
54 82
54 84
54 99
54 105
54 107
54 129
54 182
54 196
54 203
54 204
54 210
54 215
54 218
54 220
54 221
54 246
54 249
54 270
54 285
54 287
54 305
54 307
54 311
54 359
54 367
54 408
54 470
54 480
54 491
54 495
54 497
55 8
55 25
55 30
55 33
55 37
55 44
55 57
55 79
55 137
55 178
55 199
55 225
55 235
55 237
55 243
55 273
55 281
55 292
55 294
55 299
55 306
55 332
55 335
55 344
55 375
55 407
55 433
55 475
55 480
55 486
56 139
56 156
56 169
56 196
56 377
56 417
57 17
57 18
57 25
57 28
57 31
57 37
57 38
57 54
57 55
57 62
57 90
57 118
57 128
57 133
57 136
57 139
57 142
57 152
57 172
57 203
57 204
57 209
57 210
57 257
57 263
57 268
57 273
57 281
57 288
57 291
57 292
57 295
57 308
57 336
57 344
57 363
57 398
57 404
57 405
57 417
57 420
57 424
57 453
57 459
57 460
57 468
57 476
57 479
57 494
58 60
58 72
58 260
58 263
58 297
58 414
59 109
59 111
59 128
59 172
59 204
59 223
59 258
59 274
59 323
59 328
59 460
59 477
59 480
60 8
60 19
60 58
60 62
60 69
60 84
60 97
60 117
60 157
60 171
60 243
60 293
60 331
60 341
60 365
60 404
60 410
60 417
60 449
60 463
60 469
60 472
60 489
61 25
61 26
61 36
61 79
61 95
61 102
61 125
61 148
61 171
61 178
61 214
61 230
61 241
61 242
61 269
61 293
61 328
61 362
61 390
61 419
61 424
61 431
61 486
62 18
62 22
62 26
62 57
62 60
62 99
62 135
62 143
62 152
62 155
62 156
62 163
62 238
62 272
62 325
62 332
62 364
62 406
62 441
62 447
62 490
63 85
63 189
63 201
63 202
63 221
63 438
64 50
64 100
64 182
64 199
64 254
64 260
64 305
64 307
64 328
64 411
64 433
64 472
65 14
65 46
65 170
65 188
65 189
65 196
65 227
65 237
65 285
65 290
65 307
65 323
65 355
65 366
65 375
65 395
65 401
65 414
65 431
65 441
65 463
65 473
65 477
65 496
66 26
66 53
66 84
66 149
66 196
66 210
66 299
66 491
67 45
67 54
67 80
67 274
67 376
67 475
68 38
68 47
68 93
68 148
68 152
68 162
68 196
68 204
68 242
68 251
68 274
68 278
68 326
68 338
68 352
68 365
68 416
68 432
68 455
68 462
68 475
69 60
69 165
69 182
69 389
69 478
69 490
69 495
70 25
70 128
70 194
70 210
70 245
70 263
70 265
70 273
70 286
70 303
70 316
70 375
70 397
70 403
70 408
70 490
71 7
71 36
71 38
71 44
71 50
71 86
71 93
71 127
71 150
71 152
71 165
71 183
71 197
71 203
71 217
71 237
71 270
71 285
71 294
71 311
71 336
71 352
71 375
71 386
71 412
71 428
71 453
71 477
72 45
72 58
72 126
72 320
72 345
72 350
72 441
72 489
72 490
73 31
73 45
73 139
73 223
73 362
73 468
73 491
74 42
74 47
74 78
74 79
74 95
74 174
74 287
74 379
74 381
74 405
74 417
75 33
75 144
75 160
75 179
75 226
75 251
75 288
75 322
75 330
75 350
75 379
75 381
75 404
75 423
75 475
75 476
76 2
76 10
76 29
76 102
76 107
76 141
76 230
76 235
76 290
76 295
76 315
76 355
76 420
76 490
77 52
77 116
77 235
77 343
77 399
77 410
77 486
78 3
78 26
78 27
78 44
78 74
78 80
78 95
78 99
78 101
78 103
78 115
78 128
78 161
78 163
78 169
78 204
78 217
78 218
78 230
78 238
78 244
78 252
78 276
78 286
78 287
78 307
78 311
78 318
78 322
78 324
78 327
78 336
78 355
78 365
78 367
78 392
78 394
78 399
78 410
78 423
78 428
78 439
78 445
78 458
78 467
78 468
78 484
78 491
78 495
78 497
79 29
79 36
79 37
79 38
79 46
79 50
79 55
79 61
79 74
79 98
79 99
79 139
79 157
79 196
79 237
79 243
79 254
79 256
79 259
79 270
79 278
79 284
79 300
79 308
79 316
79 328
79 336
79 342
79 357
79 407
79 412
79 421
79 477
79 489
79 497
80 2
80 5
80 12
80 23
80 28
80 31
80 36
80 37
80 40
80 46
80 67
80 78
80 83
80 105
80 107
80 108
80 136
80 167
80 182
80 191
80 196
80 205
80 218
80 226
80 241
80 242
80 246
80 263
80 267
80 281
80 297
80 304
80 307
80 324
80 344
80 348
80 368
80 381
80 437
80 441
80 480
80 489
80 490
81 26
81 191
81 200
81 230
81 238
81 283
81 336
81 431
81 435
82 54
82 97
82 151
82 159
82 242
82 252
82 260
82 282
82 320
82 331
83 18
83 21
83 34
83 80
83 89
83 110
83 123
83 189
83 204
83 253
83 268
83 278
83 288
83 458
84 10
84 29
84 50
84 54
84 60
84 66
84 96
84 98
84 117
84 136
84 145
84 221
84 238
84 242
84 246
84 253
84 273
84 287
84 288
84 290
84 301
84 319
84 344
84 361
84 410
84 487
84 490
84 491
84 494
85 63
85 187
85 210
85 225
85 300
85 344
86 12
86 47
86 71
86 91
86 119
86 141
86 220
86 225
86 255
86 257
86 302
86 314
86 381
86 396
86 452
86 466
86 481
87 5
87 20
87 29
87 31
87 43
87 93
87 95
87 97
87 99
87 132
87 138
87 158
87 163
87 168
87 183
87 184
87 185
87 226
87 227
87 258
87 266
87 273
87 285
87 300
87 333
87 365
87 376
87 381
87 404
87 405
87 430
87 447
87 486
87 487
87 495
88 50
88 94
88 95
88 162
88 163
88 239
88 306
88 449
89 27
89 83
89 95
89 252
89 260
89 267
89 270
89 314
89 355
89 397
89 424
89 445
89 467
90 3
90 12
90 25
90 27
90 36
90 57
90 105
90 117
90 151
90 183
90 213
90 300
90 334
90 419
90 429
90 433
90 475
90 487
91 40
91 86
91 108
91 151
91 183
91 200
91 267
91 342
91 445
91 484
91 490
92 23
92 192
92 204
92 217
92 260
92 310
92 312
92 344
92 347
92 354
92 407
92 463
92 490
93 5
93 18
93 68
93 71
93 87
93 110
93 114
93 137
93 152
93 172
93 185
93 189
93 194
93 213
93 264
93 273
93 285
93 289
93 303
93 329
93 344
93 363
93 364
93 379
93 410
93 411
93 444
93 449
93 461
93 468
93 472
93 481
93 486
93 496
94 12
94 45
94 88
94 127
94 208
94 216
94 238
94 259
94 347
94 445
94 491
95 6
95 25
95 29
95 36
95 37
95 38
95 47
95 52
95 61
95 74
95 78
95 87
95 88
95 89
95 97
95 102
95 110
95 112
95 117
95 128
95 136
95 174
95 183
95 191
95 230
95 240
95 241
95 265
95 269
95 270
95 279
95 284
95 287
95 295
95 301
95 303
95 324
95 341
95 349
95 357
95 383
95 417
95 455
95 460
95 462
95 476
95 480
95 491
95 493
96 34
96 84
96 113
96 133
96 182
96 242
96 306
96 316
96 424
96 433
96 467
96 472
96 480
96 490
97 17
97 25
97 29
97 37
97 60
97 82
97 87
97 95
97 101
97 116
97 118
97 135
97 152
97 158
97 164
97 167
97 183
97 185
97 189
97 193
97 200
97 203
97 220
97 224
97 244
97 250
97 263
97 273
97 278
97 285
97 295
97 300
97 327
97 341
97 355
97 357
97 365
97 447
97 453
97 477
97 485
97 486
98 8
98 14
98 50
98 51
98 79
98 84
98 110
98 124
98 196
98 197
98 270
98 305
98 325
98 361
98 481
99 5
99 16
99 36
99 38
99 46
99 50
99 54
99 62
99 78
99 79
99 87
99 108
99 115
99 120
99 134
99 141
99 146
99 151
99 207
99 222
99 224
99 246
99 253
99 254
99 258
99 275
99 284
99 303
99 307
99 308
99 332
99 340
99 355
99 358
99 366
99 381
99 391
99 396
99 402
99 410
99 412
99 417
99 421
99 431
99 433
99 445
99 481
99 484
100 26
100 39
100 45
100 64
100 129
100 135
100 151
100 152
100 235
100 243
100 277
100 297
100 422
100 451
101 12
101 16
101 78
101 97
101 238
101 242
101 326
101 336
101 346
101 377
101 430
101 446
101 447
101 463
102 12
102 25
102 44
102 45
102 49
102 61
102 76
102 95
102 104
102 107
102 112
102 116
102 129
102 141
102 143
102 157
102 163
102 205
102 213
102 214
102 216
102 217
102 232
102 245
102 268
102 273
102 328
102 329
102 374
102 375
102 396
102 400
102 446
102 476
102 483
102 484
102 486
103 78
103 204
103 207
103 257
103 258
103 274
103 278
103 299
103 378
104 25
104 40
104 102
104 105
104 186
104 226
104 412
104 480
105 21
105 25
105 29
105 45
105 46
105 54
105 80
105 90
105 104
105 108
105 118
105 138
105 139
105 181
105 185
105 202
105 222
105 225
105 239
105 255
105 257
105 266
105 284
105 288
105 294
105 299
105 314
105 316
105 325
105 328
105 340
105 341
105 363
105 375
105 387
105 417
105 460
105 468
105 476
105 480
105 481
105 493
106 10
106 26
106 38
106 248
106 308
106 325
106 365
106 377
106 390
106 449
107 29
107 40
107 54
107 76
107 80
107 102
107 117
107 119
107 124
107 174
107 178
107 220
107 224
107 229
107 232
107 239
107 241
107 254
107 255
107 258
107 260
107 268
107 270
107 274
107 307
107 345
107 355
107 363
107 365
107 410
107 418
107 426
107 430
107 451
107 456
107 478
107 496
108 5
108 18
108 80
108 91
108 99
108 105
108 122
108 213
108 221
108 226
108 241
108 246
108 270
108 288
108 421
108 449
108 463
108 467
108 477
109 46
109 59
109 129
109 235
109 246
109 336
109 376
109 414
110 3
110 18
110 23
110 38
110 41
110 83
110 93
110 95
110 98
110 119
110 141
110 151
110 161
110 163
110 171
110 178
110 183
110 186
110 191
110 220
110 243
110 246
110 260
110 325
110 392
110 431
110 442
110 482
110 486
110 490
111 5
111 12
111 19
111 23
111 24
111 59
111 178
111 233
111 243
111 263
111 266
111 300
111 312
111 315
111 323
111 336
111 361
111 377
111 414
111 467
111 490
111 492
112 5
112 26
112 53
112 95
112 102
112 116
112 138
112 169
112 204
112 228
112 238
112 249
112 260
112 348
112 349
112 393
112 405
112 406
112 415
112 416
112 441
112 471
113 8
113 17
113 25
113 29
113 32
113 96
113 119
113 138
113 167
113 182
113 219
113 271
113 286
113 326
113 419
114 1
114 93
114 180
114 201
114 238
114 284
114 431
115 23
115 78
115 99
115 171
115 286
115 457
115 475
115 476
116 2
116 12
116 15
116 17
116 26
116 29
116 30
116 46
116 77
116 97
116 102
116 112
116 133
116 137
116 154
116 160
116 171
116 191
116 198
116 200
116 212
116 222
116 242
116 253
116 259
116 263
116 272
116 274
116 278
116 285
116 294
116 299
116 310
116 318
116 326
116 336
116 363
116 375
116 383
116 395
116 410
116 416
116 447
116 480
116 484
116 485
116 486
116 490
116 497
117 8
117 25
117 60
117 84
117 90
117 95
117 107
117 144
117 168
117 194
117 205
117 210
117 213
117 220
117 238
117 252
117 257
117 258
117 267
117 288
117 293
117 297
117 299
117 305
117 310
117 332
117 344
117 375
117 379
117 399
117 421
117 452
117 453
117 466
118 25
118 57
118 97
118 105
118 163
118 196
118 209
118 213
118 281
118 288
118 295
118 421
118 424
118 445
118 451
119 26
119 38
119 86
119 107
119 110
119 113
119 129
119 141
119 182
119 183
119 185
119 238
119 241
119 246
119 257
119 263
119 273
119 312
119 344
119 366
119 386
119 421
119 425
119 428
119 431
119 441
119 450
119 481
120 42
120 99
120 230
120 265
120 343
120 475
121 1
121 216
121 217
121 258
121 311
121 327
121 338
121 395
121 405
121 438
121 441
121 468
121 486
121 495
122 18
122 108
122 141
122 240
122 388
122 438
123 11
123 46
123 83
123 147
123 160
123 227
123 231
123 260
123 286
123 316
123 365
123 382
123 383
123 445
123 493
124 8
124 15
124 98
124 107
124 216
124 225
124 252
124 381
124 434
124 437
125 37
125 61
125 172
125 184
125 408
125 427
126 72
126 138
126 139
126 141
126 142
126 162
126 191
126 285
126 342
126 395
126 431
126 484
127 49
127 71
127 94
127 128
127 133
127 141
127 151
127 202
127 226
127 265
127 268
127 303
127 344
127 406
127 410
127 490
127 491
128 1
128 14
128 18
128 22
128 28
128 36
128 42
128 44
128 48
128 57
128 59
128 70
128 78
128 95
128 127
128 156
128 183
128 187
128 210
128 213
128 216
128 217
128 231
128 258
128 270
128 273
128 279
128 284
128 293
128 305
128 306
128 326
128 339
128 343
128 347
128 363
128 364
128 375
128 381
128 406
128 426
128 430
128 437
128 451
128 470
128 475
128 485
128 486
128 491
129 26
129 54
129 100
129 102
129 109
129 119
129 136
129 168
129 174
129 178
129 219
129 222
129 242
129 271
129 293
129 300
129 301
129 305
129 308
129 322
129 330
129 342
129 344
129 349
129 363
129 381
129 415
129 417
129 435
129 442
129 447
129 450
129 451
129 460
129 468
129 476
129 491
130 148
130 299
130 344
130 417
130 431
130 456
130 465
131 143
131 258
131 303
131 323
131 330
131 490
132 5
132 25
132 31
132 46
132 87
132 264
132 363
132 368
132 396
132 412
132 474
132 487
133 1
133 3
133 22
133 25
133 32
133 39
133 50
133 57
133 96
133 116
133 127
133 140
133 185
133 202
133 203
133 221
133 222
133 232
133 237
133 286
133 292
133 294
133 350
133 361
133 406
133 414
133 420
133 431
133 433
133 454
133 490
134 5
134 30
134 99
134 189
134 263
134 278
134 285
134 298
134 303
134 342
134 363
134 405
134 481
134 486
134 496
135 42
135 52
135 62
135 97
135 100
135 165
135 245
135 252
135 299
135 301
135 323
135 324
135 375
135 377
135 408
135 414
135 424
135 470
136 1
136 10
136 21
136 51
136 53
136 57
136 80
136 84
136 95
136 129
136 149
136 166
136 178
136 182
136 185
136 191
136 202
136 203
136 210
136 238
136 242
136 254
136 322
136 334
136 344
136 354
136 357
136 358
136 362
136 372
136 387
136 394
136 398
136 408
136 410
136 414
136 415
136 432
136 447
136 453
136 473
136 484
136 490
137 55
137 93
137 116
137 158
137 193
137 194
137 209
137 220
137 260
137 294
137 321
137 334
137 336
137 353
137 383
137 386
137 405
137 410
137 418
137 419
137 433
137 452
137 486
137 491
137 492
138 1
138 2
138 30
138 32
138 45
138 53
138 87
138 105
138 112
138 113
138 126
138 152
138 164
138 168
138 182
138 192
138 196
138 213
138 214
138 220
138 221
138 238
138 263
138 268
138 278
138 282
138 295
138 311
138 313
138 316
138 324
138 326
138 332
138 335
138 349
138 352
138 354
138 377
138 401
138 415
138 417
138 423
138 424
138 441
138 465
138 472
138 484
138 490
138 497
139 1
139 19
139 26
139 30
139 40
139 41
139 49
139 52
139 56
139 57
139 73
139 79
139 105
139 126
139 167
139 241
139 261
139 286
139 294
139 314
139 323
139 337
139 372
139 391
139 414
139 415
139 421
139 438
139 450
139 461
139 468
139 479
139 481
139 487
140 2
140 8
140 28
140 133
140 221
140 486
141 10
141 12
141 46
141 76
141 86
141 99
141 102
141 110
141 119
141 122
141 126
141 127
141 151
141 154
141 167
141 174
141 198
141 200
141 238
141 245
141 273
141 294
141 305
141 325
141 335
141 353
141 415
141 431
141 437
141 447
141 462
141 463
141 489
141 491
142 57
142 126
142 172
142 220
142 319
142 399
142 475
143 52
143 62
143 102
143 131
143 155
143 243
143 254
143 309
143 408
143 409
144 5
144 9
144 19
144 25
144 44
144 75
144 117
144 152
144 175
144 195
144 196
144 205
144 214
144 263
144 268
144 296
144 355
144 358
144 359
144 386
144 458
144 464
145 30
145 84
145 200
145 258
145 279
145 286
145 410
145 421
145 438
145 466
145 497
146 7
146 40
146 99
146 288
146 335
146 480
146 485
147 123
147 200
147 223
147 246
147 303
147 360
147 375
147 447
147 459
147 460
147 485
148 10
148 43
148 61
148 68
148 130
148 183
148 258
148 268
148 293
148 399
148 491
149 26
149 66
149 136
149 306
149 341
149 369
149 472
149 491
150 71
150 173
150 189
150 196
150 211
150 241
150 257
150 258
151 19
151 24
151 30
151 39
151 45
151 53
151 82
151 90
151 91
151 99
151 100
151 110
151 127
151 141
151 174
151 222
151 224
151 230
151 255
151 295
151 323
151 341
151 344
151 349
151 385
151 436
152 0
152 11
152 26
152 38
152 57
152 62
152 68
152 71
152 93
152 97
152 100
152 138
152 144
152 183
152 191
152 213
152 220
152 222
152 237
152 247
152 252
152 257
152 273
152 278
152 281
152 282
152 291
152 301
152 317
152 325
152 327
152 333
152 341
152 344
152 347
152 349
152 377
152 390
152 407
152 410
152 425
152 431
152 441
152 484
152 485
152 491
153 50
153 185
153 230
153 244
153 254
153 287
153 377
153 416
154 18
154 116
154 141
154 222
154 270
154 307
154 350
154 408
154 419
154 486
154 497
155 40
155 62
155 143
155 157
155 208
155 226
155 342
155 368
155 467
155 475
155 491
156 56
156 62
156 128
156 187
156 241
156 310
157 60
157 79
157 102
157 155
157 191
157 203
157 211
157 220
157 273
157 320
157 354
157 360
157 365
157 367
157 380
157 418
157 445
157 464
157 484
157 493
158 3
158 38
158 40
158 87
158 97
158 137
158 169
158 187
158 188
158 246
158 421
158 440
158 454
158 475
159 2
159 82
159 279
159 311
159 346
159 360
159 375
159 410
160 15
160 41
160 75
160 116
160 123
160 191
160 234
160 300
160 357
160 366
160 398
160 413
160 418
160 445
160 476
160 489
160 490
161 12
161 78
161 110
161 196
161 235
161 241
161 297
161 324
161 389
161 438
161 465
162 24
162 68
162 88
162 126
162 325
162 419
162 451
162 463
162 480
163 39
163 62
163 78
163 87
163 88
163 102
163 110
163 118
163 213
163 223
163 271
163 284
163 327
163 405
163 483
164 13
164 26
164 46
164 97
164 138
164 178
164 202
164 222
164 241
164 271
164 294
164 298
164 299
164 327
164 361
164 379
164 380
164 396
164 407
164 437
164 438
164 473
165 69
165 71
165 135
165 178
165 183
165 242
165 286
165 290
165 342
165 399
165 430
165 452
166 12
166 37
166 136
166 193
166 198
166 286
166 290
166 294
166 309
166 354
166 431
166 460
167 50
167 80
167 97
167 113
167 139
167 141
167 258
167 278
167 297
167 315
167 320
167 346
167 363
167 493
168 30
168 87
168 117
168 129
168 138
168 182
168 194
168 293
168 319
168 336
168 354
168 421
168 476
168 490
169 36
169 56
169 78
169 112
169 158
169 225
169 251
169 271
169 326
169 405
169 413
169 445
169 458
169 479
169 482
170 9
170 65
170 326
170 346
170 381
170 405
170 482
170 494
171 2
171 25
171 40
171 49
171 53
171 60
171 61
171 110
171 115
171 116
171 178
171 182
171 200
171 202
171 235
171 252
171 265
171 292
171 324
171 328
171 345
171 363
171 375
171 382
171 386
171 420
171 481
171 482
172 19
172 26
172 57
172 59
172 93
172 125
172 142
172 194
172 306
172 307
172 308
172 451
172 467
173 27
173 46
173 150
173 217
173 332
173 399
174 8
174 25
174 26
174 29
174 74
174 95
174 107
174 129
174 141
174 151
174 188
174 211
174 213
174 253
174 258
174 265
174 273
174 301
174 309
174 336
174 338
174 355
174 361
174 399
174 407
174 441
174 442
174 452
174 473
174 486
174 489
175 144
175 185
175 196
175 221
175 288
175 324
175 414
175 468
176 182
176 189
176 196
176 294
176 388
176 450
176 458
176 460
177 35
177 39
177 44
177 188
177 211
177 253
177 293
177 338
177 364
177 389
177 414
178 5
178 13
178 25
178 26
178 32
178 44
178 55
178 61
178 107
178 110
178 111
178 129
178 136
178 164
178 165
178 171
178 200
178 203
178 213
178 217
178 252
178 258
178 267
178 268
178 271
178 273
178 294
178 303
178 311
178 317
178 325
178 364
178 368
178 372
178 375
178 431
178 443
178 444
178 453
178 480
178 489
178 493
178 498
179 40
179 75
179 338
179 354
179 396
179 454
179 470
179 491
179 496
180 25
180 26
180 114
180 196
180 204
180 269
180 287
180 291
180 317
180 336
180 355
180 375
180 408
180 433
181 105
181 252
181 278
181 285
181 300
181 301
181 316
181 398
181 455
182 14
182 19
182 20
182 54
182 64
182 69
182 80
182 96
182 113
182 119
182 136
182 138
182 168
182 171
182 176
182 220
182 223
182 238
182 242
182 270
182 285
182 294
182 301
182 344
182 349
182 364
182 369
182 372
182 389
182 415
182 433
182 436
182 441
182 447
182 449
182 467
182 489
182 496
183 11
183 14
183 32
183 38
183 40
183 46
183 50
183 71
183 87
183 90
183 91
183 95
183 97
183 110
183 119
183 128
183 148
183 152
183 165
183 222
183 234
183 235
183 238
183 242
183 246
183 259
183 273
183 281
183 285
183 288
183 295
183 300
183 341
183 360
183 365
183 396
183 408
183 410
183 415
183 417
183 451
183 453
183 479
183 484
184 23
184 25
184 36
184 38
184 87
184 125
184 209
184 227
184 242
184 258
184 293
184 407
184 410
184 414
184 435
184 441
184 442
185 1
185 2
185 21
185 53
185 87
185 93
185 97
185 105
185 119
185 133
185 136
185 153
185 175
185 189
185 205
185 210
185 263
185 270
185 292
185 293
185 305
185 319
185 321
185 346
185 366
185 373
185 378
185 392
185 403
185 404
185 410
185 416
185 452
185 454
185 486
185 493
186 16
186 104
186 110
186 203
186 210
186 253
186 258
186 305
186 306
186 404
187 44
187 85
187 128
187 156
187 158
187 242
187 300
187 365
187 374
187 476
187 482
187 489
188 25
188 65
188 158
188 174
188 177
188 203
189 5
189 19
189 37
189 38
189 46
189 63
189 65
189 83
189 93
189 97
189 134
189 150
189 176
189 185
189 222
189 227
189 238
189 243
189 301
189 307
189 309
189 329
189 340
189 341
189 354
189 366
189 381
190 29
190 41
190 51
190 264
190 344
190 377
190 390
191 29
191 37
191 40
191 80
191 81
191 95
191 110
191 116
191 126
191 136
191 152
191 157
191 160
191 200
191 204
191 214
191 222
191 226
191 230
191 237
191 238
191 254
191 259
191 270
191 285
191 288
191 297
191 317
191 321
191 355
191 363
191 366
191 375
191 380
191 385
191 404
191 437
191 441
191 449
191 458
191 459
191 460
191 468
191 491
192 12
192 92
192 138
192 355
192 356
192 465
193 36
193 50
193 97
193 137
193 166
193 196
193 235
193 246
193 355
193 357
193 408
193 417
193 441
193 471
193 474
193 479
194 70
194 93
194 117
194 137
194 168
194 172
194 211
194 213
194 257
194 274
194 288
194 301
194 398
194 404
194 410
194 445
194 460
194 495
195 8
195 39
195 144
195 213
195 321
195 405
195 406
195 414
195 475
196 16
196 21
196 26
196 37
196 54
196 56
196 65
196 66
196 68
196 79
196 80
196 98
196 118
196 138
196 144
196 150
196 161
196 175
196 176
196 180
196 193
196 204
196 207
196 216
196 230
196 237
196 244
196 255
196 256
196 276
196 292
196 295
196 298
196 305
196 309
196 325
196 407
196 419
196 423
196 427
196 445
196 480
196 484
196 491
196 492
196 497
197 45
197 71
197 98
197 260
197 265
197 336
197 355
197 447
197 453
198 27
198 42
198 116
198 141
198 166
198 239
198 243
198 334
198 372
198 381
198 431
198 476
198 492
199 7
199 20
199 55
199 64
199 279
199 300
199 334
199 345
199 355
199 368
199 387
199 443
200 8
200 12
200 13
200 16
200 19
200 20
200 37
200 39
200 81
200 91
200 97
200 116
200 141
200 145
200 147
200 171
200 178
200 191
200 211
200 221
200 222
200 224
200 227
200 244
200 250
200 253
200 258
200 273
200 299
200 316
200 325
200 326
200 328
200 334
200 338
200 342
200 345
200 362
200 364
200 399
200 414
200 416
200 428
200 443
200 447
200 467
200 475
200 486
200 490
201 6
201 23
201 63
201 114
201 398
201 408
201 433
201 437
201 441
202 42
202 47
202 49
202 63
202 105
202 127
202 133
202 136
202 164
202 171
202 266
202 300
202 303
202 423
202 424
202 438
203 49
203 54
203 57
203 71
203 97
203 133
203 136
203 157
203 178
203 186
203 188
203 212
203 215
203 219
203 221
203 235
203 240
203 246
203 268
203 273
203 286
203 294
203 303
203 310
203 322
203 342
203 349
203 386
203 388
203 393
203 399
203 404
203 408
203 427
203 455
203 467
203 469
203 472
203 491
203 496
204 2
204 12
204 16
204 26
204 29
204 36
204 54
204 57
204 59
204 68
204 78
204 83
204 92
204 103
204 112
204 180
204 191
204 196
204 217
204 222
204 246
204 253
204 260
204 287
204 292
204 296
204 310
204 315
204 317
204 323
204 418
204 436
204 445
204 454
204 482
204 491
204 497
205 25
205 42
205 80
205 102
205 117
205 144
205 185
205 247
205 307
206 288
206 290
206 354
206 363
206 392
206 441
207 30
207 36
207 99
207 103
207 196
207 252
207 308
207 340
207 388
207 411
207 414
207 415
207 460
208 39
208 40
208 44
208 94
208 155
208 230
208 237
208 263
208 268
208 270
208 286
208 305
208 449
209 57
209 118
209 137
209 184
209 238
209 265
209 276
209 344
209 395
209 419
209 430
210 26
210 50
210 52
210 54
210 57
210 66
210 70
210 85
210 117
210 128
210 136
210 185
210 186
210 220
210 260
210 288
210 300
210 305
210 342
210 357
210 375
210 381
210 382
210 403
210 408
210 410
210 411
210 432
210 437
210 445
210 459
210 465
210 467
211 31
211 32
211 44
211 50
211 51
211 150
211 157
211 174
211 177
211 194
211 200
211 257
211 265
211 268
211 279
211 287
211 288
211 303
211 313
211 316
211 318
211 325
211 342
211 344
211 360
211 373
211 395
211 409
211 410
211 463
211 471
211 473
211 480
211 484
211 491
212 116
212 203
212 252
212 279
212 289
212 299
212 338
212 404
212 445
213 13
213 26
213 29
213 90
213 93
213 102
213 108
213 117
213 118
213 128
213 138
213 152
213 163
213 174
213 178
213 194
213 195
213 220
213 222
213 235
213 237
213 238
213 255
213 287
213 288
213 292
213 297
213 299
213 318
213 325
213 352
213 358
213 367
213 369
213 391
213 404
213 407
213 408
213 410
213 440
213 447
213 452
213 473
213 478
213 490
213 499
214 61
214 102
214 138
214 144
214 191
214 221
214 332
214 405
214 430
214 494
215 25
215 38
215 53
215 54
215 203
215 229
215 297
215 367
215 441
216 11
216 12
216 36
216 52
216 94
216 102
216 121
216 124
216 128
216 196
216 338
216 362
216 419
216 422
216 441
216 460
217 23
217 25
217 26
217 36
217 50
217 71
217 78
217 92
217 102
217 121
217 128
217 173
217 178
217 204
217 255
217 270
217 274
217 295
217 328
217 336
217 354
217 362
217 370
217 401
217 410
217 431
217 468
217 496
218 54
218 78
218 80
218 222
218 230
218 242
218 270
218 286
218 292
218 344
218 482
218 487
218 497
219 23
219 113
219 129
219 203
219 301
219 303
219 315
219 325
219 344
219 369
219 372
219 423
219 452
219 453
219 476
220 2
220 12
220 19
220 26
220 28
220 46
220 54
220 86
220 97
220 107
220 110
220 117
220 137
220 138
220 142
220 152
220 157
220 182
220 210
220 213
220 230
220 238
220 246
220 266
220 267
220 268
220 270
220 281
220 289
220 290
220 304
220 355
220 375
220 377
220 390
220 395
220 406
220 410
220 417
220 426
220 445
220 465
220 468
221 2
221 10
221 11
221 12
221 23
221 25
221 28
221 31
221 37
221 54
221 63
221 84
221 108
221 133
221 138
221 140
221 175
221 200
221 203
221 214
221 250
221 257
221 258
221 259
221 268
221 303
221 307
221 309
221 328
221 337
221 338
221 342
221 345
221 346
221 358
221 359
221 421
221 426
221 431
221 440
221 445
221 454
221 468
221 469
221 472
221 480
222 5
222 30
222 37
222 99
222 105
222 116
222 129
222 133
222 151
222 152
222 154
222 164
222 183
222 189
222 191
222 200
222 204
222 213
222 218
222 247
222 273
222 295
222 329
222 344
222 350
222 354
222 365
222 370
222 375
222 407
222 411
222 417
222 426
222 429
222 443
222 460
222 463
222 466
222 473
222 474
222 484
222 491
222 496
223 12
223 26
223 59
223 73
223 147
223 163
223 182
223 225
223 237
223 302
223 326
223 412
223 433
224 17
224 24
224 25
224 26
224 31
224 40
224 41
224 97
224 99
224 107
224 151
224 200
224 257
224 267
224 310
224 336
224 338
224 355
224 404
224 410
224 434
224 437
224 438
224 482
224 491
225 55
225 85
225 86
225 105
225 124
225 169
225 223
225 241
225 252
225 268
225 293
225 344
225 377
225 380
225 413
225 417
225 430
225 433
225 496
226 30
226 75
226 80
226 87
226 104
226 108
226 127
226 155
226 191
226 273
226 286
226 320
226 329
226 330
226 344
226 357
226 365
226 435
226 470
227 3
227 43
227 44
227 46
227 65
227 87
227 123
227 184
227 189
227 200
227 259
227 303
227 396
227 467
228 36
228 112
228 236
228 271
228 275
228 443
228 450
228 491
229 5
229 107
229 215
229 248
229 270
229 355
229 359
229 406
229 426
229 453
230 61
230 76
230 78
230 81
230 95
230 120
230 151
230 153
230 191
230 196
230 208
230 218
230 220
230 238
230 241
230 263
230 286
230 318
230 325
230 351
230 390
230 436
230 458
230 493
231 123
231 128
231 281
231 345
231 385
231 441
231 445
231 457
231 497
232 1
232 2
232 7
232 14
232 29
232 38
232 102
232 107
232 133
232 235
232 316
232 353
232 363
232 364
232 404
232 476
233 12
233 111
233 326
233 345
233 355
233 356
233 414
234 25
234 35
234 160
234 183
234 260
234 270
234 363
234 446
234 447
234 487
235 16
235 26
235 31
235 32
235 36
235 55
235 76
235 77
235 100
235 109
235 161
235 171
235 183
235 193
235 203
235 213
235 232
235 241
235 257
235 282
235 305
235 331
235 339
235 344
235 363
235 384
235 418
235 429
235 432
235 463
235 496
236 32
236 52
236 228
236 301
236 445
236 486
237 1
237 44
237 55
237 65
237 71
237 79
237 133
237 152
237 191
237 196
237 208
237 213
237 223
237 242
237 252
237 253
237 266
237 280
237 282
237 312
237 324
237 352
237 354
237 392
237 410
237 433
237 441
237 449
237 493
238 1
238 7
238 12
238 17
238 46
238 53
238 62
238 78
238 81
238 84
238 94
238 101
238 112
238 114
238 117
238 119
238 136
238 138
238 141
238 182
238 183
238 189
238 191
238 209
238 213
238 220
238 230
238 242
238 253
238 259
238 265
238 285
238 288
238 294
238 301
238 344
238 353
238 355
238 375
238 376
238 377
238 389
238 404
238 406
238 437
238 446
238 465
238 480
239 3
239 24
239 88
239 105
239 107
239 198
239 263
239 320
239 372
239 380
239 384
239 414
239 445
239 486
240 2
240 32
240 44
240 95
240 122
240 203
240 260
240 358
240 366
240 383
241 11
241 12
241 13
241 19
241 25
241 50
241 61
241 80
241 95
241 107
241 108
241 119
241 139
241 150
241 156
241 161
241 164
241 225
241 230
241 235
241 257
241 260
241 263
241 266
241 271
241 273
241 282
241 290
241 291
241 294
241 301
241 304
241 342
241 348
241 389
241 419
241 429
241 441
241 467
241 475
241 479
241 493
242 12
242 25
242 27
242 38
242 46
242 51
242 53
242 61
242 68
242 80
242 82
242 84
242 96
242 101
242 116
242 129
242 136
242 165
242 182
242 183
242 184
242 187
242 218
242 237
242 238
242 252
242 258
242 271
242 277
242 281
242 293
242 303
242 305
242 307
242 324
242 334
242 349
242 350
242 363
242 366
242 376
242 379
242 410
242 416
242 447
242 476
242 488
242 489
243 8
243 44
243 55
243 60
243 79
243 100
243 110
243 111
243 143
243 189
243 198
243 252
243 258
243 260
243 299
243 310
243 342
243 356
243 450
243 467
243 472
244 12
244 19
244 40
244 78
244 97
244 153
244 196
244 200
244 271
244 287
244 289
244 292
244 309
244 342
244 476
245 70
245 102
245 135
245 141
245 368
245 486
246 2
246 9
246 25
246 36
246 38
246 50
246 51
246 54
246 80
246 84
246 99
246 108
246 109
246 110
246 119
246 147
246 158
246 183
246 193
246 203
246 204
246 220
246 254
246 258
246 283
246 286
246 308
246 309
246 321
246 325
246 341
246 354
246 357
246 362
246 365
246 368
246 380
246 415
246 421
246 433
246 464
246 468
246 477
246 479
246 491
247 15
247 50
247 53
247 152
247 205
247 222
247 289
247 325
247 458
247 486
248 106
248 229
248 327
248 446
248 482
248 484
249 54
249 112
249 328
249 332
249 437
249 460
249 468
249 481
249 482
250 97
250 200
250 221
250 342
250 354
250 393
250 484
251 21
251 25
251 36
251 40
251 68
251 75
251 169
251 278
251 286
251 293
251 311
251 377
251 381
251 448
251 451
251 463
251 479
252 78
252 82
252 89
252 117
252 124
252 135
252 152
252 171
252 178
252 181
252 207
252 212
252 225
252 237
252 242
252 243
252 294
252 323
252 330
252 335
252 337
252 345
252 348
252 349
252 357
252 369
252 377
252 438
252 469
252 472
252 479
252 484
252 496
253 18
253 26
253 29
253 38
253 83
253 84
253 99
253 116
253 174
253 177
253 186
253 200
253 204
253 237
253 238
253 271
253 303
253 305
253 313
253 319
253 389
253 409
253 432
253 464
253 472
253 477
253 480
253 484
253 489
254 2
254 14
254 36
254 64
254 79
254 99
254 107
254 136
254 143
254 153
254 191
254 246
254 261
254 263
254 268
254 280
254 281
254 295
254 298
254 325
254 363
254 375
254 392
254 408
254 430
254 433
254 464
254 471
254 488
255 86
255 105
255 107
255 151
255 196
255 213
255 217
255 262
255 292
255 323
255 324
255 332
255 381
255 409
255 438
255 441
255 449
255 477
255 493
256 79
256 196
256 286
256 404
256 412
256 451
257 5
257 18
257 36
257 47
257 50
257 57
257 86
257 103
257 105
257 117
257 119
257 150
257 152
257 194
257 211
257 221
257 224
257 235
257 241
257 266
257 284
257 297
257 300
257 308
257 338
257 356
257 362
257 365
257 373
257 406
257 411
257 417
257 447
257 467
257 493
258 8
258 17
258 30
258 31
258 36
258 43
258 44
258 45
258 52
258 53
258 59
258 87
258 99
258 103
258 107
258 117
258 121
258 128
258 131
258 145
258 148
258 150
258 167
258 174
258 178
258 184
258 186
258 200
258 221
258 242
258 243
258 246
258 263
258 299
258 318
258 332
258 356
258 364
258 381
258 390
258 396
258 411
258 419
258 431
258 435
258 449
258 476
259 30
259 79
259 94
259 116
259 183
259 191
259 221
259 227
259 238
259 263
259 294
259 342
259 355
259 438
259 444
259 452
259 486
260 2
260 12
260 18
260 25
260 46
260 53
260 58
260 64
260 82
260 89
260 92
260 107
260 110
260 112
260 123
260 137
260 197
260 204
260 210
260 234
260 240
260 241
260 243
260 270
260 274
260 293
260 301
260 316
260 321
260 325
260 342
260 355
260 363
260 381
260 385
260 390
260 397
260 411
260 416
260 417
260 431
260 473
260 478
260 491
261 1
261 8
261 139
261 254
261 281
261 286
261 300
261 407
261 410
261 418
262 255
262 273
262 300
262 304
262 362
262 414
262 431
262 460
262 473
263 1
263 2
263 17
263 36
263 37
263 42
263 46
263 57
263 58
263 70
263 80
263 97
263 111
263 116
263 119
263 134
263 138
263 144
263 185
263 208
263 230
263 239
263 241
263 254
263 258
263 259
263 265
263 281
263 285
263 309
263 318
263 323
263 342
263 378
263 387
263 418
263 422
263 449
263 452
263 456
263 469
263 486
264 93
264 132
264 190
264 270
264 363
264 491
265 11
265 26
265 40
265 43
265 50
265 53
265 70
265 95
265 120
265 127
265 171
265 174
265 197
265 209
265 211
265 238
265 263
265 285
265 289
265 303
265 309
265 341
265 349
265 362
265 372
265 421
265 424
265 437
265 445
265 468
265 477
265 493
265 496
266 8
266 45
266 87
266 105
266 111
266 202
266 220
266 237
266 241
266 257
266 365
266 384
266 444
266 468
267 1
267 25
267 40
267 80
267 89
267 91
267 117
267 178
267 220
267 224
267 270
267 275
267 305
267 314
267 324
267 343
267 382
267 396
267 460
267 482
267 491
268 14
268 30
268 32
268 40
268 57
268 83
268 102
268 107
268 127
268 138
268 144
268 148
268 178
268 203
268 208
268 211
268 220
268 221
268 225
268 254
268 305
268 307
268 312
268 332
268 344
268 375
268 380
268 410
268 411
268 430
268 441
268 461
268 484
269 26
269 61
269 95
269 180
269 279
269 285
269 299
269 466
270 2
270 18
270 46
270 51
270 54
270 71
270 79
270 89
270 95
270 98
270 107
270 108
270 128
270 154
270 182
270 185
270 191
270 208
270 217
270 218
270 220
270 229
270 234
270 260
270 264
270 267
270 274
270 287
270 290
270 292
270 293
270 301
270 316
270 325
270 344
270 355
270 363
270 383
270 414
270 463
270 468
271 3
271 5
271 30
271 41
271 43
271 113
271 129
271 163
271 164
271 169
271 178
271 228
271 241
271 242
271 244
271 253
271 303
271 307
271 338
271 344
271 351
271 360
271 362
271 372
271 373
271 379
271 408
271 424
271 430
271 451
271 453
271 491
272 18
272 62
272 116
272 336
272 423
272 472
273 8
273 14
273 18
273 36
273 45
273 55
273 57
273 70
273 84
273 87
273 93
273 97
273 102
273 119
273 128
273 141
273 152
273 157
273 174
273 178
273 183
273 200
273 203
273 222
273 226
273 241
273 262
273 281
273 285
273 288
273 300
273 335
273 336
273 341
273 365
273 375
273 396
273 434
273 438
273 442
273 460
273 483
274 36
274 38
274 59
274 67
274 68
274 103
274 107
274 116
274 194
274 217
274 260
274 270
274 278
274 284
274 294
274 309
274 347
274 352
274 355
274 363
274 381
274 390
274 393
274 425
274 484
275 14
275 36
275 99
275 228
275 267
275 310
275 320
275 377
275 441
275 445
275 472
276 46
276 78
276 196
276 209
276 345
276 375
276 392
276 431
276 445
276 475
277 100
277 242
277 312
277 347
277 355
277 365
277 460
277 467
278 43
278 45
278 68
278 79
278 83
278 97
278 103
278 116
278 134
278 138
278 152
278 167
278 181
278 251
278 274
278 285
278 293
278 294
278 318
278 341
278 375
278 408
278 421
279 8
279 9
279 19
279 95
279 128
279 145
279 159
279 199
279 211
279 212
279 269
279 284
279 288
279 361
279 383
279 417
279 422
279 438
279 455
279 468
279 481
280 35
280 237
280 254
280 289
280 294
280 301
280 345
280 350
280 356
280 366
280 376
280 405
280 407
280 412
280 413
280 475
280 484
280 491
281 49
281 50
281 55
281 57
281 80
281 118
281 152
281 183
281 220
281 231
281 242
281 254
281 261
281 263
281 273
281 285
281 287
281 293
281 305
281 312
281 331
281 341
281 345
281 353
281 355
281 363
281 380
281 407
281 408
281 415
281 417
281 426
281 428
281 447
281 458
281 460
281 478
281 480
281 489
282 82
282 138
282 152
282 235
282 237
282 241
282 323
282 369
283 81
283 246
283 290
283 292
283 303
283 348
283 411
283 414
284 19
284 30
284 52
284 79
284 95
284 99
284 105
284 114
284 128
284 163
284 257
284 274
284 279
284 297
284 308
284 341
284 383
284 403
284 404
284 417
284 429
284 435
284 452
284 475
284 482
285 1
285 11
285 12
285 15
285 30
285 32
285 54
285 65
285 71
285 87
285 93
285 97
285 116
285 126
285 134
285 181
285 182
285 183
285 191
285 238
285 263
285 265
285 269
285 273
285 278
285 281
285 295
285 300
285 310
285 319
285 320
285 334
285 335
285 341
285 342
285 349
285 356
285 363
285 365
285 381
285 395
285 412
285 414
285 421
285 431
285 460
285 470
285 499
286 8
286 10
286 18
286 19
286 22
286 29
286 53
286 70
286 78
286 113
286 115
286 123
286 133
286 139
286 145
286 165
286 166
286 203
286 208
286 218
286 226
286 230
286 246
286 251
286 256
286 261
286 335
286 375
286 390
286 398
286 399
286 428
286 447
286 453
286 476
286 477
286 479
286 482
286 490
287 8
287 50
287 54
287 74
287 78
287 84
287 95
287 153
287 180
287 204
287 211
287 213
287 244
287 270
287 281
287 294
287 304
287 342
287 359
287 370
287 380
287 389
287 416
287 427
287 429
287 443
287 470
287 484
287 486
288 57
288 75
288 83
288 84
288 105
288 108
288 117
288 118
288 146
288 175
288 183
288 191
288 194
288 206
288 210
288 211
288 213
288 238
288 273
288 279
288 296
288 303
288 311
288 328
288 340
288 341
288 387
288 418
288 470
288 480
288 485
288 495
289 13
289 37
289 93
289 212
289 220
289 244
289 247
289 265
289 280
289 320
289 369
289 410
289 473
290 25
290 65
290 76
290 84
290 165
290 166
290 206
290 220
290 241
290 270
290 283
290 298
290 307
290 328
290 332
290 345
290 397
290 434
290 451
290 458
290 467
290 497
291 47
291 57
291 152
291 180
291 241
291 301
291 363
292 55
292 57
292 133
292 171
292 185
292 196
292 204
292 213
292 218
292 244
292 255
292 270
292 283
292 379
292 413
292 419
292 480
292 488
293 8
293 13
293 20
293 60
293 61
293 117
293 128
293 129
293 148
293 168
293 177
293 184
293 185
293 225
293 242
293 251
293 260
293 270
293 278
293 281
293 309
293 343
293 344
293 357
293 364
293 365
293 375
293 399
293 407
293 410
293 414
293 431
293 441
293 453
293 454
293 462
293 465
293 468
293 476
293 479
293 480
293 490
294 7
294 26
294 27
294 46
294 47
294 49
294 53
294 55
294 71
294 105
294 116
294 133
294 137
294 139
294 141
294 164
294 166
294 176
294 178
294 182
294 203
294 238
294 241
294 252
294 259
294 274
294 278
294 280
294 287
294 305
294 316
294 322
294 325
294 400
294 424
294 429
294 490
294 491
295 12
295 45
295 57
295 76
295 95
295 97
295 118
295 138
295 151
295 183
295 196
295 217
295 222
295 254
295 285
295 327
295 357
295 362
295 365
295 458
295 472
295 497
296 144
296 204
296 288
296 302
296 323
296 450
297 10
297 12
297 31
297 58
297 80
297 100
297 117
297 161
297 167
297 191
297 213
297 215
297 257
297 284
297 303
297 335
297 354
297 364
297 417
297 419
297 422
297 497
297 498
298 3
298 10
298 28
298 134
298 164
298 196
298 254
298 290
298 349
298 425
298 463
298 467
298 476
298 489
298 493
299 12
299 13
299 23
299 31
299 32
299 36
299 45
299 46
299 51
299 55
299 66
299 103
299 105
299 116
299 117
299 130
299 135
299 164
299 200
299 212
299 213
299 243
299 258
299 269
299 301
299 325
299 332
299 334
299 341
299 343
299 347
299 355
299 365
299 372
299 380
299 390
299 395
299 432
299 438
299 447
299 449
299 464
300 1
300 2
300 38
300 40
300 79
300 85
300 87
300 90
300 97
300 111
300 129
300 160
300 181
300 183
300 187
300 199
300 202
300 210
300 257
300 261
300 262
300 273
300 285
300 311
300 316
300 327
300 328
300 340
300 341
300 350
300 397
300 417
300 419
300 431
300 448
300 451
300 475
300 478
301 84
301 95
301 129
301 135
301 152
301 174
301 181
301 182
301 189
301 194
301 219
301 236
301 238
301 241
301 260
301 270
301 280
301 291
301 299
301 307
301 373
301 388
301 397
301 410
301 414
301 475
301 480
301 493
302 29
302 42
302 86
302 223
302 296
302 349
302 371
303 5
303 19
303 23
303 30
303 35
303 50
303 70
303 93
303 95
303 99
303 127
303 131
303 134
303 147
303 178
303 202
303 203
303 211
303 219
303 221
303 227
303 242
303 253
303 265
303 271
303 283
303 288
303 297
303 309
303 311
303 313
303 316
303 317
303 336
303 349
303 357
303 364
303 390
303 414
303 416
303 425
303 431
303 443
303 463
303 464
303 477
303 480
303 487
303 493
304 80
304 220
304 241
304 262
304 287
304 308
304 323
304 407
304 438
304 469
304 473
304 484
305 29
305 30
305 54
305 64
305 98
305 117
305 128
305 129
305 141
305 185
305 186
305 196
305 208
305 210
305 235
305 242
305 253
305 267
305 268
305 281
305 294
305 309
305 311
305 336
305 342
305 355
305 407
305 417
305 451
305 468
305 493
306 45
306 55
306 88
306 96
306 128
306 149
306 172
306 186
306 342
306 431
306 486
307 27
307 36
307 46
307 54
307 64
307 65
307 78
307 80
307 99
307 107
307 154
307 172
307 189
307 205
307 221
307 242
307 268
307 271
307 290
307 301
307 316
307 325
307 338
307 366
307 381
307 445
307 473
307 484
307 491
308 2
308 8
308 30
308 37
308 38
308 57
308 79
308 99
308 106
308 129
308 172
308 207
308 246
308 257
308 284
308 304
308 324
308 347
308 349
308 393
308 413
308 417
308 421
308 447
309 2
309 13
309 37
309 143
309 166
309 174
309 189
309 196
309 221
309 244
309 246
309 263
309 265
309 274
309 293
309 303
309 305
309 314
309 336
309 364
309 399
309 431
309 441
309 445
309 475
310 2
310 27
310 92
310 116
310 117
310 156
310 203
310 204
310 224
310 243
310 275
310 285
310 316
310 317
310 343
310 363
310 372
310 381
310 451
311 11
311 15
311 49
311 54
311 71
311 78
311 121
311 138
311 159
311 178
311 251
311 288
311 300
311 303
311 305
311 349
311 365
311 377
311 413
311 431
311 457
311 472
312 48
312 92
312 111
312 119
312 237
312 268
312 277
312 281
312 343
312 451
312 460
312 463
312 498
313 50
313 138
313 211
313 253
313 303
313 323
313 333
313 350
313 377
313 410
313 416
313 482
314 86
314 89
314 105
314 139
314 267
314 309
314 404
314 417
315 76
315 111
315 167
315 204
315 219
315 316
315 346
315 410
315 453
315 496
316 15
316 70
316 79
316 96
316 105
316 123
316 138
316 181
316 200
316 211
316 232
316 260
316 270
316 294
316 300
316 303
316 307
316 310
316 315
316 324
316 334
316 338
316 339
316 352
316 361
316 366
316 408
316 418
316 419
316 437
316 442
316 482
316 489
316 496
317 24
317 44
317 53
317 152
317 178
317 180
317 191
317 204
317 303
317 310
317 348
317 399
317 415
317 421
318 34
318 78
318 116
318 211
318 213
318 230
318 258
318 263
318 278
318 359
318 414
318 421
318 438
319 1
319 84
319 142
319 168
319 185
319 253
319 285
319 320
319 355
319 363
319 374
319 404
319 413
319 482
320 17
320 72
320 82
320 157
320 167
320 226
320 239
320 275
320 285
320 289
320 319
320 343
320 372
320 419
320 445
320 475
320 480
320 490
321 137
321 185
321 191
321 195
321 246
321 260
321 341
321 433
321 438
321 480
321 489
322 1
322 75
322 78
322 129
322 136
322 203
322 294
322 332
322 337
322 338
322 349
322 386
322 404
322 405
322 406
322 416
322 471
322 472
322 485
322 491
323 4
323 37
323 59
323 65
323 111
323 131
323 135
323 139
323 151
323 204
323 252
323 255
323 263
323 282
323 296
323 304
323 313
323 358
323 362
323 377
323 381
323 384
323 396
323 398
323 431
323 463
323 475
323 476
323 496
324 8
324 14
324 46
324 49
324 78
324 80
324 95
324 135
324 138
324 161
324 171
324 175
324 237
324 242
324 255
324 267
324 308
324 316
324 361
324 368
324 454
324 463
324 487
325 10
325 41
325 42
325 43
325 62
325 98
325 105
325 106
325 110
325 141
325 152
325 162
325 178
325 196
325 200
325 211
325 213
325 219
325 230
325 246
325 247
325 254
325 260
325 270
325 294
325 299
325 307
325 353
325 397
325 400
325 408
325 431
325 432
325 437
325 445
325 455
325 457
325 462
326 68
326 101
326 113
326 116
326 128
326 138
326 169
326 170
326 200
326 223
326 233
326 375
326 408
326 439
326 465
326 473
326 479
326 484
326 492
327 78
327 97
327 121
327 152
327 163
327 164
327 248
327 295
327 300
327 476
328 2
328 3
328 32
328 47
328 59
328 61
328 64
328 79
328 102
328 105
328 171
328 200
328 217
328 221
328 249
328 288
328 290
328 300
328 350
328 353
328 407
328 441
328 451
328 472
328 480
328 491
329 31
329 49
329 53
329 93
329 102
329 189
329 222
329 226
329 342
329 432
329 447
330 75
330 129
330 131
330 226
330 252
330 336
330 492
331 50
331 60
331 82
331 235
331 281
331 343
331 405
331 430
332 31
332 37
332 51
332 53
332 55
332 62
332 99
332 117
332 138
332 173
332 214
332 249
332 255
332 258
332 268
332 290
332 299
332 322
332 342
332 405
332 421
332 426
332 494
332 496
333 18
333 87
333 152
333 313
333 338
333 388
333 441
333 484
334 30
334 90
334 136
334 137
334 198
334 199
334 200
334 242
334 285
334 299
334 316
334 418
334 454
334 467
334 492
334 497
335 3
335 31
335 46
335 53
335 55
335 138
335 141
335 146
335 252
335 273
335 285
335 286
335 297
335 345
335 356
335 361
335 399
335 460
335 493
336 39
336 40
336 44
336 57
336 71
336 78
336 79
336 81
336 101
336 109
336 111
336 116
336 137
336 168
336 174
336 180
336 197
336 217
336 224
336 272
336 273
336 303
336 305
336 309
336 330
336 342
336 390
336 417
336 427
336 463
336 471
336 477
336 486
336 490
336 497
337 3
337 30
337 139
337 221
337 252
337 322
337 338
337 364
337 395
337 417
337 465
337 471
338 5
338 38
338 46
338 68
338 121
338 174
338 177
338 179
338 200
338 212
338 216
338 221
338 224
338 257
338 271
338 307
338 316
338 322
338 333
338 337
338 397
338 406
338 417
338 418
338 449
338 497
339 7
339 128
339 235
339 316
339 417
339 421
340 41
340 46
340 99
340 105
340 189
340 207
340 288
340 300
340 345
340 424
340 445
340 454
341 7
341 36
341 49
341 50
341 60
341 95
341 97
341 105
341 149
341 151
341 152
341 183
341 189
341 246
341 265
341 273
341 278
341 281
341 284
341 285
341 288
341 299
341 300
341 321
341 381
341 421
341 454
341 470
341 491
342 15
342 42
342 79
342 91
342 126
342 129
342 134
342 155
342 165
342 200
342 203
342 210
342 211
342 221
342 241
342 243
342 244
342 250
342 259
342 260
342 263
342 285
342 287
342 305
342 306
342 329
342 332
342 336
342 352
342 355
342 356
342 371
342 384
342 404
342 406
342 407
342 411
342 415
342 426
342 445
342 453
342 456
342 463
342 480
342 486
342 489
342 491
343 15
343 77
343 120
343 128
343 267
343 293
343 299
343 310
343 312
343 320
343 331
343 355
343 366
343 407
344 11
344 12
344 26
344 55
344 57
344 80
344 84
344 85
344 92
344 93
344 117
344 119
344 127
344 129
344 130
344 136
344 151
344 152
344 182
344 190
344 209
344 211
344 218
344 219
344 222
344 225
344 226
344 235
344 238
344 268
344 270
344 271
344 293
344 346
344 375
344 383
344 471
344 480
344 484
344 486
345 50
345 53
345 72
345 107
345 171
345 199
345 200
345 221
345 231
345 233
345 252
345 276
345 280
345 281
345 290
345 335
345 340
345 403
345 475
345 493
346 25
346 101
346 159
346 167
346 170
346 185
346 221
346 315
346 344
346 414
346 416
346 438
346 473
346 484
346 493
347 15
347 92
347 94
347 128
347 152
347 274
347 277
347 299
347 308
347 390
347 419
347 485
347 490
348 8
348 30
348 80
348 112
348 241
348 252
348 283
348 317
348 369
348 381
349 12
349 32
349 36
349 37
349 50
349 53
349 95
349 112
349 129
349 138
349 151
349 152
349 182
349 203
349 242
349 252
349 265
349 285
349 298
349 302
349 303
349 308
349 311
349 322
349 365
349 376
349 397
349 400
349 404
349 412
349 439
349 440
349 460
349 472
349 476
349 483
349 486
350 1
350 30
350 72
350 75
350 133
350 154
350 222
350 242
350 280
350 300
350 313
350 328
350 407
350 416
350 419
350 438
351 10
351 40
351 230
351 271
351 370
351 392
351 405
351 429
351 480
351 484
352 3
352 29
352 68
352 71
352 138
352 213
352 237
352 274
352 316
352 342
352 356
352 373
352 390
352 395
352 419
352 441
352 458
352 467
352 481
352 484
352 485
353 20
353 37
353 137
353 141
353 232
353 238
353 281
353 325
353 328
353 357
353 451
353 474
353 494
354 5
354 20
354 23
354 27
354 46
354 47
354 92
354 136
354 138
354 157
354 166
354 168
354 179
354 189
354 206
354 217
354 222
354 237
354 246
354 250
354 297
354 355
354 397
354 408
354 417
354 431
354 453
354 458
354 475
354 480
355 22
355 46
355 65
355 76
355 78
355 89
355 97
355 99
355 107
355 144
355 174
355 180
355 191
355 192
355 193
355 197
355 199
355 220
355 224
355 229
355 233
355 238
355 259
355 260
355 270
355 274
355 277
355 281
355 299
355 305
355 319
355 342
355 343
355 354
355 357
355 363
355 374
355 421
355 437
355 449
355 451
355 467
355 494
356 192
356 233
356 243
356 257
356 258
356 280
356 285
356 335
356 342
356 352
356 438
356 497
357 13
357 79
357 95
357 97
357 136
357 160
357 193
357 210
357 226
357 246
357 252
357 293
357 295
357 303
357 353
357 355
357 406
357 424
357 431
357 452
357 460
357 473
357 476
357 490
358 99
358 136
358 144
358 213
358 221
358 240
358 323
358 414
358 437
358 453
358 460
358 476
359 54
359 144
359 221
359 229
359 287
359 318
359 373
359 383
359 480
360 29
360 147
360 157
360 159
360 183
360 211
360 271
360 365
360 410
361 17
361 84
361 98
361 111
361 133
361 164
361 174
361 279
361 316
361 324
361 335
361 432
362 1
362 37
362 43
362 61
362 73
362 136
362 200
362 216
362 217
362 246
362 257
362 262
362 265
362 271
362 295
362 323
362 381
362 426
362 431
362 451
362 457
363 30
363 34
363 46
363 50
363 57
363 93
363 105
363 107
363 116
363 128
363 129
363 132
363 134
363 167
363 171
363 191
363 206
363 232
363 234
363 235
363 242
363 254
363 260
363 264
363 270
363 274
363 281
363 285
363 291
363 310
363 319
363 355
363 365
363 404
363 408
363 411
363 417
363 441
363 445
363 476
364 1
364 30
364 39
364 62
364 93
364 128
364 177
364 178
364 182
364 200
364 232
364 258
364 293
364 297
364 303
364 309
364 337
364 424
364 427
364 441
364 457
364 460
364 463
364 473
364 476
364 479
365 1
365 30
365 60
365 68
365 78
365 87
365 97
365 106
365 107
365 123
365 157
365 183
365 187
365 222
365 226
365 246
365 257
365 266
365 273
365 277
365 285
365 293
365 295
365 299
365 311
365 349
365 360
365 363
365 366
365 390
365 407
365 423
365 424
365 437
365 467
365 482
365 490
366 2
366 12
366 23
366 29
366 36
366 46
366 65
366 99
366 119
366 160
366 185
366 189
366 191
366 240
366 242
366 280
366 307
366 316
366 343
366 365
366 469
367 11
367 54
367 78
367 157
367 213
367 215
368 8
368 25
368 29
368 80
368 132
368 155
368 178
368 199
368 245
368 246
368 324
368 377
368 417
368 432
368 438
368 445
368 480
368 490
369 50
369 149
369 182
369 213
369 219
369 252
369 282
369 289
369 348
369 374
369 410
369 451
370 217
370 222
370 287
370 351
370 416
370 426
370 482
371 20
371 302
371 342
371 425
371 436
371 439
371 473
372 37
372 43
372 136
372 139
372 178
372 182
372 198
372 219
372 239
372 265
372 271
372 299
372 310
372 320
372 419
372 445
373 185
373 211
373 257
373 271
373 301
373 352
373 359
373 441
373 482
374 29
374 102
374 187
374 319
374 355
374 369
374 394
374 421
374 422
374 486
375 4
375 8
375 26
375 30
375 37
375 44
375 55
375 65
375 70
375 71
375 102
375 105
375 116
375 117
375 128
375 135
375 147
375 159
375 171
375 178
375 180
375 191
375 210
375 220
375 222
375 238
375 254
375 268
375 273
375 276
375 278
375 286
375 293
375 326
375 344
375 405
375 409
375 411
375 421
375 422
375 441
375 453
375 475
375 482
375 495
376 8
376 53
376 67
376 87
376 109
376 238
376 242
376 280
376 349
376 377
376 392
376 461
376 472
377 12
377 15
377 29
377 34
377 36
377 48
377 56
377 101
377 106
377 111
377 135
377 138
377 152
377 153
377 190
377 220
377 225
377 238
377 251
377 252
377 275
377 311
377 313
377 323
377 368
377 376
377 380
377 383
377 408
377 417
377 445
377 452
377 458
377 473
377 479
377 486
377 493
377 496
378 19
378 32
378 103
378 185
378 263
378 402
379 25
379 53
379 74
379 75
379 93
379 117
379 164
379 242
379 271
379 292
379 421
379 460
379 480
380 2
380 12
380 157
380 164
380 191
380 225
380 239
380 246
380 268
380 281
380 287
380 299
380 377
380 418
380 449
380 468
381 0
381 2
381 13
381 14
381 30
381 32
381 38
381 44
381 48
381 74
381 75
381 80
381 86
381 87
381 99
381 124
381 128
381 129
381 170
381 189
381 198
381 210
381 251
381 255
381 258
381 260
381 274
381 285
381 307
381 310
381 323
381 341
381 348
381 362
381 389
381 400
381 411
381 414
381 418
381 424
381 441
381 447
381 452
381 457
381 463
381 482
381 484
382 53
382 123
382 171
382 210
382 267
382 398
382 402
382 412
382 469
383 11
383 16
383 26
383 46
383 95
383 116
383 123
383 137
383 240
383 270
383 279
383 284
383 344
383 359
383 377
383 417
383 490
384 235
384 239
384 266
384 323
384 342
384 424
384 497
385 39
385 151
385 191
385 231
385 260
385 402
385 415
385 461
386 71
386 119
386 137
386 144
386 171
386 203
386 322
386 415
386 477
387 19
387 105
387 136
387 199
387 263
387 288
387 396
387 437
388 122
388 176
388 203
388 207
388 301
388 333
389 0
389 8
389 10
389 46
389 69
389 161
389 177
389 182
389 238
389 241
389 253
389 287
389 381
389 426
389 445
389 454
390 3
390 14
390 15
390 26
390 30
390 40
390 42
390 52
390 61
390 106
390 152
390 190
390 220
390 230
390 258
390 260
390 274
390 286
390 299
390 303
390 336
390 347
390 352
390 365
390 407
390 414
390 438
390 476
390 491
391 25
391 99
391 139
391 213
391 417
391 493
392 1
392 78
392 110
392 185
392 206
392 237
392 254
392 276
392 351
392 376
392 433
392 465
392 468
392 490
393 38
393 112
393 203
393 250
393 274
393 308
394 78
394 136
394 374
394 397
394 410
394 411
395 39
395 65
395 116
395 121
395 126
395 209
395 211
395 220
395 285
395 299
395 337
395 352
395 494
396 0
396 18
396 86
396 99
396 102
396 132
396 164
396 179
396 183
396 227
396 258
396 267
396 273
396 323
396 387
396 417
396 437
396 443
396 460
397 1
397 20
397 25
397 70
397 89
397 260
397 290
397 300
397 301
397 325
397 338
397 349
397 354
397 394
397 450
397 460
397 470
397 480
397 494
398 57
398 136
398 160
398 181
398 194
398 201
398 286
398 323
398 382
398 407
398 421
398 461
398 484
398 486
399 29
399 44
399 77
399 78
399 117
399 142
399 148
399 165
399 173
399 174
399 200
399 203
399 286
399 293
399 309
399 317
399 335
399 401
399 426
399 448
399 486
400 11
400 51
400 102
400 294
400 325
400 349
400 381
400 476
401 65
401 138
401 217
401 399
401 414
401 461
402 99
402 378
402 382
402 385
402 410
402 417
402 468
402 473
403 70
403 185
403 210
403 284
403 345
403 463
404 6
404 17
404 32
404 57
404 60
404 75
404 87
404 185
404 186
404 191
404 194
404 203
404 212
404 213
404 224
404 232
404 238
404 256
404 284
404 314
404 319
404 322
404 342
404 349
404 363
404 430
404 431
404 432
404 472
404 476
404 489
405 2
405 15
405 47
405 49
405 57
405 74
405 87
405 112
405 121
405 134
405 137
405 163
405 169
405 170
405 195
405 214
405 280
405 322
405 331
405 332
405 351
405 375
405 458
405 464
405 465
405 482
405 499
406 50
406 62
406 112
406 127
406 128
406 133
406 195
406 220
406 229
406 238
406 257
406 322
406 338
406 342
406 357
406 433
406 468
406 481
406 486
406 489
407 2
407 30
407 31
407 36
407 37
407 38
407 40
407 53
407 55
407 79
407 92
407 152
407 164
407 174
407 184
407 196
407 213
407 222
407 261
407 280
407 281
407 293
407 304
407 305
407 328
407 342
407 343
407 350
407 365
407 390
407 398
407 460
407 463
407 481
408 54
408 70
408 125
408 135
408 136
408 143
408 154
408 180
408 183
408 193
408 201
408 203
408 210
408 213
408 254
408 271
408 278
408 281
408 316
408 325
408 326
408 354
408 363
408 377
408 421
408 442
408 447
408 467
408 475
408 485
408 491
409 143
409 211
409 253
409 255
409 375
409 423
409 463
409 481
409 486
410 1
410 15
410 53
410 60
410 77
410 78
410 84
410 93
410 99
410 107
410 116
410 127
410 136
410 137
410 145
410 152
410 159
410 183
410 184
410 185
410 194
410 210
410 211
410 213
410 217
410 220
410 224
410 237
410 242
410 261
410 268
410 289
410 293
410 301
410 313
410 315
410 360
410 369
410 394
410 402
410 414
410 438
410 459
410 472
410 480
410 482
410 490
411 0
411 12
411 37
411 64
411 93
411 207
411 210
411 222
411 257
411 258
411 260
411 268
411 283
411 342
411 363
411 375
411 381
411 394
411 482
411 491
412 34
412 35
412 71
412 79
412 99
412 104
412 132
412 223
412 256
412 280
412 285
412 349
412 382
412 417
412 440
412 466
412 477
412 479
412 496
413 160
413 169
413 225
413 280
413 292
413 308
413 311
413 319
413 434
413 447
413 449
413 493
414 4
414 5
414 40
414 58
414 65
414 109
414 111
414 133
414 135
414 136
414 139
414 175
414 177
414 184
414 195
414 200
414 207
414 233
414 239
414 262
414 270
414 283
414 285
414 293
414 301
414 303
414 318
414 346
414 358
414 381
414 390
414 401
414 410
414 416
414 433
414 447
414 480
415 15
415 26
415 51
415 112
415 129
415 136
415 138
415 139
415 141
415 182
415 183
415 207
415 246
415 281
415 317
415 342
415 385
415 386
415 417
415 433
415 441
415 475
415 478
416 42
416 68
416 112
416 116
416 153
416 185
416 200
416 242
416 260
416 287
416 303
416 313
416 322
416 346
416 350
416 370
416 414
416 468
417 6
417 25
417 29
417 46
417 47
417 52
417 56
417 57
417 60
417 74
417 95
417 99
417 105
417 129
417 130
417 138
417 183
417 193
417 220
417 222
417 225
417 257
417 260
417 279
417 281
417 284
417 297
417 300
417 305
417 308
417 314
417 336
417 337
417 338
417 339
417 354
417 363
417 368
417 377
417 383
417 391
417 396
417 402
417 412
417 415
417 437
417 441
417 452
417 480
417 485
418 6
418 19
418 42
418 52
418 107
418 137
418 157
418 160
418 204
418 235
418 261
418 263
418 288
418 316
418 334
418 338
418 380
418 381
418 438
418 445
418 447
419 13
419 17
419 61
419 90
419 113
419 137
419 154
419 162
419 196
419 209
419 216
419 241
419 258
419 292
419 297
419 300
419 316
419 320
419 347
419 350
419 352
419 372
419 475
419 476
419 481
419 484
420 12
420 45
420 57
420 76
420 133
420 171
420 454
420 470
420 475
421 26
421 36
421 50
421 79
421 99
421 108
421 117
421 118
421 119
421 139
421 145
421 158
421 168
421 221
421 246
421 265
421 278
421 285
421 308
421 317
421 318
421 332
421 339
421 341
421 355
421 374
421 375
421 379
421 398
421 408
421 430
421 447
421 477
421 478
421 479
421 482
422 37
422 50
422 100
422 216
422 263
422 279
422 297
422 374
422 375
422 483
422 486
423 22
423 75
423 78
423 138
423 196
423 202
423 219
423 272
423 365
423 409
423 444
423 463
424 12
424 37
424 57
424 61
424 89
424 96
424 118
424 135
424 138
424 202
424 265
424 271
424 294
424 340
424 357
424 364
424 365
424 381
424 384
424 429
424 432
424 460
424 467
425 30
425 119
425 152
425 274
425 298
425 303
425 371
425 447
425 460
425 481
425 497
425 499
426 14
426 19
426 25
426 27
426 48
426 107
426 128
426 220
426 221
426 222
426 229
426 281
426 332
426 342
426 362
426 370
426 389
426 399
426 451
426 460
426 464
426 473
426 486
426 489
426 495
427 32
427 125
427 196
427 203
427 287
427 336
427 364
428 29
428 71
428 78
428 119
428 200
428 281
428 286
429 8
429 25
429 33
429 36
429 90
429 222
429 235
429 241
429 284
429 287
429 294
429 351
429 424
429 460
429 468
429 490
429 493
430 40
430 87
430 101
430 107
430 128
430 165
430 209
430 214
430 225
430 254
430 268
430 271
430 331
430 404
430 421
430 437
430 445
430 452
430 459
430 465
430 468
430 479
430 487
431 11
431 16
431 20
431 28
431 36
431 37
431 38
431 53
431 61
431 65
431 81
431 99
431 110
431 114
431 119
431 126
431 130
431 133
431 141
431 152
431 166
431 178
431 198
431 217
431 221
431 258
431 260
431 262
431 276
431 285
431 293
431 300
431 303
431 306
431 309
431 311
431 323
431 325
431 354
431 357
431 362
431 404
431 441
431 463
431 465
431 469
431 475
431 490
432 8
432 39
432 68
432 136
432 210
432 235
432 253
432 299
432 325
432 329
432 361
432 368
432 404
432 424
432 482
432 490
433 15
433 21
433 36
433 50
433 55
433 64
433 90
433 96
433 99
433 133
433 137
433 180
433 182
433 201
433 223
433 225
433 237
433 246
433 254
433 321
433 392
433 406
433 414
433 415
433 445
433 446
433 463
434 124
434 224
434 273
434 290
434 413
434 443
435 81
435 129
435 184
435 226
435 258
435 284
436 50
436 151
436 182
436 204
436 230
436 371
436 476
437 2
437 7
437 10
437 25
437 37
437 46
437 80
437 124
437 128
437 141
437 164
437 191
437 201
437 210
437 224
437 238
437 249
437 265
437 316
437 325
437 355
437 358
437 365
437 387
437 396
437 417
437 430
437 449
437 451
437 473
438 8
438 38
438 44
438 45
438 51
438 53
438 63
438 121
438 122
438 139
438 145
438 161
438 164
438 202
438 224
438 252
438 255
438 259
438 273
438 279
438 299
438 304
438 318
438 321
438 346
438 350
438 356
438 368
438 390
438 410
438 418
438 442
438 444
438 460
438 461
438 475
438 494
438 496
439 17
439 78
439 326
439 349
439 371
439 492
440 18
440 38
440 158
440 213
440 221
440 349
440 412
440 443
441 23
441 26
441 62
441 65
441 72
441 80
441 112
441 119
441 121
441 138
441 152
441 174
441 182
441 184
441 191
441 193
441 201
441 206
441 215
441 216
441 231
441 237
441 241
441 255
441 268
441 275
441 293
441 309
441 328
441 333
441 352
441 363
441 364
441 373
441 375
441 381
441 415
441 417
441 431
441 450
441 454
441 472
441 476
441 482
442 2
442 110
442 129
442 174
442 184
442 273
442 316
442 408
442 438
442 460
442 464
443 178
443 199
443 200
443 222
443 228
443 287
443 303
443 396
443 434
443 440
443 453
443 474
443 482
444 23
444 53
444 93
444 178
444 259
444 266
444 423
444 438
444 454
444 475
444 476
444 480
445 2
445 29
445 30
445 37
445 40
445 44
445 50
445 78
445 89
445 91
445 94
445 99
445 118
445 123
445 157
445 160
445 169
445 194
445 196
445 204
445 210
445 212
445 220
445 221
445 231
445 236
445 239
445 265
445 275
445 276
445 307
445 309
445 320
445 325
445 340
445 342
445 363
445 368
445 372
445 377
445 389
445 418
445 430
445 433
445 468
445 476
445 482
445 485
445 493
446 3
446 101
446 102
446 234
446 238
446 248
446 433
446 469
446 480
447 3
447 10
447 12
447 15
447 33
447 38
447 62
447 87
447 97
447 101
447 116
447 129
447 136
447 141
447 147
447 182
447 197
447 200
447 213
447 234
447 242
447 257
447 281
447 286
447 299
447 308
447 329
447 381
447 408
447 413
447 414
447 418
447 421
447 425
447 471
447 481
447 485
447 493
447 497
448 29
448 30
448 251
448 300
448 399
448 468
448 497
449 60
449 88
449 93
449 106
449 108
449 182
449 191
449 208
449 237
449 255
449 258
449 263
449 299
449 338
449 355
449 380
449 413
449 437
449 453
449 468
449 475
449 476
449 484
449 488
450 119
450 129
450 139
450 176
450 228
450 243
450 296
450 397
450 441
450 466
450 486
451 13
451 17
451 40
451 42
451 100
451 107
451 118
451 128
451 129
451 162
451 172
451 183
451 251
451 256
451 271
451 290
451 300
451 305
451 310
451 312
451 328
451 353
451 355
451 362
451 369
451 426
451 437
451 468
452 24
452 86
452 117
452 137
452 165
452 174
452 185
452 213
452 219
452 259
452 263
452 284
452 357
452 377
452 381
452 417
452 430
452 471
452 484
453 15
453 17
453 57
453 71
453 97
453 117
453 136
453 178
453 183
453 197
453 219
453 229
453 271
453 286
453 293
453 315
453 342
453 354
453 358
453 375
453 443
453 449
453 483
454 4
454 53
454 133
454 158
454 179
454 185
454 204
454 221
454 293
454 324
454 334
454 340
454 341
454 389
454 420
454 441
454 444
454 458
454 473
454 481
455 68
455 95
455 181
455 203
455 279
455 325
456 13
456 107
456 130
456 263
456 342
456 486
457 3
457 22
457 49
457 115
457 231
457 311
457 325
457 362
457 364
457 381
457 476
457 494
458 18
458 78
458 83
458 144
458 169
458 176
458 191
458 230
458 247
458 281
458 290
458 295
458 352
458 354
458 377
458 405
458 454
458 463
459 3
459 15
459 30
459 57
459 147
459 191
459 210
459 410
459 430
460 12
460 14
460 29
460 46
460 53
460 57
460 59
460 95
460 105
460 129
460 147
460 166
460 176
460 191
460 194
460 207
460 216
460 222
460 249
460 262
460 267
460 273
460 277
460 281
460 285
460 312
460 335
460 349
460 357
460 358
460 364
460 379
460 396
460 397
460 407
460 424
460 425
460 426
460 429
460 438
460 442
460 465
460 468
460 472
460 473
460 478
460 480
460 484
460 491
461 1
461 33
461 93
461 139
461 268
461 376
461 385
461 398
461 401
461 438
461 471
461 498
461 499
462 68
462 95
462 141
462 293
462 325
462 478
462 482
463 12
463 16
463 30
463 60
463 65
463 92
463 101
463 108
463 141
463 162
463 211
463 222
463 235
463 251
463 270
463 298
463 303
463 312
463 323
463 324
463 336
463 342
463 364
463 381
463 403
463 407
463 409
463 423
463 431
463 433
463 458
463 475
463 486
463 489
464 38
464 144
464 157
464 246
464 253
464 254
464 299
464 303
464 405
464 426
464 442
464 482
465 5
465 8
465 28
465 50
465 130
465 138
465 161
465 192
465 210
465 220
465 238
465 293
465 326
465 337
465 392
465 405
465 430
465 431
465 460
465 481
465 484
465 494
466 86
466 117
466 145
466 222
466 269
466 412
466 450
467 8
467 26
467 32
467 46
467 78
467 89
467 96
467 108
467 111
467 155
467 172
467 182
467 200
467 203
467 210
467 227
467 241
467 243
467 257
467 277
467 290
467 298
467 334
467 352
467 355
467 365
467 408
467 424
467 472
467 475
467 488
467 493
468 1
468 12
468 29
468 46
468 53
468 57
468 73
468 78
468 93
468 105
468 121
468 129
468 139
468 175
468 191
468 217
468 220
468 221
468 246
468 249
468 265
468 266
468 270
468 279
468 293
468 305
468 380
468 392
468 402
468 406
468 416
468 429
468 430
468 445
468 448
468 449
468 451
468 460
468 491
469 13
469 33
469 51
469 60
469 203
469 221
469 252
469 263
469 304
469 366
469 382
469 431
469 446
469 473
469 491
469 493
470 54
470 128
470 135
470 179
470 226
470 285
470 287
470 288
470 341
470 397
470 420
470 472
470 476
470 489
470 497
471 12
471 112
471 193
471 211
471 254
471 322
471 336
471 337
471 344
471 447
471 452
471 461
471 480
472 32
472 45
472 60
472 64
472 93
472 96
472 138
472 149
472 203
472 221
472 243
472 252
472 253
472 272
472 275
472 295
472 311
472 322
472 328
472 349
472 376
472 404
472 410
472 441
472 460
472 467
472 470
473 9
473 25
473 45
473 53
473 65
473 136
473 164
473 174
473 211
473 213
473 222
473 260
473 262
473 289
473 304
473 307
473 326
473 346
473 357
473 364
473 371
473 377
473 402
473 426
473 437
473 454
473 460
473 469
473 476
473 481
473 484
473 493
473 495
474 43
474 132
474 193
474 222
474 353
474 443
474 482
475 8
475 44
475 55
475 67
475 68
475 75
475 90
475 115
475 120
475 128
475 142
475 155
475 158
475 195
475 200
475 241
475 276
475 280
475 284
475 300
475 301
475 309
475 320
475 323
475 345
475 354
475 375
475 408
475 415
475 419
475 420
475 431
475 438
475 444
475 449
475 463
475 467
475 489
475 493
476 25
476 36
476 38
476 40
476 44
476 57
476 75
476 95
476 102
476 105
476 115
476 129
476 160
476 168
476 187
476 198
476 219
476 232
476 242
476 244
476 258
476 286
476 293
476 298
476 323
476 327
476 349
476 357
476 358
476 363
476 364
476 390
476 400
476 404
476 419
476 436
476 441
476 444
476 445
476 449
476 457
476 470
476 473
476 478
476 490
477 12
477 59
477 65
477 71
477 79
477 97
477 108
477 246
477 253
477 255
477 265
477 286
477 303
477 336
477 386
477 412
477 421
477 489
477 496
478 36
478 69
478 107
478 213
478 260
478 281
478 300
478 415
478 421
478 460
478 462
478 476
479 57
479 139
479 169
479 183
479 193
479 241
479 246
479 251
479 252
479 286
479 293
479 326
479 364
479 377
479 412
479 421
479 430
479 493
479 496
480 10
480 19
480 38
480 45
480 54
480 55
480 59
480 80
480 95
480 96
480 104
480 105
480 116
480 146
480 162
480 178
480 196
480 211
480 221
480 238
480 253
480 281
480 288
480 292
480 293
480 301
480 303
480 320
480 321
480 328
480 342
480 344
480 351
480 354
480 359
480 368
480 379
480 397
480 410
480 414
480 417
480 444
480 446
480 460
480 471
480 482
481 8
481 15
481 20
481 34
481 46
481 86
481 93
481 98
481 99
481 105
481 119
481 134
481 139
481 171
481 249
481 279
481 352
481 406
481 407
481 409
481 419
481 425
481 447
481 454
481 465
481 473
481 484
481 491
482 2
482 30
482 45
482 47
482 110
482 169
482 170
482 171
482 187
482 204
482 218
482 224
482 248
482 249
482 267
482 284
482 286
482 313
482 316
482 319
482 365
482 370
482 373
482 375
482 381
482 405
482 410
482 411
482 421
482 432
482 441
482 443
482 445
482 462
482 464
482 474
482 480
482 484
482 496
482 499
483 31
483 102
483 163
483 273
483 349
483 422
483 453
484 3
484 4
484 11
484 40
484 50
484 78
484 91
484 99
484 102
484 116
484 126
484 136
484 138
484 152
484 157
484 183
484 196
484 211
484 222
484 248
484 250
484 252
484 253
484 268
484 274
484 280
484 287
484 304
484 307
484 326
484 333
484 344
484 346
484 351
484 352
484 381
484 398
484 419
484 449
484 452
484 460
484 465
484 473
484 481
484 482
485 2
485 37
485 97
485 116
485 128
485 146
485 147
485 152
485 288
485 322
485 347
485 352
485 408
485 417
485 445
485 447
485 486
486 11
486 20
486 42
486 55
486 61
486 77
486 87
486 93
486 97
486 102
486 110
486 116
486 121
486 128
486 134
486 137
486 140
486 154
486 174
486 185
486 200
486 236
486 239
486 245
486 247
486 259
486 263
486 287
486 306
486 336
486 342
486 344
486 349
486 374
486 377
486 398
486 399
486 406
486 409
486 422
486 426
486 450
486 456
486 463
486 485
486 491
486 493
487 2
487 8
487 84
487 87
487 90
487 132
487 139
487 218
487 234
487 303
487 324
487 430
488 12
488 19
488 21
488 242
488 254
488 292
488 449
488 467
488 493
489 1
489 60
489 72
489 79
489 80
489 141
489 160
489 174
489 178
489 182
489 187
489 242
489 253
489 281
489 298
489 316
489 321
489 342
489 404
489 406
489 426
489 463
489 470
489 475
489 477
489 494
489 498
490 26
490 29
490 43
490 46
490 62
490 69
490 70
490 72
490 76
490 80
490 84
490 91
490 92
490 96
490 110
490 111
490 116
490 127
490 131
490 133
490 136
490 138
490 160
490 168
490 200
490 213
490 286
490 293
490 294
490 320
490 336
490 347
490 357
490 365
490 368
490 383
490 392
490 410
490 429
490 431
490 432
490 476
491 8
491 26
491 28
491 34
491 54
491 66
491 73
491 78
491 84
491 94
491 95
491 127
491 128
491 129
491 137
491 141
491 148
491 149
491 152
491 155
491 179
491 191
491 196
491 203
491 204
491 211
491 222
491 224
491 228
491 246
491 260
491 264
491 267
491 271
491 280
491 294
491 307
491 322
491 328
491 341
491 342
491 390
491 408
491 411
491 460
491 468
491 469
491 481
491 486
492 53
492 111
492 137
492 196
492 198
492 326
492 330
492 334
492 439
493 15
493 95
493 105
493 123
493 157
493 167
493 178
493 185
493 230
493 237
493 241
493 255
493 257
493 265
493 298
493 301
493 303
493 305
493 335
493 345
493 346
493 377
493 391
493 413
493 429
493 445
493 447
493 467
493 469
493 473
493 475
493 479
493 486
493 488
494 57
494 84
494 170
494 214
494 332
494 353
494 355
494 395
494 397
494 438
494 457
494 465
494 489
495 23
495 54
495 69
495 78
495 87
495 121
495 194
495 288
495 375
495 426
495 473
496 2
496 11
496 27
496 30
496 39
496 43
496 65
496 93
496 107
496 134
496 179
496 182
496 203
496 217
496 222
496 225
496 235
496 252
496 265
496 315
496 316
496 323
496 332
496 377
496 412
496 438
496 477
496 479
496 482
496 497
497 9
497 37
497 43
497 54
497 78
497 79
497 116
497 138
497 145
497 154
497 196
497 204
497 218
497 231
497 290
497 295
497 297
497 334
497 336
497 338
497 356
497 384
497 425
497 447
497 448
497 470
497 496
498 6
498 178
498 297
498 312
498 461
498 489
499 15
499 213
499 285
499 405
499 425
499 461
499 482
