500 10326
1	310
1	346
1	358
1	373
1	375
1	422
1	469
1	471
1	477
1	491
2	46
2	89
2	198
2	214
2	219
2	238
2	308
2	405
2	463
2	491
3	143
3	288
3	365
3	383
3	436
3	464
3	475
3	487
3	488
3	490
4	95
4	113
4	116
4	136
4	139
4	175
4	218
4	262
4	398
4	459
5	19
5	66
5	96
5	160
5	179
5	221
5	224
5	428
5	480
5	499
6	104
6	133
6	153
6	191
6	210
6	237
6	294
6	435
6	488
6	491
7	62
7	69
7	128
7	145
7	259
7	280
7	386
7	408
7	419
7	495
8	260
8	344
8	380
8	386
8	410
8	414
8	448
8	454
8	474
8	484
9	240
9	329
9	370
9	384
9	389
9	391
9	421
9	426
9	480
9	499
10	12
10	40
10	110
10	173
10	205
10	252
10	286
10	291
10	426
10	497
11	242
11	344
11	420
11	448
11	454
11	455
11	459
11	468
11	476
11	497
12	10
12	54
12	110
12	141
12	173
12	252
12	255
12	286
12	423
12	437
13	295
13	334
13	346
13	373
13	375
13	382
13	422
13	455
13	485
13	489
14	19
14	53
14	66
14	179
14	221
14	224
14	260
14	372
14	432
14	448
15	77
15	103
15	369
15	389
15	391
15	407
15	426
15	462
15	471
15	492
16	65
16	94
16	113
16	172
16	238
16	277
16	364
16	371
16	374
16	423
17	27
17	209
17	273
17	312
17	353
17	354
17	373
17	461
17	470
17	496
18	37
18	160
18	295
18	337
18	346
18	373
18	383
18	422
18	473
18	498
19	5
19	14
19	76
19	160
19	179
19	221
19	224
19	227
19	336
19	400
20	179
20	225
20	236
20	338
20	368
20	372
20	395
20	428
20	457
20	494
21	227
21	302
21	382
21	411
21	430
21	442
21	449
21	466
21	489
21	496
22	350
22	366
22	421
22	427
22	432
22	436
22	441
22	452
22	474
22	488
23	155
23	216
23	247
23	278
23	281
23	299
23	315
23	412
23	439
23	460
24	103
24	118
24	442
24	455
24	461
24	466
24	467
24	469
24	478
24	488
25	59
25	266
25	299
25	350
25	370
25	378
25	402
25	417
25	460
25	465
26	31
26	153
26	215
26	226
26	250
26	280
26	409
26	419
26	426
26	466
27	17
27	211
27	317
27	357
27	442
27	454
27	469
27	488
27	496
27	499
28	134
28	347
28	385
28	390
28	394
28	399
28	400
28	425
28	436
28	462
29	256
29	295
29	310
29	334
29	373
29	375
29	413
29	422
29	444
29	448
30	125
30	150
30	195
30	250
30	280
30	311
30	408
30	417
30	419
30	469
31	26
31	83
31	142
31	245
31	251
31	408
31	419
31	422
31	446
31	491
32	61
32	80
32	148
32	180
32	334
32	346
32	355
32	373
32	422
32	436
33	148
33	162
33	210
33	295
33	334
33	358
33	383
33	422
33	437
33	479
34	41
34	46
34	214
34	219
34	233
34	238
34	275
34	410
34	412
34	475
35	127
35	140
35	201
35	204
35	270
35	283
35	314
35	365
35	404
35	430
36	82
36	202
36	228
36	278
36	281
36	299
36	315
36	422
36	448
36	463
37	18
37	81
37	266
37	307
37	310
37	373
37	383
37	396
37	422
37	459
38	93
38	118
38	145
38	195
38	250
38	302
38	341
38	408
38	419
38	441
39	44
39	109
39	133
39	153
39	165
39	237
39	281
39	384
39	413
39	442
40	10
40	55
40	71
40	170
40	252
40	255
40	286
40	342
40	355
40	363
41	34
41	54
41	76
41	198
41	214
41	219
41	238
41	284
41	442
41	486
42	104
42	153
42	165
42	191
42	210
42	237
42	438
42	458
42	491
42	496
43	53
43	66
43	126
43	160
43	179
43	180
43	221
43	224
43	415
43	460
44	39
44	133
44	153
44	165
44	191
44	214
44	237
44	383
44	435
44	450
45	208
45	305
45	309
45	326
45	453
45	480
45	491
45	493
45	494
45	495
46	2
46	34
46	165
46	198
46	214
46	219
46	238
46	334
46	396
46	484
47	178
47	379
47	417
47	457
47	462
47	465
47	482
47	485
47	491
47	499
48	138
48	211
48	264
48	268
48	293
48	298
48	306
48	434
48	474
48	485
49	216
49	228
49	278
49	281
49	299
49	315
49	331
49	370
49	412
49	467
50	290
50	363
50	367
50	433
50	464
50	474
50	475
50	483
50	490
50	496
51	227
51	277
51	285
51	332
51	364
51	366
51	371
51	392
51	423
51	497
52	415
52	461
52	476
52	483
52	491
52	492
52	493
52	494
52	495
52	500
53	14
53	43
53	160
53	179
53	221
53	224
53	356
53	401
53	493
53	500
54	12
54	41
54	89
54	198
54	214
54	218
54	219
54	238
54	364
54	402
55	40
55	96
55	101
55	110
55	239
55	242
55	252
55	255
55	286
55	497
56	162
56	361
56	376
56	388
56	390
56	394
56	399
56	400
56	463
56	476
57	312
57	316
57	436
57	437
57	441
57	452
57	464
57	474
57	482
57	490
58	205
58	222
58	242
58	248
58	256
58	267
58	301
58	355
58	367
58	393
59	25
59	292
59	332
59	354
59	396
59	421
59	425
59	470
59	478
59	485
60	152
60	177
60	202
60	278
60	281
60	294
60	315
60	431
60	435
60	452
61	32
61	215
61	226
61	250
61	280
61	327
61	408
61	414
61	419
61	468
61	498
62	7
62	93
62	142
62	195
62	245
62	408
62	419
62	423
62	458
62	466
62	476
63	66
63	258
63	401
63	411
63	414
63	418
63	428
63	438
63	448
63	454
63	489
64	144
64	241
64	246
64	271
64	290
64	305
64	318
64	323
64	326
64	418
64	497
65	16
65	94
65	207
65	220
65	262
65	264
65	268
65	298
65	306
65	336
65	485
66	5
66	14
66	43
66	63
66	160
66	221
66	224
66	305
66	343
66	409
66	437
67	107
67	164
67	205
67	222
67	242
67	248
67	267
67	472
67	490
67	497
67	499
68	79
68	141
68	258
68	299
68	332
68	337
68	371
68	374
68	384
68	419
68	423
69	7
69	123
69	142
69	166
69	226
69	245
69	250
69	408
69	419
69	432
69	451
70	141
70	297
70	322
70	329
70	369
70	391
70	407
70	426
70	453
70	461
70	484
71	40
71	96
71	110
71	173
71	185
71	252
71	255
71	286
71	437
71	485
71	500
72	271
72	328
72	348
72	402
72	442
72	456
72	461
72	488
72	489
72	496
72	499
73	204
73	366
73	410
73	431
73	456
73	458
73	477
73	480
73	491
73	493
73	500
74	94
74	203
74	211
74	262
74	268
74	298
74	306
74	398
74	399
74	408
74	447
75	143
75	241
75	285
75	316
75	318
75	323
75	326
75	340
75	384
75	484
75	489
76	19
76	41
76	91
76	140
76	147
76	270
76	272
76	283
76	296
76	314
76	404
77	15
77	110
77	147
77	351
77	353
77	369
77	370
77	384
77	407
77	426
77	434
78	82
78	95
78	201
78	270
78	272
78	283
78	314
78	365
78	455
78	465
78	466
79	68
79	227
79	283
79	304
79	332
79	371
79	374
79	405
79	415
79	423
79	473
80	32
80	97
80	157
80	231
80	295
80	310
80	373
80	376
80	383
80	422
80	426
81	37
81	141
81	310
81	322
81	336
81	358
81	373
81	375
81	383
81	416
81	487
82	36
82	78
82	140
82	201
82	270
82	272
82	283
82	314
82	372
82	457
82	489
83	31
83	125
83	145
83	149
83	151
83	280
83	408
83	409
83	418
83	419
83	428
84	107
84	162
84	300
84	409
84	439
84	446
84	457
84	472
84	473
84	479
84	489
85	173
85	182
85	276
85	279
85	361
85	366
85	376
85	390
85	394
85	399
85	488
86	181
86	243
86	335
86	387
86	415
86	453
86	466
86	467
86	469
86	488
86	499
87	164
87	288
87	358
87	392
87	398
87	445
87	452
87	462
87	474
87	477
87	490
88	95
88	198
88	427
88	443
88	458
88	475
88	477
88	483
88	495
88	498
88	500
89	2
89	54
89	131
89	182
89	198
89	214
89	219
89	233
89	238
89	361
89	439
90	127
90	297
90	334
90	409
90	477
90	483
90	491
90	493
90	494
90	495
90	500
91	76
91	117
91	201
91	270
91	272
91	283
91	299
91	314
91	393
91	487
91	489
92	122
92	261
92	287
92	342
92	368
92	372
92	381
92	395
92	440
92	479
92	492
93	38
93	62
93	115
93	125
93	142
93	263
93	304
93	346
93	408
93	419
93	488
94	16
94	65
94	74
94	262
94	264
94	268
94	298
94	306
94	429
94	490
94	493
95	4
95	78
95	88
95	108
95	134
95	175
95	218
95	223
95	274
95	490
95	495
96	5
96	55
96	71
96	101
96	110
96	176
96	197
96	252
96	255
96	286
96	340
97	80
97	369
97	440
97	454
97	477
97	480
97	491
97	493
97	494
97	495
97	500
98	370
98	383
98	398
98	421
98	430
98	441
98	464
98	474
98	475
98	485
98	490
99	209
99	353
99	388
99	435
99	466
99	467
99	468
99	469
99	482
99	488
99	489
100	369
100	406
100	408
100	429
100	462
100	468
100	476
100	484
100	487
100	494
100	497
101	55
101	96
101	173
101	248
101	252
101	255
101	286
101	292
101	429
101	434
101	469
102	320
102	347
102	371
102	385
102	390
102	399
102	404
102	414
102	417
102	464
102	479
103	15
103	24
103	148
103	157
103	183
103	362
103	375
103	383
103	410
103	422
103	483
104	6
104	42
104	109
104	140
104	210
104	217
104	237
104	456
104	458
104	459
104	497
105	239
105	330
105	363
105	386
105	440
105	446
105	451
105	463
105	472
105	492
105	500
106	207
106	211
106	229
106	262
106	264
106	268
106	298
106	306
106	335
106	382
106	461
107	67
107	84
107	130
107	171
107	174
107	205
107	222
107	256
107	266
107	267
107	483
108	95
108	113
108	116
108	136
108	151
108	174
108	218
108	223
108	439
108	445
108	463
109	39
109	104
109	153
109	159
109	165
109	191
109	210
109	237
109	364
109	369
109	396
110	10
110	12
110	55
110	71
110	77
110	96
110	202
110	255
110	286
110	374
110	495
111	193
111	257
111	261
111	304
111	371
111	374
111	378
111	387
111	394
111	423
111	446
112	330
112	356
112	373
112	405
112	462
112	468
112	476
112	484
112	487
112	497
112	498
113	4
113	16
113	108
113	116
113	136
113	151
113	218
113	223
113	439
113	440
113	477
114	182
114	241
114	294
114	341
114	381
114	405
114	422
114	459
114	468
114	484
114	497
115	93
115	193
115	198
115	258
115	261
115	320
115	337
115	344
115	349
115	371
115	423
116	4
116	108
116	113
116	134
116	151
116	218
116	223
116	286
116	363
116	413
116	424
116	449
117	91
117	265
117	432
117	441
117	452
117	459
117	464
117	474
117	475
117	490
117	498
117	500
118	24
118	38
118	174
118	246
118	342
118	408
118	424
118	476
118	481
118	484
118	487
118	497
119	168
119	183
119	193
119	257
119	258
119	261
119	304
119	337
119	364
119	423
119	449
119	487
120	274
120	292
120	367
120	413
120	417
120	430
120	448
120	449
120	461
120	463
120	496
120	499
121	146
121	344
121	349
121	411
121	442
121	443
121	451
121	455
121	462
121	481
121	484
121	497
122	92
122	203
122	287
122	293
122	315
122	359
122	367
122	368
122	372
122	381
122	395
122	455
123	69
123	128
123	335
123	388
123	400
123	410
123	414
123	418
123	438
123	448
123	454
123	488
124	214
124	235
124	288
124	413
124	417
124	443
124	483
124	491
124	493
124	494
124	495
124	500
125	30
125	83
125	93
125	195
125	215
125	245
125	289
125	419
125	426
125	471
125	488
125	500
126	43
126	177
126	202
126	223
126	247
126	278
126	281
126	299
126	315
126	406
126	472
126	494
127	35
127	90
127	196
127	369
127	370
127	378
127	384
127	389
127	407
127	426
127	448
127	449
128	7
128	123
128	203
128	206
128	316
128	347
128	348
128	376
128	385
128	391
128	394
128	400
129	154
129	303
129	306
129	335
129	352
129	360
129	415
129	444
129	445
129	454
129	468
129	486
130	107
130	164
130	188
130	205
130	242
130	245
130	248
130	256
130	267
130	272
130	366
130	483
131	89
131	321
131	369
131	379
131	381
131	456
131	463
131	465
131	482
131	485
131	491
131	498
132	207
132	319
132	325
132	329
132	332
132	406
132	415
132	439
132	471
132	472
132	473
132	492
133	6
133	39
133	44
133	153
133	165
133	191
133	210
133	215
133	233
133	280
133	307
133	350
134	28
134	95
134	116
134	136
134	151
134	175
134	218
134	223
134	340
134	385
134	443
134	488
135	239
135	271
135	319
135	337
135	381
135	402
135	416
135	450
135	457
135	463
135	482
135	485
136	4
136	108
136	113
136	134
136	151
136	175
136	223
136	407
136	429
136	433
136	470
136	480
137	322
137	370
137	377
137	380
137	384
137	389
137	391
137	407
137	426
137	447
137	485
137	496
138	48
138	207
138	211
138	229
138	260
138	262
138	264
138	266
138	268
138	298
138	306
138	500
139	4
139	351
139	432
139	434
139	436
139	446
139	447
139	464
139	474
139	475
139	490
139	494
140	35
140	76
140	82
140	104
140	147
140	204
140	266
140	272
140	280
140	283
140	314
140	462
141	12
141	68
141	70
141	81
141	334
141	346
141	358
141	373
141	383
141	422
141	431
141	479
142	31
142	62
142	69
142	93
142	152
142	174
142	266
142	280
142	380
142	408
142	419
142	496
143	3
143	75
143	246
143	269
143	271
143	285
143	318
143	323
143	326
143	334
143	335
143	398
144	64
144	182
144	186
144	269
144	285
144	318
144	323
144	326
144	334
144	429
144	468
144	495
145	7
145	38
145	83
145	226
145	250
145	279
145	336
145	371
145	408
145	419
145	475
145	484
146	121
146	236
146	277
146	290
146	304
146	332
146	337
146	364
146	371
146	374
146	436
146	440
147	76
147	77
147	140
147	204
147	270
147	272
147	283
147	314
147	348
147	483
147	497
147	500
148	32
148	33
148	103
148	358
148	375
148	382
148	383
148	413
148	414
148	422
148	471
148	496
149	83
149	189
149	292
149	296
149	300
149	455
149	462
149	476
149	481
149	484
149	487
149	496
149	497
150	30
150	175
150	240
150	248
150	308
150	397
150	437
150	439
150	440
150	445
150	446
150	484
150	492
151	83
151	108
151	113
151	116
151	134
151	136
151	169
151	175
151	218
151	223
151	275
151	364
151	486
152	60
152	142
152	202
152	216
152	228
152	241
152	247
152	278
152	299
152	328
152	442
152	469
152	494
153	6
153	26
153	39
153	42
153	44
153	109
153	133
153	191
153	210
153	272
153	286
153	466
153	495
154	129
154	388
154	397
154	411
154	414
154	428
154	430
154	438
154	448
154	454
154	472
154	480
154	497
155	23
155	172
155	182
155	227
155	257
155	277
155	364
155	371
155	374
155	393
155	423
155	436
155	437
156	226
156	321
156	331
156	350
156	386
156	397
156	410
156	411
156	428
156	438
156	448
156	454
156	477
157	80
157	103
157	295
157	305
157	330
157	334
157	346
157	358
157	375
157	379
157	422
157	471
157	476
158	208
158	238
158	251
158	317
158	322
158	329
158	369
158	376
158	389
158	400
158	407
158	426
158	439
159	109
159	194
159	196
159	328
159	369
159	384
159	389
159	391
159	407
159	426
159	428
159	453
159	480
160	5
160	18
160	19
160	43
160	53
160	66
160	179
160	188
160	221
160	224
160	325
160	380
160	480
161	296
161	363
161	395
161	398
161	409
161	421
161	433
161	447
161	452
161	470
161	475
161	489
161	490
162	33
162	56
162	84
162	169
162	273
162	413
162	441
162	461
162	466
162	469
162	478
162	489
162	496
163	187
163	270
163	276
163	287
163	293
163	338
163	368
163	372
163	381
163	395
163	405
163	477
163	493
164	67
164	87
164	130
164	174
164	188
164	222
164	248
164	256
164	347
164	364
164	448
164	455
164	500
165	39
165	42
165	44
165	46
165	109
165	133
165	210
165	227
165	237
165	301
165	325
165	341
165	451
166	69
166	197
166	253
166	344
166	432
166	433
166	441
166	464
166	467
166	474
166	475
166	481
166	490
167	178
167	290
167	302
167	303
167	335
167	337
167	348
167	401
167	408
167	429
167	435
167	446
167	492
168	119
168	212
168	303
168	312
168	409
168	425
168	429
168	435
168	441
168	446
168	461
168	486
168	492
169	151
169	162
169	170
169	325
169	376
169	413
169	430
169	432
169	449
169	488
169	489
169	496
169	499
170	40
170	169
170	265
170	321
170	355
170	396
170	403
170	457
170	463
170	478
170	483
170	492
170	498
171	107
171	303
171	358
171	377
171	387
171	467
171	469
171	472
171	488
171	489
171	496
171	498
171	499
172	16
172	155
172	227
172	257
172	304
172	331
172	364
172	374
172	393
172	423
172	424
172	430
172	450
173	10
173	12
173	71
173	85
173	101
173	248
173	252
173	255
173	286
173	337
173	358
173	391
173	426
174	107
174	108
174	118
174	142
174	164
174	188
174	222
174	242
174	248
174	256
174	267
174	430
174	466
175	4
175	95
175	134
175	136
175	150
175	151
175	182
175	218
175	223
175	249
175	313
175	359
175	422
176	96
176	219
176	300
176	360
176	434
176	441
176	451
176	472
176	473
176	475
176	479
176	486
176	492
177	60
177	126
177	216
177	228
177	247
177	273
177	278
177	299
177	315
177	358
177	361
177	368
177	436
178	47
178	167
178	199
178	304
178	330
178	386
178	404
178	434
178	435
178	439
178	445
178	446
178	469
179	5
179	14
179	19
179	20
179	43
179	53
179	160
179	221
179	224
179	262
179	286
179	453
179	479
180	32
180	43
180	340
180	396
180	403
180	411
180	416
180	456
180	457
180	460
180	477
180	482
180	498
181	86
181	184
181	255
181	270
181	312
181	323
181	328
181	387
181	449
181	461
181	469
181	488
181	496
181	499
182	85
182	89
182	114
182	144
182	155
182	175
182	235
182	320
182	348
182	385
182	390
182	394
182	399
182	400
183	103
183	119
183	238
183	334
183	346
183	358
183	362
183	373
183	375
183	383
183	422
183	433
183	444
183	446
184	181
184	266
184	325
184	427
184	434
184	437
184	444
184	445
184	455
184	472
184	486
184	492
184	498
184	499
185	71
185	251
185	329
185	369
185	370
185	384
185	391
185	407
185	426
185	432
185	466
185	467
185	490
185	499
186	144
186	187
186	243
186	257
186	269
186	271
186	285
186	311
186	318
186	323
186	326
186	432
186	451
186	453
187	163
187	186
187	275
187	279
187	293
187	338
187	364
187	368
187	372
187	381
187	395
187	411
187	436
187	456
188	130
188	160
188	164
188	174
188	205
188	242
188	248
188	256
188	267
188	326
188	348
188	413
188	472
188	475
189	149
189	253
189	288
189	298
189	309
189	359
189	398
189	434
189	437
189	440
189	447
189	472
189	486
189	500
190	251
190	278
190	362
190	396
190	397
190	403
190	412
190	420
190	436
190	450
190	465
190	472
190	485
190	498
191	6
191	42
191	44
191	109
191	133
191	153
191	210
191	237
191	339
191	346
191	360
191	375
191	394
191	446
192	277
192	453
192	472
192	474
192	477
192	480
192	482
192	483
192	491
192	493
192	494
192	495
192	498
192	500
193	111
193	115
193	119
193	261
193	304
193	308
193	332
193	337
193	364
193	369
193	371
193	433
193	434
193	451
194	159
194	322
194	328
194	329
194	352
194	357
194	369
194	370
194	384
194	389
194	407
194	426
194	478
194	498
195	30
195	38
195	62
195	125
195	200
195	215
195	226
195	245
195	371
195	388
195	408
195	411
195	419
195	487
196	127
196	159
196	214
196	276
196	354
196	370
196	375
196	384
196	389
196	391
196	407
196	410
196	426
196	491
197	96
197	166
197	365
197	392
197	393
197	421
197	433
197	434
197	436
197	452
197	459
197	465
197	475
197	490
198	2
198	41
198	46
198	54
198	88
198	89
198	115
198	214
198	219
198	238
198	327
198	381
198	433
198	457
199	178
199	275
199	287
199	293
199	311
199	338
199	368
199	372
199	381
199	391
199	395
199	398
199	413
199	487
200	195
200	312
200	335
200	359
200	360
200	399
200	409
200	415
200	446
200	460
200	478
200	481
200	483
200	492
201	35
201	78
201	82
201	91
201	204
201	270
201	272
201	314
201	341
201	343
201	346
201	366
201	373
201	383
202	36
202	60
202	110
202	126
202	152
202	238
202	247
202	278
202	281
202	290
202	299
202	315
202	460
202	465
203	74
203	122
203	128
203	275
203	293
203	311
203	338
203	372
203	381
203	391
203	395
203	401
203	482
203	484
204	35
204	73
204	140
204	147
204	201
204	270
204	272
204	283
204	293
204	314
204	367
204	405
204	474
204	499
205	10
205	58
205	67
205	107
205	130
205	188
205	222
205	227
205	234
205	248
205	263
205	267
205	391
205	421
206	128
206	279
206	288
206	319
206	323
206	346
206	348
206	361
206	376
206	385
206	394
206	400
206	410
206	479
206	489
207	65
207	106
207	132
207	138
207	211
207	262
207	264
207	268
207	298
207	306
207	376
207	420
207	465
207	489
207	498
208	45
208	158
208	234
208	264
208	322
208	329
208	369
208	370
208	384
208	389
208	391
208	402
208	426
208	463
208	470
209	17
209	99
209	217
209	251
209	257
209	360
209	429
209	434
209	440
209	444
209	471
209	472
209	473
209	475
209	479
210	6
210	33
210	42
210	104
210	109
210	133
210	153
210	165
210	191
210	237
210	303
210	395
210	440
210	454
210	481
211	27
211	48
211	74
211	106
211	138
211	207
211	219
211	262
211	264
211	298
211	306
211	324
211	382
211	422
211	500
212	168
212	224
212	284
212	403
212	404
212	412
212	433
212	457
212	470
212	472
212	478
212	482
212	490
212	498
212	500
213	283
213	357
213	387
213	396
213	397
213	412
213	417
213	420
213	428
213	450
213	459
213	463
213	478
213	485
213	498
214	2
214	34
214	41
214	44
214	46
214	54
214	89
214	124
214	196
214	198
214	218
214	219
214	238
214	280
214	485
215	26
215	61
215	125
215	133
215	195
215	245
215	250
215	280
215	406
215	408
215	419
215	433
215	468
215	472
215	486
216	23
216	49
216	152
216	177
216	217
216	228
216	278
216	281
216	299
216	315
216	357
216	408
216	432
216	486
216	489
217	104
217	209
217	216
217	331
217	342
217	357
217	410
217	411
217	418
217	421
217	428
217	438
217	448
217	454
217	468
218	4
218	54
218	95
218	108
218	113
218	116
218	134
218	151
218	175
218	214
218	223
218	234
218	316
218	439
218	445
219	2
219	34
219	41
219	46
219	54
219	89
219	176
219	198
219	211
219	214
219	238
219	346
219	399
219	443
219	465
220	65
220	357
220	380
220	397
220	414
220	418
220	428
220	438
220	447
220	448
220	454
220	470
220	471
220	477
220	497
221	5
221	14
221	19
221	43
221	53
221	66
221	160
221	179
221	224
221	257
221	406
221	427
221	452
221	477
221	483
222	58
222	67
222	107
222	164
222	174
222	205
222	242
222	245
222	248
222	256
222	304
222	320
222	374
222	396
222	419
223	95
223	108
223	113
223	116
223	126
223	134
223	136
223	151
223	175
223	218
223	318
223	331
223	423
223	468
223	476
224	5
224	14
224	19
224	43
224	53
224	66
224	160
224	179
224	212
224	221
224	235
224	379
224	387
224	461
224	495
225	20
225	267
225	275
225	287
225	311
225	338
225	358
225	368
225	372
225	381
225	395
225	400
225	458
225	484
225	493
226	26
226	61
226	69
226	145
226	156
226	195
226	245
226	280
226	395
226	408
226	410
226	419
226	422
226	430
226	462
227	19
227	21
227	51
227	79
227	155
227	165
227	172
227	205
227	257
227	332
227	371
227	374
227	390
227	423
227	446
228	36
228	49
228	152
228	177
228	216
228	231
228	247
228	281
228	299
228	315
228	386
228	399
228	425
228	440
228	465
229	106
229	138
229	273
229	291
229	401
229	413
229	433
229	448
229	449
229	461
229	467
229	469
229	470
229	488
229	496
229	499
230	245
230	254
230	305
230	349
230	392
230	398
230	408
230	459
230	468
230	472
230	476
230	478
230	481
230	484
230	487
230	497
231	80
231	228
231	249
231	362
231	389
231	392
231	412
231	432
231	433
231	436
231	440
231	441
231	464
231	474
231	475
231	490
232	233
232	244
232	271
232	282
232	317
232	369
232	407
232	415
232	444
232	446
232	447
232	459
232	471
232	472
232	484
232	494
233	34
233	89
233	133
233	232
233	354
233	355
233	423
233	430
233	449
233	461
233	467
233	470
233	488
233	489
233	496
233	499
234	205
234	208
234	218
234	247
234	383
234	386
234	398
234	434
234	435
234	437
234	447
234	451
234	464
234	473
234	479
234	492
235	124
235	182
235	224
235	253
235	279
235	284
235	340
235	347
235	348
235	366
235	376
235	385
235	390
235	392
235	399
235	400
236	20
236	146
236	275
236	287
236	311
236	333
236	338
236	342
236	368
236	372
236	381
236	395
236	445
236	460
236	471
236	472
237	6
237	39
237	42
237	44
237	104
237	109
237	165
237	191
237	210
237	340
237	373
237	379
237	385
237	431
237	459
237	472
238	2
238	16
238	34
238	41
238	46
238	54
238	89
238	158
238	183
238	198
238	202
238	214
238	219
238	432
238	461
238	481
239	55
239	105
239	135
239	259
239	320
239	330
239	450
239	456
239	460
239	463
239	467
239	470
239	479
239	482
239	485
239	498
240	9
240	150
240	281
240	418
240	430
240	436
240	442
240	449
240	450
240	461
240	466
240	467
240	469
240	489
240	496
240	499
241	64
241	75
241	114
241	152
241	243
241	246
241	261
241	269
241	271
241	285
241	318
241	323
241	326
241	342
241	470
241	492
242	11
242	55
242	58
242	67
242	130
242	174
242	188
242	222
242	248
242	256
242	267
242	277
242	303
242	400
242	416
242	494
243	86
243	186
243	241
243	244
243	246
243	269
243	271
243	283
243	285
243	318
243	323
243	326
243	341
243	410
243	458
243	496
244	232
244	243
244	259
244	330
244	338
244	386
244	394
244	407
244	415
244	447
244	465
244	471
244	473
244	479
244	481
244	492
245	31
245	62
245	69
245	125
245	130
245	195
245	215
245	222
245	226
245	230
245	250
245	259
245	280
245	419
245	423
245	482
246	64
246	118
246	143
246	241
246	243
246	248
246	269
246	271
246	291
246	318
246	323
246	326
246	360
246	368
246	393
246	499
247	23
247	126
247	152
247	177
247	202
247	228
247	234
247	278
247	281
247	299
247	300
247	315
247	333
247	359
247	367
247	431
247	449
248	58
248	67
248	101
248	130
248	150
248	164
248	173
248	174
248	188
248	205
248	222
248	242
248	246
248	256
248	267
248	314
248	494
249	175
249	231
249	366
249	389
249	391
249	397
249	410
249	411
249	414
249	415
249	418
249	428
249	438
249	448
249	454
249	486
249	490
250	26
250	30
250	38
250	61
250	69
250	145
250	215
250	245
250	263
250	273
250	335
250	395
250	408
250	416
250	419
250	488
250	489
251	31
251	158
251	185
251	190
251	209
251	289
251	322
251	329
251	351
251	360
251	369
251	370
251	384
251	389
251	391
251	426
251	444
252	10
252	12
252	40
252	55
252	71
252	96
252	101
252	173
252	255
252	286
252	412
252	431
252	459
252	476
252	483
252	487
252	492
253	166
253	189
253	235
253	319
253	320
253	348
253	361
253	370
253	385
253	390
253	393
253	394
253	399
253	400
253	470
253	481
253	496
254	230
254	267
254	270
254	292
254	293
254	305
254	383
254	416
254	445
254	455
254	459
254	462
254	466
254	481
254	484
254	487
254	497
255	12
255	40
255	55
255	71
255	96
255	101
255	110
255	173
255	181
255	252
255	263
255	286
255	293
255	310
255	366
255	426
255	465
256	29
256	58
256	107
256	130
256	164
256	174
256	188
256	222
256	242
256	248
256	267
256	326
256	378
256	425
256	456
256	466
256	492
257	111
257	119
257	155
257	172
257	186
257	209
257	221
257	227
257	296
257	332
257	337
257	364
257	374
257	421
257	423
257	470
257	485
258	63
258	68
258	115
258	119
258	277
258	303
258	332
258	337
258	356
258	359
258	364
258	367
258	371
258	374
258	423
258	438
258	444
259	7
259	239
259	244
259	245
259	265
259	284
259	339
259	344
259	424
259	436
259	455
259	459
259	476
259	481
259	484
259	487
259	497
260	8
260	14
260	138
260	286
260	304
260	334
260	340
260	380
260	388
260	397
260	411
260	418
260	428
260	438
260	448
260	454
260	461
260	498
261	92
261	111
261	115
261	119
261	193
261	241
261	267
261	277
261	304
261	332
261	337
261	349
261	371
261	374
261	403
261	423
261	475
261	477
262	4
262	65
262	74
262	94
262	106
262	138
262	179
262	207
262	211
262	264
262	268
262	298
262	306
262	350
262	367
262	388
262	456
262	474
263	93
263	205
263	250
263	255
263	363
263	365
263	394
263	432
263	433
263	436
263	441
263	444
263	452
263	464
263	474
263	475
263	490
263	496
264	48
264	65
264	94
264	106
264	138
264	207
264	208
264	211
264	262
264	268
264	298
264	305
264	306
264	384
264	425
264	474
264	493
264	496
265	117
265	170
265	259
265	285
265	324
265	377
265	385
265	402
265	403
265	409
265	412
265	417
265	425
265	436
265	457
265	465
265	478
265	482
266	25
266	37
266	107
266	138
266	140
266	142
266	184
266	290
266	386
266	387
266	402
266	435
266	446
266	471
266	473
266	479
266	486
266	492
267	58
267	67
267	107
267	130
267	174
267	188
267	205
267	225
267	242
267	248
267	254
267	256
267	261
267	318
267	335
267	400
267	402
267	440
268	48
268	65
268	74
268	94
268	106
268	138
268	207
268	262
268	264
268	298
268	306
268	333
268	392
268	464
268	475
268	488
268	492
268	498
269	143
269	144
269	186
269	241
269	243
269	246
269	271
269	285
269	318
269	323
269	326
269	345
269	412
269	424
269	429
269	476
269	483
269	493
270	35
270	76
270	78
270	82
270	91
270	147
270	163
270	181
270	201
270	204
270	254
270	272
270	283
270	314
270	362
270	386
270	461
270	497
271	64
271	72
271	135
271	143
271	186
271	232
271	241
271	243
271	246
271	269
271	285
271	310
271	318
271	323
271	326
271	415
271	421
271	440
272	76
272	78
272	82
272	91
272	130
272	140
272	147
272	153
272	201
272	204
272	270
272	283
272	314
272	358
272	373
272	379
272	454
272	470
272	491
273	17
273	162
273	177
273	229
273	250
273	353
273	376
273	377
273	413
273	437
273	449
273	451
273	464
273	467
273	469
273	489
273	496
273	497
273	499
274	95
274	120
274	277
274	354
274	377
274	387
274	405
274	420
274	428
274	430
274	442
274	449
274	452
274	457
274	461
274	469
274	488
274	489
274	496
275	34
275	151
275	187
275	199
275	203
275	225
275	236
275	286
275	293
275	311
275	336
275	338
275	339
275	368
275	372
275	381
275	395
275	445
275	466
276	85
276	163
276	196
276	317
276	351
276	396
276	401
276	403
276	412
276	416
276	433
276	435
276	456
276	460
276	463
276	464
276	470
276	485
276	498
277	16
277	51
277	146
277	155
277	192
277	242
277	258
277	261
277	274
277	296
277	304
277	315
277	337
277	342
277	364
277	371
277	374
277	423
277	477
278	23
278	36
278	49
278	60
278	126
278	152
278	177
278	190
278	202
278	216
278	247
278	299
278	315
278	353
278	415
278	438
278	447
278	452
278	456
279	85
279	145
279	187
279	206
279	235
279	319
279	335
279	347
279	353
279	361
279	365
279	376
279	385
279	390
279	394
279	399
279	400
279	489
279	495
280	7
280	26
280	30
280	61
280	83
280	133
280	140
280	142
280	214
280	215
280	226
280	245
280	319
280	336
280	408
280	419
280	457
280	465
280	490
281	23
281	36
281	39
281	49
281	60
281	126
281	202
281	216
281	228
281	240
281	247
281	286
281	299
281	315
281	346
281	360
281	369
281	396
281	407
282	232
282	309
282	325
282	337
282	344
282	360
282	407
282	409
282	425
282	427
282	437
282	451
282	471
282	479
282	480
282	484
282	486
282	492
282	494
283	35
283	76
283	78
283	79
283	82
283	91
283	140
283	147
283	204
283	213
283	243
283	270
283	272
283	314
283	345
283	400
283	430
283	466
283	494
284	41
284	212
284	235
284	259
284	395
284	401
284	404
284	406
284	417
284	425
284	429
284	435
284	457
284	463
284	470
284	477
284	478
284	482
284	498
285	51
285	75
285	143
285	144
285	186
285	241
285	243
285	265
285	269
285	271
285	318
285	323
285	326
285	360
285	407
285	409
285	473
285	487
285	495
286	10
286	12
286	40
286	55
286	71
286	96
286	101
286	110
286	116
286	153
286	173
286	179
286	252
286	255
286	260
286	275
286	281
286	408
286	472
287	92
287	122
287	163
287	199
287	225
287	236
287	293
287	297
287	311
287	338
287	368
287	381
287	395
287	431
287	444
287	449
287	478
287	492
287	494
288	3
288	87
288	124
288	189
288	206
288	289
288	292
288	298
288	321
288	338
288	363
288	392
288	432
288	436
288	441
288	452
288	464
288	474
288	475
288	490
289	125
289	251
289	288
289	296
289	307
289	308
289	350
289	413
289	417
289	420
289	425
289	431
289	447
289	456
289	465
289	470
289	478
289	482
289	495
289	498
290	50
290	64
290	146
290	167
290	202
290	266
290	299
290	330
290	347
290	417
290	429
290	437
290	445
290	447
290	472
290	473
290	479
290	480
290	486
290	492
291	10
291	229
291	246
291	308
291	309
291	317
291	327
291	359
291	377
291	378
291	386
291	410
291	435
291	439
291	440
291	445
291	447
291	451
291	472
291	494
292	59
292	101
292	120
292	149
292	254
292	288
292	339
292	380
292	420
292	424
292	450
292	455
292	459
292	462
292	476
292	481
292	482
292	484
292	487
292	497
293	48
293	122
293	163
293	187
293	199
293	203
293	204
293	254
293	255
293	275
293	287
293	311
293	332
293	343
293	368
293	372
293	381
293	395
293	470
293	493
294	6
294	60
294	114
294	331
294	341
294	342
294	345
294	346
294	383
294	393
294	405
294	424
294	455
294	458
294	476
294	481
294	487
294	492
294	497
294	500
295	13
295	18
295	29
295	33
295	80
295	157
295	334
295	346
295	358
295	375
295	383
295	417
295	422
295	437
295	439
295	444
295	448
295	455
295	474
295	478
296	76
296	149
296	161
296	257
296	277
296	289
296	350
296	402
296	404
296	412
296	420
296	425
296	450
296	457
296	470
296	485
296	491
296	494
296	498
296	499
297	70
297	90
297	287
297	321
297	327
297	343
297	401
297	404
297	416
297	425
297	440
297	445
297	457
297	460
297	463
297	478
297	482
297	485
297	487
297	498
298	48
298	65
298	74
298	94
298	106
298	138
298	189
298	207
298	211
298	262
298	264
298	268
298	288
298	306
298	330
298	337
298	341
298	417
298	421
298	449
299	23
299	25
299	36
299	49
299	68
299	91
299	126
299	152
299	177
299	202
299	216
299	228
299	247
299	278
299	281
299	290
299	315
299	388
299	484
299	494
300	84
300	149
300	176
300	247
300	363
300	367
300	400
300	427
300	431
300	453
300	458
300	477
300	478
300	480
300	483
300	490
300	491
300	493
300	494
300	500
301	58
301	165
301	323
301	356
301	376
301	398
301	402
301	443
301	453
301	458
301	460
301	467
301	477
301	480
301	483
301	491
301	493
301	494
301	495
301	499
301	500
302	21
302	38
302	167
302	307
302	350
302	379
302	396
302	402
302	403
302	416
302	417
302	422
302	439
302	444
302	454
302	455
302	460
302	470
302	472
302	482
302	498
303	129
303	167
303	168
303	171
303	210
303	242
303	258
303	325
303	363
303	373
303	405
303	409
303	439
303	440
303	444
303	446
303	451
303	455
303	471
303	473
303	486
304	79
304	93
304	111
304	119
304	146
304	172
304	178
304	193
304	222
304	260
304	261
304	277
304	324
304	332
304	364
304	371
304	397
304	407
304	419
304	423
304	449
305	45
305	64
305	66
305	157
305	230
305	254
305	264
305	344
305	362
305	393
305	408
305	424
305	459
305	462
305	463
305	468
305	476
305	481
305	484
305	487
305	497
306	48
306	65
306	74
306	94
306	106
306	129
306	138
306	207
306	211
306	262
306	264
306	268
306	298
306	339
306	361
306	408
306	434
306	450
306	454
306	457
306	458
307	37
307	133
307	289
307	302
307	347
307	355
307	396
307	401
307	420
307	424
307	460
307	463
307	465
307	470
307	471
307	478
307	482
307	485
307	486
307	498
307	500
308	2
308	150
308	193
308	289
308	291
308	325
308	333
308	364
308	365
308	386
308	389
308	409
308	434
308	444
308	445
308	447
308	451
308	456
308	471
308	473
308	486
309	45
309	189
309	282
309	291
309	315
309	372
309	374
309	409
309	434
309	435
309	437
309	440
309	443
309	451
309	456
309	464
309	473
309	479
309	486
309	492
309	497
310	1
310	29
310	37
310	80
310	81
310	255
310	271
310	334
310	346
310	358
310	372
310	373
310	375
310	383
310	390
310	422
310	446
310	456
310	467
310	468
310	482
311	30
311	186
311	199
311	203
311	225
311	236
311	275
311	287
311	293
311	313
311	332
311	338
311	368
311	372
311	381
311	390
311	395
311	433
311	435
311	479
311	498
312	17
312	57
312	168
312	181
312	200
312	317
312	346
312	358
312	409
312	417
312	419
312	435
312	437
312	446
312	451
312	453
312	459
312	473
312	479
312	486
312	492
313	175
313	311
313	357
313	366
313	367
313	382
313	394
313	409
313	427
313	431
313	435
313	443
313	453
313	480
313	483
313	486
313	491
313	493
313	494
313	495
313	500
314	35
314	76
314	78
314	82
314	91
314	140
314	147
314	201
314	204
314	248
314	270
314	272
314	283
314	339
314	371
314	390
314	416
314	433
314	443
314	475
314	476
315	23
315	36
315	49
315	60
315	122
315	126
315	177
315	202
315	216
315	228
315	247
315	277
315	278
315	281
315	299
315	309
315	321
315	356
315	379
315	416
315	418
315	420
316	57
316	75
316	128
316	218
316	324
316	338
316	384
316	427
316	431
316	435
316	443
316	453
316	458
316	475
316	477
316	480
316	483
316	490
316	491
316	494
316	495
316	500
317	27
317	158
317	232
317	276
317	291
317	312
317	325
317	369
317	421
317	429
317	431
317	438
317	440
317	445
317	446
317	451
317	457
317	471
317	472
317	473
317	479
317	497
318	64
318	75
318	143
318	144
318	186
318	223
318	241
318	243
318	246
318	267
318	269
318	271
318	285
318	323
318	326
318	350
318	352
318	356
318	376
318	386
318	387
318	474
319	132
319	135
319	206
319	253
319	279
319	280
319	320
319	328
319	347
319	348
319	361
319	376
319	379
319	385
319	390
319	394
319	399
319	400
319	404
319	462
319	471
319	490
320	102
320	115
320	182
320	222
320	239
320	253
320	319
320	343
320	347
320	348
320	361
320	376
320	385
320	390
320	394
320	395
320	399
320	400
320	403
320	461
320	466
320	468
321	131
321	156
321	170
321	288
321	297
321	315
321	328
321	375
321	385
321	396
321	401
321	403
321	407
321	420
321	456
321	457
321	460
321	474
321	478
321	482
321	486
321	498
322	70
322	81
322	137
322	158
322	194
322	208
322	251
322	329
322	332
322	370
322	375
322	384
322	387
322	389
322	391
322	407
322	416
322	426
322	449
322	452
322	454
322	477
323	64
323	75
323	143
323	144
323	181
323	186
323	206
323	241
323	243
323	246
323	269
323	271
323	285
323	301
323	318
323	326
323	451
323	452
323	457
323	481
323	485
323	499
324	211
324	265
324	304
324	316
324	343
324	356
324	373
324	388
324	403
324	431
324	439
324	442
324	443
324	453
324	458
324	480
324	491
324	493
324	494
324	495
324	499
324	500
325	132
325	160
325	165
325	169
325	184
325	282
325	303
325	308
325	317
325	327
325	349
325	360
325	406
325	409
325	435
325	437
325	464
325	473
325	477
325	479
325	481
325	486
326	45
326	64
326	75
326	143
326	144
326	186
326	188
326	241
326	243
326	246
326	256
326	269
326	271
326	285
326	318
326	323
326	418
326	419
326	420
326	469
326	479
326	499
327	61
327	198
327	291
327	297
327	325
327	328
327	338
327	352
327	377
327	387
327	403
327	405
327	413
327	449
327	454
327	466
327	467
327	469
327	488
327	489
327	496
327	499
328	72
328	152
328	159
328	181
328	194
328	319
328	321
328	327
328	343
328	377
328	409
328	413
328	430
328	446
328	449
328	457
328	466
328	483
328	488
328	489
328	496
328	499
329	9
329	70
329	132
329	158
329	185
329	194
329	208
329	251
329	322
329	331
329	369
329	370
329	384
329	391
329	394
329	407
329	414
329	426
329	445
329	460
329	465
329	471
329	499
330	105
330	112
330	157
330	178
330	239
330	244
330	290
330	298
330	359
330	395
330	415
330	429
330	439
330	445
330	446
330	447
330	451
330	456
330	463
330	473
330	492
330	493
330	496
331	49
331	156
331	172
331	217
331	223
331	294
331	329
331	340
331	357
331	366
331	380
331	386
331	388
331	410
331	411
331	412
331	418
331	428
331	438
331	448
331	454
331	465
331	476
332	51
332	59
332	68
332	79
332	132
332	146
332	193
332	227
332	257
332	258
332	261
332	293
332	304
332	311
332	322
332	337
332	356
332	364
332	374
332	400
332	420
332	423
332	453
333	236
333	247
333	268
333	308
333	370
333	396
333	401
333	404
333	412
333	416
333	417
333	437
333	447
333	456
333	457
333	460
333	465
333	470
333	475
333	481
333	482
333	485
333	498
334	13
334	29
334	32
334	33
334	46
334	90
334	141
334	143
334	144
334	157
334	183
334	260
334	295
334	310
334	346
334	357
334	358
334	375
334	382
334	388
334	422
334	457
334	495
335	86
335	106
335	123
335	129
335	143
335	167
335	200
335	250
335	267
335	279
335	359
335	360
335	405
335	417
335	434
335	435
335	439
335	440
335	451
335	471
335	479
335	486
335	492
336	19
336	65
336	81
336	145
336	275
336	280
336	355
336	360
336	367
336	378
336	393
336	427
336	453
336	458
336	477
336	480
336	483
336	491
336	493
336	494
336	495
336	499
336	500
337	18
337	68
337	115
337	119
337	135
337	146
337	167
337	173
337	193
337	257
337	258
337	261
337	277
337	282
337	298
337	332
337	364
337	371
337	374
337	394
337	423
337	424
337	425
338	20
338	163
338	187
338	199
338	203
338	225
338	236
338	244
338	275
338	287
338	288
338	311
338	316
338	327
338	368
338	372
338	381
338	395
338	420
338	434
338	473
338	486
338	500
339	191
339	259
339	275
339	292
339	306
339	314
339	343
339	345
339	357
339	358
339	406
339	412
339	424
339	431
339	434
339	455
339	459
339	462
339	468
339	476
339	481
339	484
339	487
339	497
340	75
340	96
340	134
340	180
340	235
340	237
340	260
340	331
340	357
340	366
340	380
340	388
340	397
340	410
340	411
340	414
340	418
340	420
340	424
340	428
340	438
340	448
340	454
340	495
341	38
341	114
341	165
341	201
341	243
341	294
341	298
341	349
341	362
341	372
341	378
341	405
341	406
341	424
341	452
341	455
341	459
341	462
341	465
341	468
341	476
341	481
341	487
341	497
342	40
342	92
342	118
342	217
342	236
342	241
342	277
342	294
342	345
342	355
342	356
342	393
342	402
342	406
342	424
342	438
342	455
342	462
342	468
342	476
342	481
342	484
342	487
342	497
343	66
343	201
343	293
343	297
343	320
343	324
343	328
343	339
343	352
343	353
343	354
343	385
343	401
343	430
343	442
343	449
343	461
343	466
343	467
343	469
343	479
343	489
343	496
343	499
344	8
344	11
344	115
344	121
344	166
344	259
344	282
344	305
344	393
344	406
344	422
344	424
344	431
344	441
344	447
344	458
344	459
344	462
344	468
344	476
344	481
344	484
344	487
344	497
345	269
345	283
345	294
345	339
345	342
345	363
345	366
345	382
345	393
345	401
345	405
345	406
345	415
345	419
345	424
345	455
345	459
345	468
345	471
345	477
345	481
345	484
345	487
345	497
346	1
346	13
346	18
346	32
346	93
346	141
346	157
346	183
346	191
346	201
346	206
346	219
346	281
346	294
346	295
346	310
346	312
346	334
346	358
346	373
346	375
346	383
346	439
346	463
347	28
347	102
347	128
347	164
347	235
347	279
347	290
347	307
347	319
347	320
347	348
347	349
347	361
347	372
347	376
347	377
347	385
347	390
347	394
347	400
347	424
347	468
347	473
347	498
348	72
348	128
348	147
348	167
348	182
348	188
348	206
348	235
348	253
348	319
348	320
348	347
348	361
348	373
348	376
348	385
348	390
348	394
348	399
348	400
348	428
348	435
348	487
348	493
349	115
349	121
349	230
349	261
349	325
349	341
349	347
349	354
349	405
349	406
349	424
349	448
349	455
349	459
349	462
349	464
349	467
349	468
349	476
349	480
349	481
349	484
349	487
349	492
349	497
350	22
350	25
350	133
350	156
350	262
350	289
350	296
350	302
350	318
350	360
350	379
350	401
350	404
350	412
350	416
350	417
350	420
350	425
350	437
350	447
350	452
350	457
350	465
350	467
350	470
351	77
351	139
351	251
351	276
351	362
351	363
351	364
351	371
351	392
351	397
351	398
351	421
351	426
351	432
351	433
351	434
351	436
351	441
351	446
351	452
351	462
351	464
351	474
351	475
351	490
352	129
352	194
352	318
352	327
352	343
352	354
352	367
352	381
352	387
352	430
352	442
352	449
352	451
352	457
352	461
352	466
352	467
352	469
352	476
352	477
352	488
352	489
352	492
352	496
352	499
353	17
353	77
353	99
353	273
353	278
353	279
353	343
353	374
353	413
353	425
353	430
353	442
353	444
353	456
353	461
353	466
353	467
353	469
353	478
353	481
353	488
353	489
353	495
353	496
353	499
354	17
354	59
354	196
354	233
354	274
354	343
354	349
354	352
354	359
354	387
354	397
354	417
354	429
354	430
354	442
354	447
354	449
354	457
354	461
354	466
354	469
354	488
354	489
354	499
354	500
355	32
355	40
355	58
355	170
355	233
355	307
355	336
355	342
355	378
355	427
355	431
355	443
355	450
355	453
355	458
355	460
355	477
355	480
355	483
355	484
355	491
355	493
355	494
355	495
355	500
356	53
356	112
356	258
356	301
356	315
356	318
356	324
356	332
356	342
356	378
356	427
356	428
356	431
356	443
356	458
356	477
356	480
356	483
356	484
356	489
356	491
356	493
356	494
356	495
356	500
357	27
357	194
357	213
357	216
357	217
357	220
357	313
357	331
357	334
357	339
357	340
357	380
357	384
357	388
357	397
357	410
357	411
357	414
357	418
357	428
357	438
357	448
357	454
357	459
357	480
358	1
358	33
358	81
358	87
358	141
358	148
358	157
358	171
358	173
358	177
358	183
358	225
358	272
358	295
358	310
358	312
358	334
358	339
358	346
358	373
358	374
358	375
358	377
358	383
358	422
359	122
359	175
359	189
359	200
359	247
359	258
359	291
359	330
359	335
359	354
359	360
359	384
359	397
359	409
359	418
359	429
359	435
359	437
359	442
359	444
359	445
359	447
359	463
359	472
359	479
359	499
360	129
360	176
360	191
360	200
360	209
360	246
360	251
360	281
360	282
360	285
360	325
360	335
360	336
360	350
360	359
360	371
360	379
360	427
360	439
360	440
360	444
360	447
360	472
360	473
360	479
360	485
361	56
361	85
361	89
361	177
361	206
361	253
361	279
361	306
361	319
361	320
361	347
361	348
361	368
361	369
361	370
361	376
361	377
361	385
361	390
361	394
361	399
361	400
361	431
361	432
361	444
361	453
362	103
362	183
362	190
362	231
362	270
362	305
362	341
362	351
362	365
362	381
362	392
362	398
362	408
362	421
362	424
362	432
362	433
362	436
362	441
362	450
362	452
362	464
362	467
362	474
362	475
362	490
363	40
363	50
363	105
363	116
363	161
363	263
363	288
363	300
363	303
363	345
363	351
363	365
363	396
363	398
363	421
363	427
363	432
363	433
363	434
363	441
363	452
363	464
363	474
363	475
363	490
363	495
364	16
364	51
364	54
364	109
364	119
364	146
364	151
364	155
364	164
364	172
364	187
364	193
364	257
364	258
364	277
364	304
364	308
364	332
364	337
364	351
364	371
364	374
364	423
364	424
364	466
364	478
365	3
365	35
365	78
365	197
365	263
365	279
365	308
365	362
365	363
365	385
365	392
365	398
365	402
365	406
365	421
365	423
365	425
365	433
365	436
365	452
365	464
365	474
365	475
365	488
365	490
365	493
366	22
366	51
366	73
366	85
366	130
366	201
366	235
366	249
366	255
366	313
366	331
366	340
366	345
366	380
366	388
366	389
366	397
366	410
366	411
366	414
366	418
366	428
366	438
366	443
366	448
366	454
367	50
367	58
367	120
367	122
367	204
367	247
367	258
367	262
367	300
367	313
367	336
367	352
367	374
367	378
367	382
367	427
367	431
367	453
367	458
367	477
367	480
367	483
367	493
367	494
367	495
367	500
368	20
368	92
368	122
368	163
368	177
368	187
368	199
368	225
368	236
368	246
368	275
368	287
368	293
368	311
368	338
368	361
368	372
368	381
368	395
368	404
368	409
368	426
368	432
368	441
368	455
368	493
369	15
369	70
369	77
369	97
369	100
369	109
369	127
369	131
369	158
369	159
369	185
369	193
369	194
369	208
369	232
369	251
369	281
369	317
369	329
369	361
369	370
369	389
369	391
369	407
369	426
369	480
369	488
370	9
370	25
370	49
370	77
370	98
370	127
370	137
370	185
370	194
370	196
370	208
370	251
370	253
370	322
370	329
370	333
370	361
370	369
370	384
370	389
370	391
370	407
370	426
370	468
370	478
370	492
370	494
371	16
371	51
371	68
371	79
371	102
371	111
371	115
371	145
371	146
371	155
371	193
371	195
371	227
371	258
371	261
371	277
371	304
371	314
371	337
371	351
371	360
371	364
371	377
371	407
371	475
371	478
371	487
372	14
372	20
372	82
372	92
372	122
372	163
372	187
372	199
372	203
372	225
372	236
372	275
372	293
372	309
372	310
372	311
372	338
372	341
372	347
372	368
372	380
372	381
372	392
372	395
372	405
372	446
372	472
373	1
373	13
373	17
373	18
373	29
373	32
373	37
373	80
373	81
373	112
373	141
373	183
373	201
373	237
373	272
373	303
373	310
373	324
373	346
373	348
373	358
373	375
373	383
373	386
373	422
373	423
373	490
374	16
374	68
374	79
374	110
374	111
374	146
374	155
374	172
374	222
374	227
374	257
374	258
374	261
374	277
374	309
374	332
374	337
374	353
374	358
374	364
374	367
374	416
374	423
374	449
374	481
374	488
374	494
375	1
375	13
375	29
375	81
375	103
375	148
375	157
375	183
375	191
375	196
375	295
375	310
375	321
375	322
375	334
375	346
375	358
375	373
375	378
375	380
375	383
375	403
375	408
375	422
375	461
375	490
375	493
376	56
376	80
376	85
376	128
376	158
376	169
376	206
376	207
376	235
376	273
376	279
376	301
376	318
376	319
376	320
376	347
376	348
376	361
376	377
376	385
376	389
376	390
376	394
376	399
376	400
376	438
376	465
377	137
377	171
377	265
377	273
377	274
377	291
377	327
377	328
377	347
377	358
377	361
377	371
377	376
377	380
377	383
377	387
377	413
377	430
377	442
377	449
377	466
377	467
377	469
377	488
377	489
377	496
377	499
378	25
378	111
378	127
378	256
378	291
378	336
378	341
378	355
378	356
378	367
378	375
378	379
378	382
378	421
378	440
378	443
378	453
378	458
378	473
378	477
378	480
378	483
378	491
378	493
378	494
378	495
378	500
379	47
379	131
379	157
379	224
379	237
379	272
379	302
379	315
379	319
379	350
379	360
379	378
379	385
379	396
379	401
379	404
379	416
379	417
379	425
379	446
379	456
379	457
379	463
379	482
379	485
379	497
379	498
380	8
380	137
380	142
380	160
380	220
380	260
380	292
380	331
380	340
380	357
380	366
380	372
380	375
380	377
380	388
380	392
380	397
380	410
380	414
380	418
380	428
380	438
380	448
380	449
380	454
380	483
380	498
381	92
381	114
381	122
381	131
381	135
381	163
381	187
381	198
381	199
381	203
381	225
381	236
381	275
381	287
381	293
381	311
381	338
381	352
381	362
381	368
381	372
381	382
381	395
381	466
381	489
381	496
381	497
382	13
382	21
382	106
382	148
382	211
382	313
382	334
382	345
382	367
382	378
382	381
382	399
382	414
382	427
382	431
382	443
382	453
382	458
382	463
382	477
382	480
382	483
382	491
382	493
382	494
382	495
382	500
383	3
383	18
383	33
383	37
383	44
383	80
383	81
383	98
383	103
383	141
383	148
383	183
383	201
383	234
383	254
383	294
383	295
383	310
383	346
383	358
383	373
383	375
383	377
383	398
383	422
383	445
383	446
383	490
384	9
384	39
384	68
384	75
384	77
384	127
384	137
384	159
384	185
384	194
384	196
384	208
384	251
384	264
384	316
384	322
384	329
384	357
384	359
384	370
384	389
384	391
384	407
384	426
384	427
384	428
384	446
384	482
385	28
385	102
385	128
385	134
385	182
385	206
385	235
385	237
385	253
385	265
385	279
385	319
385	320
385	321
385	343
385	347
385	348
385	361
385	365
385	376
385	379
385	394
385	399
385	400
385	403
385	414
385	482
385	485
386	7
386	8
386	105
386	156
386	178
386	228
386	234
386	244
386	266
386	270
386	291
386	308
386	318
386	331
386	373
386	429
386	434
386	440
386	445
386	448
386	451
386	464
386	469
386	471
386	472
386	473
386	479
386	492
387	86
387	111
387	171
387	181
387	213
387	224
387	266
387	274
387	318
387	322
387	327
387	352
387	354
387	377
387	392
387	413
387	418
387	429
387	442
387	449
387	453
387	461
387	463
387	467
387	485
387	488
387	489
387	499
388	56
388	99
388	123
388	154
388	195
388	260
388	262
388	299
388	324
388	331
388	334
388	340
388	357
388	366
388	380
388	396
388	397
388	404
388	410
388	411
388	414
388	418
388	428
388	438
388	448
388	454
388	458
388	471
389	9
389	15
389	127
389	137
389	158
389	159
389	194
389	196
389	208
389	231
389	249
389	251
389	308
389	322
389	366
389	369
389	370
389	376
389	384
389	391
389	395
389	403
389	407
389	426
389	432
389	434
389	457
389	487
390	28
390	56
390	85
390	102
390	182
390	227
390	235
390	253
390	279
390	310
390	311
390	314
390	319
390	320
390	347
390	348
390	361
390	376
390	394
390	399
390	400
390	404
390	406
390	427
390	458
390	467
390	486
390	495
391	9
391	15
391	70
391	128
391	137
391	159
391	173
391	185
391	196
391	199
391	203
391	205
391	208
391	249
391	251
391	322
391	329
391	369
391	370
391	384
391	389
391	394
391	407
391	412
391	426
391	482
391	489
391	496
392	51
392	87
392	197
392	230
392	231
392	235
392	268
392	288
392	351
392	362
392	365
392	372
392	380
392	387
392	395
392	398
392	401
392	421
392	429
392	432
392	433
392	436
392	441
392	452
392	473
392	474
392	475
392	485
392	490
393	58
393	91
393	155
393	172
393	197
393	246
393	253
393	294
393	305
393	336
393	342
393	344
393	345
393	405
393	406
393	424
393	428
393	431
393	443
393	455
393	459
393	462
393	468
393	476
393	481
393	484
393	487
393	497
393	500
394	28
394	56
394	85
394	111
394	128
394	182
394	191
394	206
394	244
394	253
394	263
394	279
394	313
394	319
394	320
394	329
394	337
394	347
394	348
394	361
394	376
394	385
394	390
394	391
394	399
394	400
394	412
394	470
394	475
395	20
395	92
395	122
395	161
395	163
395	187
395	199
395	203
395	210
395	225
395	226
395	236
395	250
395	275
395	284
395	287
395	293
395	311
395	320
395	330
395	338
395	368
395	372
395	381
395	389
395	392
395	425
395	456
395	488
396	37
396	46
396	59
396	109
396	170
396	180
396	190
396	213
396	222
396	276
396	281
396	302
396	307
396	321
396	333
396	363
396	379
396	388
396	416
396	420
396	425
396	437
396	442
396	450
396	463
396	468
396	470
396	496
396	498
397	150
397	154
397	156
397	190
397	213
397	220
397	249
397	260
397	304
397	340
397	351
397	354
397	357
397	359
397	366
397	380
397	388
397	410
397	411
397	414
397	415
397	418
397	428
397	438
397	448
397	453
397	454
397	466
397	470
398	4
398	74
398	87
398	98
398	143
398	161
398	189
398	199
398	230
398	234
398	301
398	351
398	362
398	363
398	365
398	383
398	392
398	401
398	405
398	421
398	432
398	433
398	441
398	452
398	458
398	464
398	474
398	475
398	490
399	28
399	56
399	74
399	85
399	102
399	182
399	200
399	219
399	228
399	235
399	253
399	279
399	319
399	320
399	348
399	361
399	376
399	382
399	385
399	390
399	394
399	400
399	402
399	423
399	435
399	442
399	443
399	464
399	473
400	19
400	28
400	56
400	123
400	128
400	158
400	182
400	206
400	225
400	235
400	242
400	253
400	267
400	279
400	283
400	300
400	319
400	320
400	332
400	347
400	348
400	361
400	376
400	385
400	390
400	394
400	399
400	470
400	473
400	475
401	53
401	63
401	167
401	203
401	229
401	276
401	284
401	297
401	307
401	321
401	333
401	343
401	345
401	350
401	379
401	392
401	398
401	402
401	404
401	415
401	425
401	450
401	460
401	463
401	465
401	469
401	470
401	485
401	488
401	498
402	25
402	54
402	72
402	135
402	208
402	265
402	266
402	267
402	296
402	301
402	302
402	342
402	365
402	399
402	401
402	412
402	416
402	417
402	418
402	420
402	425
402	450
402	456
402	457
402	460
402	465
402	470
402	476
402	478
402	497
403	170
403	180
403	190
403	212
403	261
403	265
403	276
403	302
403	320
403	321
403	324
403	327
403	375
403	385
403	389
403	415
403	425
403	447
403	450
403	456
403	457
403	460
403	465
403	470
403	478
403	482
403	484
403	490
403	493
403	498
404	35
404	76
404	102
404	178
404	212
404	284
404	296
404	297
404	319
404	333
404	350
404	368
404	379
404	388
404	390
404	401
404	412
404	420
404	438
404	450
404	456
404	463
404	465
404	466
404	478
404	479
404	482
404	485
404	495
404	498
405	2
405	79
405	112
405	114
405	163
405	204
405	274
405	294
405	303
405	327
405	335
405	341
405	345
405	349
405	372
405	393
405	398
405	406
405	424
405	443
405	455
405	459
405	462
405	468
405	476
405	481
405	484
405	487
405	495
405	497
406	100
406	126
406	132
406	215
406	221
406	284
406	325
406	339
406	341
406	342
406	344
406	345
406	349
406	365
406	390
406	393
406	405
406	410
406	411
406	420
406	424
406	436
406	455
406	459
406	462
406	468
406	476
406	481
406	487
406	497
407	15
407	70
407	77
407	127
407	136
407	137
407	158
407	159
407	185
407	194
407	196
407	232
407	244
407	281
407	282
407	285
407	304
407	321
407	322
407	329
407	369
407	370
407	371
407	384
407	389
407	391
407	410
407	426
407	428
407	452
408	7
408	30
408	31
408	38
408	61
408	62
408	69
408	74
408	83
408	93
408	100
408	118
408	142
408	145
408	167
408	195
408	215
408	216
408	226
408	230
408	250
408	280
408	286
408	305
408	306
408	362
408	375
408	419
408	474
408	478
408	489
409	26
409	66
409	83
409	84
409	90
409	161
409	168
409	200
409	265
409	282
409	285
409	303
409	308
409	309
409	312
409	313
409	325
409	328
409	359
409	368
409	415
409	427
409	435
409	439
409	440
409	446
409	451
409	471
409	479
409	491
409	492
410	8
410	34
410	73
410	103
410	123
410	156
410	196
410	206
410	217
410	226
410	243
410	249
410	291
410	331
410	340
410	357
410	366
410	380
410	388
410	397
410	406
410	407
410	411
410	414
410	418
410	428
410	436
410	438
410	448
410	454
410	498
411	21
411	63
411	121
411	154
411	156
411	180
411	187
411	195
411	217
411	249
411	260
411	331
411	340
411	357
411	366
411	388
411	397
411	406
411	410
411	414
411	418
411	426
411	428
411	435
411	438
411	448
411	449
411	452
411	454
411	479
411	480
412	23
412	34
412	49
412	190
412	212
412	213
412	231
412	252
412	265
412	269
412	276
412	296
412	331
412	333
412	339
412	350
412	391
412	394
412	402
412	404
412	416
412	425
412	450
412	460
412	463
412	465
412	473
412	478
412	484
412	485
412	498
413	29
413	39
413	116
413	120
413	124
413	148
413	162
413	169
413	188
413	199
413	229
413	273
413	289
413	327
413	328
413	353
413	377
413	387
413	418
413	430
413	438
413	442
413	461
413	466
413	467
413	469
413	473
413	474
413	488
413	489
413	496
414	8
414	61
414	63
414	102
414	123
414	148
414	154
414	220
414	249
414	329
414	340
414	357
414	366
414	380
414	382
414	385
414	388
414	397
414	410
414	411
414	418
414	428
414	438
414	441
414	447
414	448
414	451
414	453
414	454
414	457
414	476
415	43
415	52
415	79
415	86
415	129
415	132
415	200
415	232
415	244
415	249
415	271
415	278
415	330
415	345
415	397
415	401
415	403
415	409
415	429
415	435
415	437
415	439
415	440
415	444
415	445
415	449
415	459
415	471
415	472
415	473
415	486
416	81
416	135
416	180
416	242
416	250
416	254
416	276
416	297
416	302
416	314
416	315
416	322
416	333
416	350
416	374
416	379
416	396
416	402
416	412
416	417
416	418
416	426
416	448
416	450
416	455
416	456
416	457
416	470
416	478
416	482
416	485
416	491
417	25
417	30
417	47
417	102
417	120
417	124
417	213
417	265
417	284
417	289
417	290
417	295
417	298
417	302
417	312
417	333
417	335
417	350
417	354
417	379
417	402
417	416
417	442
417	450
417	455
417	456
417	460
417	465
417	469
417	482
417	485
417	498
418	63
418	64
418	83
418	123
418	217
418	220
418	240
418	249
418	260
418	315
418	326
418	331
418	340
418	357
418	359
418	366
418	380
418	387
418	388
418	397
418	402
418	410
418	411
418	413
418	414
418	416
418	425
418	428
418	433
418	438
418	448
418	454
419	7
419	26
419	30
419	31
419	38
419	61
419	62
419	68
419	69
419	83
419	93
419	125
419	142
419	145
419	195
419	215
419	222
419	226
419	245
419	250
419	280
419	304
419	312
419	326
419	345
419	408
419	430
419	433
419	435
419	441
419	458
419	460
420	11
420	190
420	207
420	213
420	274
420	289
420	292
420	296
420	307
420	315
420	321
420	326
420	332
420	338
420	340
420	350
420	396
420	402
420	404
420	406
420	425
420	443
420	449
420	450
420	457
420	463
420	464
420	465
420	470
420	482
420	485
420	492
420	498
421	9
421	22
421	59
421	98
421	161
421	197
421	205
421	217
421	257
421	271
421	298
421	317
421	351
421	362
421	363
421	365
421	378
421	392
421	398
421	430
421	432
421	433
421	436
421	441
421	452
421	462
421	464
421	474
421	475
421	482
421	488
421	490
421	500
422	1
422	13
422	18
422	29
422	31
422	32
422	33
422	36
422	37
422	80
422	103
422	114
422	141
422	148
422	157
422	175
422	183
422	211
422	226
422	295
422	302
422	310
422	334
422	344
422	358
422	373
422	375
422	383
422	440
422	442
422	444
422	474
422	477
423	12
423	16
423	51
423	62
423	68
423	79
423	111
423	115
423	119
423	155
423	172
423	223
423	227
423	233
423	245
423	257
423	258
423	261
423	277
423	304
423	332
423	337
423	364
423	365
423	373
423	374
423	399
423	445
423	461
423	471
423	473
423	478
423	483
424	116
424	118
424	172
424	259
424	269
424	292
424	294
424	305
424	307
424	337
424	339
424	340
424	341
424	342
424	344
424	345
424	347
424	349
424	362
424	364
424	393
424	405
424	406
424	425
424	441
424	455
424	462
424	468
424	474
424	481
424	482
424	484
424	487
425	28
425	59
425	168
425	228
425	256
425	264
425	265
425	282
425	284
425	289
425	296
425	297
425	337
425	350
425	353
425	365
425	379
425	395
425	396
425	401
425	402
425	403
425	412
425	418
425	420
425	424
425	450
425	456
425	460
425	463
425	468
425	485
425	487
426	9
426	10
426	15
426	26
426	70
426	77
426	80
426	125
426	127
426	137
426	158
426	159
426	173
426	185
426	194
426	196
426	208
426	251
426	255
426	322
426	329
426	351
426	368
426	369
426	370
426	384
426	389
426	391
426	407
426	411
426	416
426	441
426	450
426	454
427	22
427	88
427	184
427	221
427	282
427	300
427	313
427	316
427	336
427	355
427	356
427	360
427	363
427	367
427	382
427	384
427	390
427	409
427	431
427	438
427	443
427	452
427	458
427	473
427	477
427	480
427	483
427	491
427	492
427	493
427	494
427	495
427	498
427	500
428	5
428	20
428	63
428	83
428	154
428	156
428	159
428	213
428	217
428	220
428	249
428	260
428	274
428	331
428	340
428	348
428	356
428	357
428	366
428	380
428	384
428	388
428	393
428	397
428	407
428	410
428	411
428	414
428	418
428	430
428	438
428	448
428	454
428	486
429	94
429	100
429	101
429	136
429	144
429	167
429	168
429	209
429	269
429	284
429	290
429	317
429	330
429	354
429	359
429	386
429	387
429	392
429	415
429	434
429	437
429	440
429	444
429	445
429	447
429	451
429	471
429	472
429	475
429	476
429	479
429	486
429	491
429	492
429	495
430	21
430	35
430	98
430	120
430	154
430	169
430	172
430	174
430	226
430	233
430	240
430	274
430	283
430	328
430	343
430	352
430	353
430	354
430	377
430	413
430	419
430	421
430	428
430	440
430	442
430	449
430	453
430	466
430	467
430	469
430	475
430	488
430	490
430	496
430	499
431	60
431	73
431	141
431	237
431	247
431	252
431	287
431	289
431	300
431	313
431	316
431	317
431	324
431	339
431	344
431	355
431	356
431	361
431	367
431	382
431	393
431	427
431	443
431	450
431	453
431	458
431	460
431	477
431	480
431	483
431	491
431	493
431	494
431	495
431	500
432	14
432	22
432	69
432	117
432	139
432	166
432	169
432	185
432	186
432	216
432	231
432	238
432	263
432	288
432	351
432	361
432	362
432	363
432	368
432	389
432	392
432	398
432	421
432	433
432	435
432	436
432	441
432	452
432	461
432	464
432	474
432	475
432	479
432	487
432	490
433	50
433	136
433	161
433	166
433	183
433	193
433	197
433	198
433	212
433	215
433	229
433	231
433	263
433	276
433	311
433	314
433	351
433	362
433	363
433	365
433	392
433	398
433	418
433	419
433	421
433	432
433	436
433	441
433	449
433	452
433	464
433	470
433	474
433	475
433	490
434	48
434	77
434	101
434	139
434	176
434	178
434	184
434	189
434	193
434	197
434	209
434	234
434	306
434	308
434	309
434	335
434	338
434	339
434	351
434	363
434	386
434	389
434	429
434	435
434	437
434	439
434	440
434	444
434	445
434	447
434	469
434	471
434	472
434	479
434	486
434	491
435	6
435	44
435	60
435	99
435	167
435	168
435	178
435	234
435	266
435	276
435	284
435	291
435	309
435	311
435	312
435	313
435	316
435	325
435	335
435	348
435	359
435	399
435	409
435	411
435	415
435	419
435	432
435	434
435	439
435	440
435	444
435	447
435	471
435	479
435	486
435	492
436	3
436	22
436	28
436	32
436	57
436	139
436	146
436	155
436	177
436	187
436	190
436	197
436	231
436	240
436	259
436	263
436	265
436	288
436	351
436	362
436	365
436	392
436	406
436	410
436	421
436	432
436	433
436	441
436	452
436	454
436	464
436	474
436	475
436	479
436	490
436	500
437	12
437	33
437	57
437	66
437	71
437	150
437	155
437	184
437	189
437	234
437	273
437	282
437	290
437	295
437	309
437	312
437	325
437	333
437	350
437	359
437	396
437	415
437	429
437	434
437	439
437	446
437	447
437	454
437	471
437	472
437	473
437	483
437	484
437	486
437	492
437	497
438	42
438	63
438	123
438	154
438	156
438	217
438	220
438	249
438	258
438	260
438	278
438	317
438	331
438	340
438	342
438	357
438	366
438	376
438	380
438	388
438	397
438	404
438	410
438	411
438	413
438	414
438	418
438	427
438	428
438	439
438	448
438	451
438	454
438	473
438	482
438	496
439	23
439	84
439	89
439	108
439	113
439	132
439	150
439	158
439	178
439	218
439	291
439	295
439	302
439	303
439	324
439	330
439	335
439	346
439	360
439	409
439	415
439	434
439	435
439	437
439	438
439	440
439	444
439	445
439	447
439	451
439	452
439	456
439	471
439	472
439	480
439	486
440	92
440	97
440	105
440	113
440	146
440	150
440	189
440	209
440	210
440	228
440	231
440	267
440	271
440	291
440	297
440	303
440	309
440	317
440	335
440	360
440	378
440	386
440	409
440	415
440	422
440	429
440	430
440	434
440	435
440	439
440	443
440	447
440	471
440	472
440	473
440	486
440	492
441	22
441	38
441	57
441	98
441	117
441	162
441	166
441	168
441	176
441	231
441	263
441	288
441	344
441	351
441	362
441	363
441	368
441	392
441	398
441	414
441	419
441	421
441	424
441	426
441	432
441	433
441	436
441	452
441	462
441	463
441	464
441	466
441	474
441	475
441	478
441	490
441	491
442	21
442	24
442	27
442	39
442	41
442	72
442	121
442	152
442	240
442	274
442	324
442	343
442	352
442	353
442	354
442	359
442	377
442	387
442	396
442	399
442	413
442	417
442	422
442	430
442	449
442	460
442	461
442	466
442	467
442	469
442	476
442	486
442	488
442	489
442	492
442	496
442	499
443	88
443	121
443	124
443	134
443	219
443	301
443	309
443	313
443	314
443	316
443	324
443	355
443	356
443	366
443	378
443	382
443	393
443	399
443	405
443	420
443	427
443	431
443	440
443	447
443	449
443	453
443	458
443	477
443	479
443	480
443	483
443	491
443	493
443	494
443	495
443	499
443	500
444	29
444	129
444	183
444	184
444	209
444	232
444	251
444	258
444	263
444	287
444	295
444	302
444	303
444	308
444	353
444	359
444	360
444	361
444	415
444	422
444	429
444	434
444	435
444	439
444	445
444	446
444	447
444	451
444	471
444	472
444	473
444	483
444	486
444	488
444	489
444	492
444	493
445	87
445	108
445	129
445	150
445	178
445	184
445	218
445	236
445	254
445	275
445	290
445	291
445	297
445	308
445	317
445	329
445	330
445	359
445	383
445	386
445	415
445	423
445	429
445	434
445	439
445	444
445	446
445	447
445	448
445	462
445	467
445	471
445	472
445	473
445	479
445	492
445	499
446	31
446	84
446	105
446	111
446	139
446	150
446	167
446	168
446	178
446	183
446	191
446	200
446	227
446	232
446	266
446	303
446	310
446	312
446	317
446	328
446	330
446	351
446	372
446	379
446	383
446	384
446	409
446	437
446	444
446	445
446	451
446	453
446	470
446	471
446	479
446	486
446	492
447	74
447	137
447	139
447	161
447	189
447	220
447	232
447	234
447	244
447	278
447	289
447	290
447	291
447	308
447	330
447	333
447	344
447	350
447	354
447	359
447	360
447	403
447	414
447	429
447	434
447	435
447	437
447	439
447	440
447	443
447	444
447	445
447	451
447	479
447	481
447	486
447	492
448	8
448	11
448	14
448	29
448	36
448	63
448	120
448	123
448	127
448	154
448	156
448	164
448	217
448	220
448	229
448	249
448	260
448	295
448	331
448	340
448	349
448	357
448	366
448	380
448	386
448	388
448	397
448	410
448	411
448	414
448	416
448	418
448	428
448	438
448	445
448	454
448	486
448	487
449	21
449	116
449	119
449	120
449	127
449	169
449	181
449	229
449	233
449	240
449	247
449	273
449	274
449	287
449	298
449	304
449	322
449	327
449	328
449	343
449	352
449	354
449	374
449	377
449	380
449	387
449	411
449	415
449	420
449	430
449	433
449	442
449	443
449	461
449	466
449	488
449	489
449	499
450	44
450	135
450	172
450	190
450	213
450	239
450	240
450	292
450	296
450	306
450	355
450	362
450	396
450	401
450	402
450	403
450	404
450	412
450	416
450	417
450	420
450	425
450	426
450	431
450	453
450	456
450	457
450	460
450	464
450	465
450	470
450	478
450	483
450	485
450	487
450	488
450	490
450	498
451	69
451	105
451	121
451	165
451	176
451	186
451	193
451	234
451	273
451	282
451	291
451	303
451	308
451	309
451	312
451	317
451	323
451	330
451	335
451	352
451	386
451	409
451	414
451	429
451	438
451	439
451	444
451	446
451	447
451	452
451	461
451	471
451	472
451	477
451	479
451	485
451	486
451	493
452	22
452	57
452	60
452	87
452	117
452	161
452	197
452	221
452	263
452	274
452	278
452	288
452	322
452	323
452	341
452	350
452	351
452	362
452	363
452	365
452	392
452	398
452	407
452	411
452	421
452	427
452	432
452	433
452	436
452	439
452	441
452	451
452	455
452	462
452	464
452	474
452	475
452	490
453	45
453	70
453	86
453	159
453	179
453	186
453	192
453	300
453	301
453	312
453	313
453	316
453	324
453	332
453	336
453	355
453	361
453	367
453	378
453	382
453	387
453	397
453	414
453	430
453	431
453	443
453	446
453	450
453	458
453	459
453	477
453	480
453	483
453	491
453	493
453	494
453	495
453	500
454	8
454	11
454	27
454	63
454	97
454	123
454	129
454	154
454	156
454	210
454	217
454	220
454	249
454	260
454	272
454	302
454	306
454	322
454	327
454	331
454	340
454	357
454	366
454	380
454	388
454	397
454	410
454	411
454	414
454	418
454	426
454	428
454	436
454	437
454	438
454	448
454	468
454	474
455	11
455	13
455	24
455	78
455	121
455	122
455	149
455	164
455	184
455	254
455	259
455	292
455	294
455	295
455	302
455	303
455	339
455	341
455	342
455	345
455	349
455	368
455	393
455	405
455	406
455	416
455	417
455	424
455	452
455	459
455	462
455	468
455	476
455	481
455	484
455	485
455	487
455	496
455	497
456	72
456	73
456	104
456	131
456	180
456	187
456	239
456	256
456	262
456	276
456	278
456	289
456	308
456	309
456	310
456	321
456	330
456	333
456	353
456	379
456	395
456	402
456	403
456	404
456	416
456	417
456	425
456	439
456	450
456	460
456	463
456	465
456	467
456	470
456	478
456	482
456	485
456	493
456	498
457	20
457	47
457	82
457	84
457	135
457	170
457	180
457	198
457	212
457	265
457	274
457	280
457	284
457	296
457	297
457	306
457	317
457	321
457	323
457	328
457	333
457	334
457	350
457	352
457	354
457	379
457	389
457	402
457	403
457	414
457	416
457	420
457	450
457	460
457	463
457	465
457	470
457	478
457	485
458	42
458	62
458	73
458	88
458	104
458	225
458	243
458	294
458	300
458	301
458	306
458	316
458	324
458	336
458	344
458	355
458	356
458	367
458	378
458	382
458	388
458	390
458	398
458	419
458	427
458	431
458	443
458	453
458	464
458	477
458	480
458	483
458	486
458	491
458	493
458	494
458	495
458	496
458	500
459	4
459	11
459	37
459	104
459	114
459	117
459	197
459	213
459	230
459	232
459	237
459	252
459	254
459	259
459	292
459	305
459	312
459	339
459	341
459	344
459	345
459	349
459	357
459	393
459	405
459	406
459	415
459	453
459	455
459	462
459	467
459	468
459	476
459	478
459	481
459	484
459	487
459	494
459	497
460	23
460	25
460	43
460	180
460	200
460	202
460	236
460	239
460	276
460	297
460	301
460	302
460	307
460	321
460	329
460	333
460	355
460	401
460	402
460	403
460	412
460	417
460	419
460	425
460	431
460	442
460	450
460	456
460	457
460	462
460	463
460	465
460	470
460	478
460	479
460	481
460	482
460	485
460	497
461	17
461	24
461	52
461	70
461	72
461	106
461	120
461	162
461	168
461	181
461	224
461	229
461	233
461	238
461	240
461	260
461	270
461	274
461	320
461	343
461	352
461	353
461	354
461	375
461	387
461	413
461	423
461	432
461	442
461	449
461	451
461	466
461	467
461	469
461	473
461	483
461	489
461	494
461	496
461	499
462	15
462	28
462	47
462	87
462	100
462	112
462	121
462	140
462	149
462	226
462	254
462	292
462	305
462	319
462	339
462	341
462	342
462	344
462	349
462	351
462	393
462	405
462	406
462	421
462	424
462	441
462	445
462	452
462	455
462	459
462	460
462	466
462	468
462	475
462	476
462	481
462	484
462	487
462	497
462	499
463	2
463	36
463	56
463	105
463	108
463	120
463	131
463	135
463	170
463	208
463	213
463	239
463	276
463	284
463	297
463	305
463	307
463	330
463	346
463	359
463	379
463	382
463	387
463	396
463	401
463	404
463	412
463	420
463	425
463	441
463	456
463	457
463	460
463	465
463	470
463	478
463	482
463	485
463	490
463	495
464	3
464	50
464	57
464	98
464	102
464	117
464	139
464	166
464	231
464	234
464	263
464	268
464	273
464	276
464	288
464	309
464	325
464	349
464	351
464	362
464	363
464	365
464	386
464	398
464	399
464	420
464	421
464	432
464	433
464	436
464	441
464	450
464	452
464	458
464	474
464	475
464	482
464	489
464	490
464	491
465	25
465	47
465	78
465	131
465	190
465	197
465	202
465	207
465	219
465	228
465	244
465	255
465	265
465	280
465	289
465	307
465	329
465	331
465	333
465	341
465	350
465	376
465	401
465	402
465	403
465	404
465	412
465	417
465	420
465	450
465	456
465	457
465	460
465	463
465	469
465	478
465	482
465	492
465	496
465	498
466	21
466	24
466	26
466	62
466	78
466	86
466	99
466	153
466	162
466	174
466	185
466	240
466	254
466	256
466	275
466	283
466	320
466	327
466	328
466	343
466	352
466	353
466	354
466	364
466	377
466	381
466	397
466	404
466	413
466	430
466	441
466	442
466	449
466	461
466	462
466	467
466	469
466	488
466	489
466	496
466	499
467	24
467	49
467	86
467	99
467	166
467	171
467	185
467	229
467	233
467	239
467	240
467	273
467	301
467	310
467	327
467	343
467	349
467	350
467	352
467	353
467	362
467	377
467	387
467	390
467	413
467	430
467	442
467	445
467	456
467	459
467	461
467	466
467	469
467	486
467	487
467	488
467	489
467	491
467	496
467	499
467	500
468	11
468	61
468	99
468	100
468	112
468	114
468	129
468	144
468	215
468	217
468	223
468	230
468	305
468	310
468	320
468	339
468	341
468	342
468	344
468	345
468	347
468	349
468	370
468	393
468	396
468	405
468	406
468	424
468	425
468	454
468	455
468	459
468	462
468	476
468	481
468	484
468	486
468	487
468	491
468	497
468	498
469	1
469	24
469	27
469	30
469	86
469	99
469	101
469	152
469	162
469	171
469	178
469	181
469	229
469	240
469	273
469	274
469	326
469	327
469	343
469	352
469	353
469	354
469	377
469	386
469	401
469	413
469	417
469	430
469	434
469	442
469	461
469	465
469	466
469	467
469	471
469	473
469	474
469	476
469	481
469	488
469	489
469	499
470	17
470	59
470	136
470	161
470	208
470	212
470	220
470	229
470	233
470	239
470	241
470	253
470	257
470	272
470	276
470	284
470	289
470	293
470	296
470	302
470	307
470	333
470	350
470	394
470	396
470	397
470	400
470	401
470	402
470	403
470	416
470	420
470	433
470	446
470	450
470	456
470	457
470	460
470	463
470	478
470	482
470	498
471	1
471	15
471	125
471	132
471	148
471	157
471	209
471	220
471	232
471	236
471	244
471	266
471	282
471	303
471	307
471	308
471	317
471	319
471	329
471	335
471	345
471	386
471	388
471	409
471	415
471	423
471	429
471	434
471	435
471	437
471	439
471	440
471	444
471	445
471	446
471	451
471	469
471	472
471	473
471	480
471	487
471	490
472	67
472	84
472	105
472	126
472	132
472	154
472	171
472	176
472	184
472	188
472	189
472	190
472	192
472	209
472	212
472	215
472	230
472	232
472	236
472	237
472	286
472	290
472	291
472	302
472	317
472	359
472	360
472	372
472	386
472	415
472	429
472	434
472	437
472	439
472	440
472	444
472	445
472	451
472	471
472	473
472	485
472	494
473	18
473	79
473	84
473	132
473	176
473	209
473	234
473	244
473	266
473	285
473	290
473	303
473	308
473	309
473	312
473	317
473	325
473	330
473	338
473	347
473	360
473	378
473	386
473	392
473	399
473	400
473	412
473	413
473	415
473	423
473	427
473	437
473	438
473	440
473	444
473	445
473	461
473	469
473	471
473	472
473	476
473	479
473	486
474	8
474	22
474	48
474	50
474	57
474	87
474	98
474	117
474	139
474	166
474	192
474	204
474	231
474	262
474	263
474	264
474	288
474	295
474	318
474	321
474	351
474	362
474	363
474	365
474	392
474	398
474	408
474	413
474	421
474	422
474	424
474	432
474	433
474	436
474	441
474	452
474	454
474	464
474	469
474	475
474	476
474	478
474	490
475	3
475	34
475	50
475	88
475	98
475	117
475	139
475	145
475	161
475	166
475	176
475	188
475	197
475	209
475	231
475	261
475	263
475	268
475	288
475	314
475	316
475	333
475	351
475	362
475	363
475	365
475	371
475	392
475	394
475	398
475	400
475	421
475	429
475	430
475	432
475	433
475	436
475	441
475	452
475	462
475	464
475	474
475	490
476	11
476	52
476	56
476	62
476	100
476	112
476	118
476	149
476	157
476	223
476	230
476	252
476	259
476	269
476	292
476	294
476	305
476	314
476	331
476	339
476	341
476	342
476	344
476	349
476	352
476	393
476	402
476	405
476	406
476	414
476	429
476	442
476	455
476	459
476	462
476	468
476	469
476	473
476	474
476	481
476	484
476	487
476	497
477	1
477	73
477	87
477	88
477	90
477	97
477	113
477	156
477	163
477	180
477	192
477	220
477	221
477	261
477	277
477	284
477	300
477	301
477	316
477	322
477	325
477	336
477	345
477	352
477	355
477	356
477	367
477	378
477	382
477	422
477	427
477	431
477	443
477	451
477	453
477	458
477	480
477	483
477	491
477	493
477	494
477	495
477	500
478	24
478	59
478	162
478	170
478	194
478	200
478	212
478	213
478	230
478	265
478	284
478	287
478	289
478	295
478	297
478	300
478	307
478	321
478	353
478	364
478	370
478	371
478	402
478	403
478	404
478	408
478	412
478	416
478	423
478	441
478	450
478	456
478	457
478	459
478	460
478	463
478	465
478	470
478	474
478	480
478	482
478	485
478	498
479	33
479	84
479	92
479	102
479	141
479	176
479	179
479	206
479	209
479	234
479	239
479	244
479	266
479	282
479	290
479	309
479	311
479	312
479	317
479	325
479	326
479	335
479	343
479	359
479	360
479	386
479	404
479	409
479	411
479	429
479	432
479	434
479	435
479	436
479	443
479	445
479	446
479	447
479	451
479	460
479	473
479	481
479	482
479	486
480	5
480	9
480	45
480	73
480	97
480	136
480	154
480	159
480	160
480	192
480	282
480	290
480	300
480	301
480	313
480	316
480	324
480	336
480	349
480	355
480	356
480	357
480	367
480	369
480	378
480	382
480	411
480	427
480	431
480	439
480	443
480	453
480	458
480	471
480	477
480	478
480	483
480	490
480	491
480	492
480	493
480	494
480	495
480	500
481	118
481	121
481	149
481	166
481	200
481	210
481	230
481	238
481	244
481	253
481	254
481	259
481	292
481	294
481	305
481	323
481	325
481	333
481	339
481	341
481	342
481	344
481	345
481	349
481	353
481	374
481	393
481	405
481	406
481	424
481	447
481	455
481	459
481	460
481	462
481	468
481	469
481	476
481	479
481	484
481	487
481	493
481	497
481	498
482	47
482	57
482	99
482	131
482	135
482	180
482	192
482	203
482	212
482	239
482	245
482	265
482	284
482	289
482	292
482	297
482	302
482	307
482	310
482	321
482	333
482	379
482	384
482	385
482	391
482	403
482	404
482	416
482	417
482	420
482	421
482	424
482	438
482	456
482	460
482	463
482	464
482	465
482	470
482	478
482	479
482	484
482	485
482	487
483	50
483	52
483	88
483	90
483	103
483	107
483	124
483	130
483	147
483	170
483	192
483	200
483	221
483	252
483	269
483	300
483	301
483	313
483	316
483	328
483	336
483	355
483	356
483	367
483	378
483	380
483	382
483	423
483	427
483	431
483	437
483	443
483	444
483	450
483	453
483	458
483	461
483	477
483	480
483	491
483	492
483	493
483	494
483	495
483	500
484	8
484	46
484	70
484	75
484	100
484	112
484	114
484	118
484	121
484	145
484	149
484	150
484	203
484	225
484	230
484	232
484	254
484	259
484	282
484	292
484	299
484	305
484	339
484	342
484	344
484	345
484	349
484	355
484	356
484	393
484	403
484	405
484	412
484	424
484	437
484	455
484	459
484	462
484	468
484	476
484	481
484	482
484	487
484	493
484	497
485	13
485	47
485	48
485	59
485	65
485	71
485	98
485	131
485	135
485	137
485	190
485	213
485	214
485	239
485	257
485	276
485	296
485	297
485	307
485	323
485	333
485	360
485	379
485	385
485	387
485	392
485	401
485	404
485	412
485	416
485	417
485	420
485	425
485	450
485	451
485	455
485	456
485	457
485	460
485	463
485	472
485	478
485	482
485	489
485	496
486	41
486	129
486	151
486	168
486	176
486	184
486	189
486	215
486	216
486	249
486	266
486	282
486	290
486	303
486	307
486	308
486	309
486	312
486	313
486	321
486	325
486	335
486	338
486	390
486	415
486	428
486	429
486	434
486	435
486	437
486	439
486	440
486	442
486	444
486	446
486	447
486	448
486	451
486	458
486	467
486	468
486	473
486	479
486	492
486	496
486	498
487	3
487	81
487	91
487	100
487	112
487	118
487	119
487	149
487	195
487	199
487	230
487	252
487	254
487	259
487	285
487	292
487	294
487	297
487	305
487	339
487	341
487	342
487	344
487	345
487	348
487	349
487	371
487	389
487	393
487	405
487	406
487	424
487	425
487	432
487	448
487	450
487	455
487	459
487	462
487	467
487	468
487	471
487	476
487	481
487	482
487	484
487	497
488	3
488	6
488	22
488	24
488	27
488	72
488	85
488	86
488	93
488	99
488	123
488	125
488	134
488	169
488	171
488	181
488	229
488	233
488	250
488	268
488	274
488	327
488	328
488	352
488	353
488	354
488	365
488	369
488	374
488	377
488	387
488	395
488	401
488	413
488	421
488	430
488	442
488	444
488	449
488	450
488	466
488	467
488	469
488	489
488	496
488	499
488	500
489	13
489	21
489	63
489	72
489	75
489	82
489	84
489	91
489	99
489	161
489	162
489	169
489	171
489	206
489	207
489	216
489	233
489	240
489	250
489	273
489	274
489	279
489	327
489	328
489	343
489	352
489	353
489	354
489	356
489	377
489	381
489	387
489	391
489	408
489	413
489	442
489	444
489	449
489	461
489	464
489	466
489	467
489	469
489	485
489	488
489	496
489	499
490	3
490	50
490	57
490	67
490	87
490	94
490	95
490	98
490	117
490	139
490	161
490	166
490	185
490	197
490	212
490	231
490	249
490	263
490	280
490	288
490	300
490	316
490	319
490	351
490	362
490	363
490	365
490	373
490	375
490	383
490	392
490	398
490	403
490	421
490	430
490	432
490	433
490	436
490	441
490	450
490	452
490	463
490	464
490	471
490	474
490	475
490	480
491	1
491	2
491	6
491	31
491	42
491	45
491	47
491	52
491	73
491	90
491	97
491	124
491	131
491	192
491	196
491	272
491	296
491	300
491	301
491	313
491	316
491	324
491	336
491	355
491	356
491	378
491	382
491	409
491	416
491	427
491	429
491	431
491	434
491	441
491	443
491	453
491	458
491	464
491	467
491	468
491	477
491	480
491	483
491	493
491	494
491	495
491	500
492	15
492	52
492	92
492	105
492	132
492	150
492	167
492	168
492	170
492	176
492	184
492	200
492	234
492	241
492	244
492	252
492	256
492	266
492	268
492	282
492	287
492	290
492	294
492	309
492	312
492	330
492	335
492	349
492	352
492	370
492	386
492	409
492	420
492	427
492	429
492	435
492	437
492	440
492	442
492	444
492	445
492	446
492	447
492	465
492	480
492	483
492	486
493	45
493	52
493	53
493	73
493	90
493	94
493	97
493	124
493	163
493	192
493	225
493	264
493	269
493	293
493	300
493	301
493	313
493	324
493	330
493	336
493	348
493	355
493	356
493	365
493	367
493	368
493	375
493	378
493	382
493	403
493	427
493	431
493	443
493	444
493	451
493	453
493	456
493	458
493	477
493	480
493	481
493	483
493	484
493	491
493	494
493	495
493	499
493	500
494	20
494	45
494	52
494	90
494	97
494	100
494	124
494	126
494	139
494	152
494	192
494	232
494	242
494	248
494	282
494	283
494	287
494	291
494	296
494	299
494	300
494	301
494	313
494	316
494	324
494	336
494	355
494	356
494	367
494	370
494	374
494	378
494	382
494	427
494	431
494	443
494	453
494	458
494	459
494	461
494	472
494	477
494	480
494	483
494	491
494	493
494	495
494	500
495	7
495	45
495	52
495	88
495	90
495	95
495	97
495	110
495	124
495	144
495	153
495	192
495	224
495	279
495	285
495	289
495	301
495	313
495	316
495	324
495	334
495	336
495	340
495	353
495	355
495	356
495	363
495	367
495	378
495	382
495	390
495	404
495	405
495	427
495	429
495	431
495	443
495	453
495	458
495	463
495	477
495	480
495	483
495	491
495	493
495	494
495	497
495	500
496	17
496	21
496	27
496	42
496	50
496	72
496	120
496	137
496	142
496	148
496	149
496	162
496	169
496	171
496	181
496	229
496	233
496	240
496	243
496	253
496	263
496	264
496	273
496	274
496	327
496	328
496	330
496	343
496	352
496	353
496	377
496	381
496	391
496	396
496	413
496	430
496	438
496	442
496	455
496	458
496	461
496	465
496	466
496	467
496	485
496	486
496	488
496	489
496	499
497	10
497	11
497	51
497	55
497	64
497	67
497	100
497	104
497	112
497	114
497	118
497	121
497	147
497	149
497	154
497	220
497	230
497	254
497	259
497	270
497	273
497	292
497	294
497	305
497	309
497	317
497	339
497	341
497	342
497	344
497	345
497	349
497	379
497	381
497	393
497	402
497	405
497	406
497	437
497	455
497	459
497	460
497	462
497	468
497	476
497	481
497	484
497	487
497	495
498	18
498	61
498	88
498	112
498	117
498	131
498	170
498	171
498	180
498	184
498	190
498	192
498	194
498	207
498	212
498	213
498	239
498	260
498	268
498	276
498	284
498	289
498	296
498	297
498	302
498	307
498	311
498	321
498	333
498	347
498	379
498	380
498	396
498	401
498	403
498	404
498	410
498	412
498	417
498	420
498	427
498	450
498	456
498	465
498	468
498	470
498	478
498	481
498	486
499	5
499	9
499	27
499	47
499	67
499	72
499	86
499	120
499	169
499	171
499	181
499	184
499	185
499	204
499	229
499	233
499	240
499	246
499	273
499	296
499	301
499	323
499	324
499	326
499	327
499	328
499	329
499	336
499	343
499	352
499	353
499	354
499	359
499	377
499	387
499	430
499	442
499	443
499	445
499	449
499	461
499	462
499	466
499	467
499	469
499	488
499	489
499	493
499	496
500	52
500	53
500	71
500	73
500	88
500	90
500	97
500	105
500	117
500	124
500	125
500	138
500	147
500	164
500	189
500	192
500	211
500	212
500	294
500	300
500	301
500	307
500	313
500	316
500	324
500	336
500	338
500	354
500	355
500	356
500	367
500	378
500	382
500	393
500	421
500	427
500	431
500	436
500	443
500	453
500	458
500	467
500	477
500	480
500	483
500	488
500	491
500	493
500	494
500	495
