500 9870
1	207
1	321
1	357
1	367
1	392
1	422
1	442
1	456
1	489
1	490
2	46
2	120
2	126
2	147
2	151
2	192
2	231
2	237
2	344
2	351
3	267
3	319
3	361
3	366
3	374
3	421
3	427
3	459
3	472
3	480
4	30
4	81
4	83
4	195
4	211
4	265
4	281
4	343
4	423
4	458
5	100
5	253
5	277
5	280
5	306
5	310
5	312
5	367
5	370
5	439
6	19
6	83
6	122
6	195
6	246
6	248
6	265
6	271
6	281
6	499
7	108
7	370
7	411
7	440
7	449
7	451
7	455
7	461
7	484
7	489
8	67
8	104
8	129
8	143
8	365
8	401
8	446
8	447
8	481
8	497
9	412
9	448
9	449
9	467
9	477
9	481
9	487
9	488
9	491
9	496
10	272
10	294
10	339
10	381
10	387
10	393
10	394
10	395
10	472
10	493
11	64
11	335
11	363
11	444
11	475
11	477
11	485
11	487
11	488
11	496
12	285
12	326
12	397
12	448
12	467
12	475
12	485
12	487
12	488
12	496
13	389
13	409
13	416
13	418
13	450
13	452
13	466
13	473
13	480
13	489
14	50
14	66
14	293
14	352
14	357
14	385
14	388
14	389
14	480
14	500
15	249
15	269
15	338
15	344
15	359
15	380
15	403
15	434
15	464
15	495
16	323
16	331
16	413
16	424
16	446
16	447
16	460
16	474
16	481
16	497
17	241
17	374
17	395
17	409
17	421
17	427
17	430
17	459
17	472
17	482
18	293
18	348
18	352
18	357
18	385
18	388
18	389
18	428
18	456
18	472
19	6
19	61
19	107
19	122
19	182
19	194
19	211
19	246
19	265
19	432
20	128
20	184
20	325
20	338
20	427
20	473
20	480
20	484
20	494
20	498
21	83
21	201
21	302
21	329
21	362
21	418
21	456
21	490
21	492
21	493
22	72
22	99
22	161
22	167
22	175
22	184
22	197
22	225
22	351
22	498
23	126
23	239
23	249
23	310
23	328
23	368
23	377
23	420
23	444
23	495
24	163
24	276
24	329
24	358
24	373
24	400
24	404
24	414
24	443
24	451
25	99
25	104
25	161
25	175
25	184
25	197
25	198
25	225
25	324
25	350
26	85
26	304
26	391
26	392
26	420
26	456
26	489
26	490
26	492
26	499
27	339
27	395
27	421
27	433
27	447
27	450
27	454
27	459
27	472
27	482
28	132
28	285
28	351
28	361
28	368
28	420
28	422
28	434
28	464
28	495
29	37
29	185
29	199
29	287
29	316
29	322
29	342
29	366
29	460
29	475
30	4
30	61
30	107
30	211
30	246
30	265
30	281
30	466
30	478
30	487
31	274
31	372
31	395
31	430
31	439
31	440
31	441
31	445
31	479
31	500
32	33
32	127
32	135
32	136
32	316
32	342
32	364
32	366
32	435
32	447
33	32
33	136
33	151
33	182
33	282
33	316
33	322
33	342
33	366
33	449
34	278
34	282
34	369
34	426
34	429
34	460
34	475
34	477
34	485
34	496
35	196
35	239
35	351
35	371
35	407
35	434
35	439
35	464
35	489
35	495
36	127
36	159
36	374
36	393
36	394
36	423
36	433
36	459
36	472
36	482
37	29
37	135
37	136
37	252
37	282
37	287
37	322
37	366
37	460
37	492
38	69
38	185
38	205
38	214
38	229
38	258
38	275
38	284
38	299
38	488
39	49
39	266
39	283
39	288
39	381
39	457
39	471
39	478
39	484
39	486
40	261
40	363
40	382
40	433
40	439
40	458
40	479
40	480
40	491
40	500
41	201
41	209
41	263
41	272
41	292
41	304
41	308
41	309
41	375
41	383
42	218
42	285
42	335
42	377
42	423
42	441
42	442
42	469
42	491
42	500
43	166
43	248
43	301
43	346
43	358
43	378
43	406
43	414
43	419
43	443
44	76
44	263
44	293
44	352
44	357
44	385
44	388
44	389
44	447
44	491
45	140
45	193
45	204
45	223
45	232
45	238
45	257
45	412
45	443
45	464
46	2
46	82
46	120
46	126
46	147
46	231
46	237
46	386
46	451
46	456
47	222
47	248
47	301
47	358
47	387
47	400
47	414
47	421
47	443
47	459
48	105
48	159
48	184
48	228
48	341
48	359
48	462
48	463
48	478
48	484
49	39
49	153
49	274
49	335
49	382
49	405
49	458
49	479
49	491
49	500
50	14
50	194
50	343
50	349
50	399
50	415
50	431
50	457
50	471
50	484
50	488
51	88
51	255
51	295
51	362
51	392
51	402
51	423
51	462
51	490
51	492
51	493
52	130
52	205
52	217
52	250
52	258
52	264
52	284
52	299
52	425
52	473
52	497
53	147
53	311
53	356
53	365
53	376
53	403
53	419
53	451
53	481
53	483
53	497
54	315
54	360
54	382
54	383
54	442
54	458
54	465
54	469
54	479
54	491
54	500
55	142
55	233
55	293
55	331
55	348
55	357
55	385
55	388
55	389
55	432
55	488
56	245
56	332
56	342
56	374
56	394
56	421
56	433
56	459
56	472
56	482
56	484
57	71
57	125
57	126
57	147
57	151
57	231
57	237
57	239
57	289
57	431
57	460
58	244
58	249
58	256
58	351
58	377
58	403
58	407
58	420
58	464
58	470
58	495
59	72
59	235
59	240
59	256
59	353
59	354
59	364
59	388
59	456
59	481
59	493
60	120
60	285
60	361
60	387
60	393
60	394
60	395
60	433
60	472
60	482
60	487
61	19
61	30
61	122
61	195
61	197
61	211
61	246
61	252
61	281
61	382
61	494
62	384
62	412
62	429
62	449
62	452
62	477
62	485
62	487
62	488
62	495
62	496
63	131
63	335
63	369
63	431
63	439
63	441
63	458
63	479
63	485
63	491
63	500
64	11
64	86
64	402
64	425
64	440
64	451
64	455
64	461
64	465
64	476
64	477
65	154
65	266
65	290
65	320
65	424
65	462
65	468
65	470
65	474
65	484
65	486
66	14
66	233
66	270
66	313
66	348
66	357
66	385
66	388
66	389
66	397
66	471
67	8
67	159
67	266
67	337
67	343
67	359
67	383
67	424
67	434
67	484
67	499
68	301
68	390
68	395
68	410
68	431
68	439
68	442
68	479
68	491
68	492
68	500
69	38
69	180
69	302
69	307
69	324
69	368
69	403
69	419
69	434
69	487
69	495
70	130
70	185
70	205
70	250
70	258
70	264
70	284
70	299
70	360
70	395
70	440
71	57
71	120
71	125
71	126
71	147
71	151
71	173
71	231
71	237
71	356
71	482
72	22
72	59
72	109
72	110
72	161
72	175
72	184
72	197
72	225
72	456
72	472
73	300
73	343
73	349
73	385
73	415
73	445
73	457
73	462
73	470
73	478
73	491
74	105
74	307
74	314
74	320
74	328
74	403
74	420
74	434
74	464
74	495
74	499
75	212
75	234
75	311
75	382
75	413
75	419
75	446
75	464
75	474
75	483
75	497
76	44
76	142
76	348
76	352
76	357
76	385
76	388
76	389
76	406
76	454
76	459
77	206
77	323
77	343
77	349
77	399
77	416
77	438
77	462
77	471
77	478
77	484
78	380
78	404
78	411
78	425
78	426
78	440
78	449
78	451
78	461
78	465
78	476
79	350
79	370
79	407
79	416
79	417
79	438
79	460
79	466
79	471
79	475
79	480
80	82
80	120
80	125
80	126
80	147
80	151
80	231
80	237
80	263
80	398
80	483
81	4
81	83
81	122
81	144
81	195
81	211
81	246
81	265
81	281
81	455
81	482
82	46
82	80
82	120
82	125
82	136
82	147
82	231
82	237
82	391
82	454
82	473
83	4
83	6
83	21
83	81
83	107
83	133
83	211
83	258
83	265
83	281
83	379
84	227
84	302
84	375
84	381
84	408
84	413
84	447
84	478
84	481
84	483
84	497
85	26
85	325
85	371
85	437
85	438
85	443
85	454
85	460
85	473
85	494
85	498
86	64
86	304
86	372
86	431
86	439
86	442
86	469
86	479
86	491
86	492
86	500
87	143
87	295
87	329
87	353
87	356
87	398
87	408
87	423
87	462
87	467
87	499
88	51
88	236
88	240
88	274
88	339
88	391
88	423
88	428
88	487
88	492
88	499
89	154
89	382
89	390
89	409
89	410
89	439
89	458
89	469
89	485
89	491
89	500
90	132
90	324
90	327
90	343
90	368
90	377
90	380
90	403
90	419
90	434
90	495
91	156
91	162
91	363
91	398
91	410
91	431
91	439
91	458
91	469
91	491
91	500
92	168
92	177
92	222
92	276
92	301
92	317
92	380
92	404
92	414
92	443
92	470
93	216
93	238
93	288
93	330
93	397
93	457
93	462
93	463
93	470
93	484
93	485
94	290
94	317
94	336
94	337
94	346
94	355
94	378
94	400
94	404
94	414
94	443
95	111
95	134
95	265
95	282
95	287
95	316
95	322
95	342
95	355
95	366
95	463
96	176
96	399
96	409
96	426
96	444
96	475
96	477
96	485
96	487
96	488
96	496
97	136
97	193
97	204
97	207
97	213
97	215
97	232
97	245
97	257
97	393
97	482
98	212
98	253
98	273
98	277
98	280
98	306
98	310
98	312
98	393
98	413
98	461
99	22
99	25
99	104
99	109
99	161
99	175
99	179
99	184
99	197
99	225
99	424
99	474
100	5
100	123
100	160
100	268
100	273
100	277
100	280
100	306
100	310
100	312
100	366
100	458
101	180
101	243
101	258
101	337
101	371
101	399
101	405
101	415
101	424
101	444
101	470
101	486
102	115
102	150
102	233
102	270
102	293
102	312
102	348
102	385
102	388
102	389
102	410
102	473
103	172
103	175
103	429
103	444
103	449
103	467
103	475
103	477
103	485
103	487
103	488
103	496
104	8
104	25
104	99
104	109
104	161
104	175
104	184
104	197
104	225
104	347
104	384
104	499
105	48
105	74
105	110
105	159
105	271
105	275
105	330
105	343
105	348
105	405
105	457
105	459
106	245
106	369
106	398
106	422
106	453
106	456
106	463
106	489
106	492
106	493
106	495
106	499
107	19
107	30
107	83
107	195
107	246
107	265
107	281
107	386
107	390
107	457
107	497
107	500
108	7
108	164
108	267
108	332
108	387
108	421
108	427
108	428
108	445
108	459
108	472
108	482
109	72
109	99
109	104
109	161
109	175
109	184
109	197
109	225
109	338
109	426
109	430
109	455
110	72
110	105
110	221
110	286
110	351
110	382
110	410
110	431
110	458
110	469
110	479
110	500
111	95
111	142
111	270
111	309
111	348
111	352
111	357
111	369
111	379
111	385
111	388
111	389
112	120
112	279
112	350
112	406
112	415
112	417
112	436
112	450
112	466
112	494
112	498
112	500
113	134
113	199
113	269
113	282
113	287
113	316
113	322
113	342
113	366
113	434
113	493
113	497
114	171
114	194
114	202
114	258
114	299
114	359
114	424
114	463
114	470
114	471
114	484
114	486
115	102
115	156
115	213
115	233
115	293
115	348
115	352
115	357
115	385
115	388
115	389
115	453
116	145
116	158
116	177
116	332
116	406
116	432
116	437
116	450
116	466
116	468
116	492
116	498
117	262
117	299
117	321
117	369
117	378
117	418
117	428
117	487
117	489
117	492
117	493
117	499
118	167
118	187
118	191
118	318
118	416
118	438
118	440
118	450
118	452
118	459
118	466
118	498
119	141
119	188
119	192
119	272
119	279
119	292
119	304
119	308
119	309
119	463
119	475
119	481
120	2
120	46
120	60
120	71
120	80
120	82
120	112
120	125
120	147
120	231
120	237
120	476
121	163
121	361
121	385
121	412
121	426
121	444
121	475
121	485
121	487
121	488
121	494
121	496
122	6
122	19
122	61
122	81
122	195
122	211
122	246
122	265
122	281
122	346
122	406
122	468
123	100
123	160
123	170
123	273
123	277
123	306
123	310
123	312
123	403
123	424
123	457
123	465
124	132
124	253
124	289
124	346
124	355
124	358
124	378
124	400
124	404
124	414
124	443
124	452
125	57
125	71
125	80
125	82
125	120
125	147
125	151
125	156
125	162
125	231
125	446
125	483
126	2
126	23
126	46
126	57
126	71
126	80
126	147
126	151
126	231
126	237
126	450
126	485
127	32
127	36
127	128
127	135
127	199
127	282
127	287
127	307
127	322
127	342
127	366
127	425
128	20
128	127
128	154
128	200
128	239
128	302
128	325
128	351
128	403
128	407
128	464
128	495
129	8
129	261
129	286
129	290
129	298
129	318
129	401
129	447
129	481
129	483
129	493
129	497
130	52
130	70
130	182
130	185
130	229
130	250
130	264
130	284
130	299
130	309
130	353
130	499
131	63
131	171
131	180
131	207
131	295
131	325
131	356
131	391
131	453
131	489
131	490
131	499
132	28
132	90
132	124
132	239
132	242
132	307
132	403
132	407
132	419
132	447
132	484
132	495
133	83
133	319
133	354
133	362
133	367
133	371
133	399
133	423
133	456
133	492
133	493
133	499
134	95
134	113
134	199
134	282
134	287
134	316
134	342
134	366
134	371
134	408
134	457
134	486
135	32
135	37
135	127
135	282
135	287
135	316
135	322
135	342
135	348
135	366
135	445
135	457
136	32
136	33
136	37
136	82
136	97
136	287
136	316
136	322
136	342
136	366
136	428
136	491
137	148
137	226
137	267
137	374
137	387
137	427
137	433
137	455
137	456
137	459
137	472
137	482
137	486
138	373
138	425
138	445
138	446
138	448
138	467
138	473
138	475
138	483
138	485
138	487
138	488
138	496
139	273
139	377
139	379
139	397
139	416
139	417
139	436
139	437
139	468
139	480
139	494
139	498
139	500
140	45
140	193
140	207
140	213
140	215
140	223
140	232
140	238
140	245
140	257
140	431
140	452
140	457
141	119
141	144
141	188
141	192
141	201
141	279
141	292
141	304
141	308
141	309
141	335
141	429
141	466
142	55
142	76
142	111
142	159
142	233
142	270
142	291
142	348
142	357
142	378
142	385
142	388
142	389
143	8
143	87
143	251
143	293
143	312
143	443
143	453
143	456
143	489
143	490
143	492
143	493
143	499
144	81
144	141
144	182
144	201
144	272
144	279
144	292
144	304
144	308
144	309
144	402
144	435
144	442
145	116
145	357
145	358
145	406
145	424
145	432
145	436
145	452
145	459
145	460
145	480
145	494
145	498
146	153
146	331
146	338
146	383
146	406
146	433
146	437
146	443
146	450
146	460
146	466
146	494
146	498
147	2
147	46
147	53
147	57
147	71
147	80
147	82
147	120
147	125
147	126
147	151
147	168
147	407
148	137
148	336
148	337
148	399
148	405
148	452
148	458
148	463
148	466
148	470
148	471
148	478
148	484
149	152
149	206
149	370
149	379
149	390
149	434
149	435
149	440
149	449
149	451
149	455
149	465
149	476
150	102
150	152
150	176
150	254
150	387
150	393
150	394
150	395
150	459
150	465
150	471
150	472
150	482
151	2
151	33
151	57
151	71
151	80
151	125
151	126
151	147
151	231
151	237
151	315
151	374
151	480
152	149
152	150
152	165
152	352
152	387
152	393
152	394
152	427
152	459
152	472
152	482
152	484
152	489
153	49
153	146
153	215
153	230
153	290
153	323
153	375
153	381
153	419
153	447
153	474
153	481
153	483
154	65
154	89
154	128
154	190
154	285
154	326
154	336
154	399
154	405
154	415
154	457
154	484
154	486
155	271
155	300
155	359
155	383
155	430
155	441
155	457
155	467
155	471
155	478
155	484
155	486
155	499
156	91
156	115
156	125
156	325
156	338
156	432
156	437
156	438
156	452
156	454
156	479
156	494
156	498
157	270
157	271
157	311
157	341
157	351
157	381
157	413
157	446
157	474
157	481
157	482
157	483
157	497
158	116
158	198
158	203
158	238
158	242
158	297
158	318
158	436
158	454
158	464
158	466
158	494
158	498
159	36
159	48
159	67
159	105
159	142
159	243
159	276
159	405
159	424
159	463
159	471
159	486
159	498
160	100
160	123
160	187
160	212
160	268
160	273
160	277
160	306
160	310
160	312
160	368
160	429
160	483
161	22
161	25
161	72
161	99
161	104
161	109
161	175
161	184
161	197
161	225
161	332
161	449
161	495
162	91
162	125
162	163
162	185
162	205
162	214
162	229
162	250
162	258
162	264
162	284
162	299
162	394
163	24
163	121
163	162
163	169
163	224
163	317
163	346
163	355
163	358
163	378
163	414
163	426
163	443
164	108
164	303
164	370
164	383
164	411
164	425
164	435
164	441
164	449
164	455
164	465
164	476
164	490
165	152
165	211
165	271
165	315
165	320
165	339
165	374
165	387
165	394
165	419
165	433
165	459
165	482
166	43
166	174
166	293
166	365
166	375
166	398
166	419
166	446
166	447
166	459
166	474
166	483
166	497
167	22
167	118
167	309
167	397
167	406
167	409
167	432
167	437
167	460
167	468
167	478
167	480
167	494
168	92
168	147
168	378
168	402
168	423
168	435
168	440
168	449
168	451
168	455
168	461
168	465
168	476
169	163
169	193
169	326
169	412
169	415
169	425
169	435
169	440
169	451
169	455
169	461
169	465
169	476
170	123
170	187
170	191
170	212
170	253
170	273
170	277
170	280
170	306
170	310
170	312
170	463
170	498
171	114
171	131
171	275
171	278
171	356
171	386
171	398
171	453
171	475
171	489
171	490
171	493
171	499
172	103
172	190
172	336
172	337
172	390
172	424
172	457
172	462
172	470
172	471
172	477
172	484
172	486
172	495
173	71
173	227
173	239
173	241
173	333
173	372
173	390
173	430
173	441
173	456
173	469
173	479
173	491
173	500
174	166
174	228
174	258
174	298
174	311
174	334
174	375
174	408
174	435
174	457
174	474
174	481
174	483
174	497
175	22
175	25
175	72
175	99
175	103
175	104
175	109
175	161
175	184
175	197
175	225
175	307
175	443
175	470
176	96
176	150
176	212
176	267
176	332
176	339
176	361
176	371
176	394
176	427
176	433
176	472
176	476
176	482
177	92
177	116
177	181
177	224
177	301
177	346
177	358
177	400
177	404
177	414
177	426
177	443
177	444
177	477
178	236
178	295
178	312
178	321
178	329
178	379
178	386
178	391
178	418
178	452
178	489
178	490
178	497
178	499
179	99
179	200
179	220
179	326
179	328
179	368
179	377
179	380
179	387
179	396
179	420
179	445
179	464
179	495
180	69
180	101
180	131
180	295
180	319
180	361
180	367
180	391
180	392
180	422
180	428
180	456
180	493
180	500
181	177
181	222
181	276
181	289
181	321
181	346
181	355
181	388
181	400
181	404
181	414
181	423
181	443
181	451
182	19
182	33
182	130
182	144
182	188
182	202
182	209
182	272
182	279
182	292
182	304
182	308
182	309
182	401
183	317
183	331
183	373
183	403
183	416
183	436
183	438
183	450
183	451
183	452
183	454
183	460
183	480
183	494
184	20
184	22
184	25
184	48
184	72
184	99
184	104
184	109
184	161
184	175
184	197
184	225
184	341
184	498
185	29
185	38
185	70
185	130
185	162
185	214
185	229
185	250
185	258
185	264
185	284
185	299
185	442
185	482
186	198
186	228
186	281
186	319
186	338
186	406
186	421
186	438
186	450
186	460
186	468
186	470
186	480
186	494
187	118
187	160
187	170
187	212
187	253
187	273
187	277
187	280
187	306
187	310
187	312
187	415
187	457
187	464
188	119
188	141
188	182
188	209
188	272
188	279
188	280
188	292
188	304
188	308
188	309
188	355
188	478
188	499
189	232
189	272
189	315
189	387
189	393
189	394
189	395
189	421
189	427
189	459
189	465
189	472
189	482
189	491
190	154
190	172
190	260
190	264
190	300
190	347
190	383
190	401
190	415
190	424
190	457
190	462
190	486
190	491
191	118
191	170
191	224
191	303
191	362
191	375
191	402
191	435
191	440
191	451
191	455
191	461
191	465
191	476
192	2
192	119
192	141
192	198
192	209
192	272
192	279
192	292
192	304
192	308
192	309
192	374
192	478
192	479
193	45
193	97
193	140
193	169
193	204
193	213
193	223
193	238
193	245
193	248
193	257
193	339
193	380
193	408
194	19
194	50
194	114
194	288
194	347
194	349
194	387
194	405
194	424
194	463
194	465
194	470
194	471
194	486
195	4
195	6
195	61
195	81
195	107
195	122
195	211
195	246
195	265
195	281
195	475
195	477
195	480
195	483
196	35
196	307
196	324
196	328
196	377
196	380
196	388
196	407
196	434
196	464
196	476
196	479
196	488
196	495
197	22
197	25
197	61
197	72
197	99
197	104
197	109
197	161
197	175
197	184
197	225
197	264
197	321
197	487
198	25
198	158
198	186
198	192
198	219
198	312
198	318
198	409
198	437
198	438
198	452
198	468
198	473
198	480
199	29
199	113
199	127
199	134
199	247
199	282
199	287
199	316
199	322
199	340
199	342
199	366
199	453
199	474
200	128
200	179
200	242
200	253
200	269
200	302
200	327
200	380
200	396
200	420
200	464
200	466
200	468
200	495
201	21
201	41
201	141
201	144
201	207
201	209
201	272
201	279
201	292
201	304
201	308
201	309
201	353
201	490
202	114
202	182
202	214
202	266
202	324
202	328
202	351
202	368
202	396
202	406
202	420
202	434
202	464
202	495
203	158
203	205
203	300
203	337
203	371
203	410
203	415
203	424
203	455
203	462
203	463
203	470
203	478
203	486
204	45
204	97
204	193
204	207
204	213
204	215
204	223
204	238
204	245
204	257
204	384
204	418
204	451
204	493
204	496
205	38
205	52
205	70
205	162
205	203
205	214
205	229
205	250
205	258
205	264
205	284
205	299
205	374
205	414
205	436
206	77
206	149
206	222
206	252
206	352
206	368
206	370
206	379
206	402
206	440
206	449
206	451
206	461
206	465
206	476
207	1
207	97
207	131
207	140
207	201
207	204
207	213
207	215
207	223
207	232
207	238
207	245
207	257
207	346
207	425
208	224
208	236
208	295
208	297
208	318
208	396
208	397
208	432
208	452
208	454
208	460
208	468
208	473
208	477
208	498
209	41
209	182
209	188
209	192
209	201
209	210
209	246
209	247
209	279
209	292
209	304
209	308
209	309
209	415
209	428
210	209
210	243
210	289
210	311
210	330
210	336
210	343
210	359
210	365
210	424
210	462
210	463
210	478
210	484
210	486
211	4
211	19
211	30
211	61
211	81
211	83
211	122
211	165
211	195
211	246
211	251
211	265
211	281
211	401
211	409
212	75
212	98
212	160
212	170
212	176
212	187
212	253
212	273
212	280
212	306
212	310
212	312
212	315
212	410
212	496
213	97
213	115
213	140
213	193
213	204
213	207
213	215
213	223
213	232
213	238
213	245
213	257
213	298
213	427
213	439
214	38
214	162
214	185
214	202
214	205
214	229
214	250
214	258
214	264
214	284
214	299
214	353
214	385
214	418
214	481
215	97
215	140
215	153
215	204
215	207
215	213
215	223
215	232
215	238
215	245
215	257
215	358
215	372
215	427
215	458
216	93
216	254
216	330
216	371
216	375
216	383
216	406
216	457
216	462
216	464
216	470
216	478
216	483
216	484
216	486
217	52
217	240
217	354
217	362
217	364
217	386
217	417
217	418
217	422
217	467
217	489
217	491
217	492
217	493
217	494
218	42
218	231
218	317
218	318
218	406
218	409
218	438
218	450
218	460
218	466
218	473
218	480
218	493
218	494
218	498
219	198
219	344
219	429
219	441
219	442
219	448
219	454
219	467
219	475
219	477
219	480
219	485
219	487
219	488
219	496
220	179
220	239
220	302
220	307
220	320
220	328
220	330
220	368
220	380
220	396
220	413
220	464
220	478
220	483
220	495
221	110
221	225
221	277
221	305
221	370
221	390
221	430
221	439
221	442
221	458
221	479
221	481
221	491
221	494
221	500
222	47
222	92
222	181
222	206
222	248
222	276
222	317
222	355
222	378
222	401
222	404
222	414
222	420
222	443
222	446
223	45
223	140
223	193
223	204
223	207
223	213
223	215
223	228
223	232
223	235
223	238
223	245
223	257
223	408
223	484
224	163
224	177
224	191
224	208
224	289
224	301
224	346
224	355
224	356
224	378
224	400
224	404
224	406
224	417
224	443
225	22
225	25
225	72
225	99
225	104
225	109
225	161
225	175
225	184
225	197
225	221
225	274
225	352
225	386
225	431
226	137
226	332
226	337
226	350
226	374
226	394
226	395
226	419
226	421
226	422
226	427
226	433
226	472
226	482
226	500
227	84
227	173
227	296
227	382
227	384
227	390
227	431
227	441
227	442
227	458
227	467
227	474
227	479
227	491
227	500
228	48
228	174
228	186
228	223
228	293
228	331
228	333
228	397
228	417
228	432
228	452
228	454
228	473
228	480
228	498
229	38
229	130
229	162
229	185
229	205
229	214
229	250
229	258
229	264
229	284
229	299
229	326
229	482
229	485
229	492
230	153
230	233
230	247
230	251
230	261
230	354
230	356
230	418
230	423
230	428
230	456
230	459
230	489
230	493
230	499
231	2
231	46
231	57
231	71
231	80
231	82
231	120
231	125
231	126
231	151
231	218
231	237
231	290
231	387
231	389
232	45
232	97
232	140
232	189
232	207
232	213
232	215
232	223
232	238
232	245
232	257
232	383
232	422
232	452
232	467
233	55
233	66
233	102
233	115
233	142
233	230
233	270
233	288
233	352
233	357
233	358
233	364
233	385
233	388
233	389
234	75
234	358
234	361
234	365
234	375
234	381
234	383
234	401
234	408
234	419
234	423
234	446
234	474
234	481
234	496
234	497
235	59
235	223
235	251
235	354
235	362
235	391
235	398
235	422
235	433
235	480
235	486
235	489
235	490
235	492
235	498
235	499
236	88
236	178
236	208
236	251
236	264
236	295
236	382
236	392
236	418
236	436
236	453
236	462
236	489
236	490
236	493
236	499
237	2
237	46
237	57
237	71
237	80
237	82
237	120
237	126
237	151
237	231
237	297
237	307
237	311
237	472
237	489
237	492
238	45
238	93
238	140
238	158
238	193
238	204
238	207
238	213
238	215
238	223
238	232
238	245
238	252
238	257
238	273
238	480
239	23
239	35
239	57
239	128
239	132
239	173
239	220
239	269
239	274
239	351
239	380
239	407
239	428
239	434
239	478
239	495
240	59
240	88
240	217
240	242
240	305
240	319
240	356
240	364
240	386
240	392
240	440
240	463
240	465
240	490
240	492
240	493
241	17
241	173
241	313
241	384
241	418
241	429
241	444
241	445
241	448
241	465
241	467
241	475
241	487
241	488
241	493
241	496
242	132
242	158
242	200
242	240
242	269
242	328
242	377
242	396
242	407
242	420
242	434
242	439
242	464
242	473
242	495
242	500
243	101
243	159
243	210
243	275
243	303
243	313
243	334
243	354
243	383
243	399
243	457
243	462
243	463
243	478
243	486
243	494
244	58
244	274
244	285
244	347
244	360
244	363
244	365
244	382
244	390
244	393
244	430
244	441
244	450
244	458
244	491
244	500
245	56
245	97
245	106
245	140
245	193
245	204
245	207
245	213
245	215
245	223
245	232
245	238
245	257
245	352
245	373
245	434
246	6
246	19
246	30
246	61
246	81
246	107
246	122
246	195
246	209
246	211
246	265
246	281
246	334
246	367
246	404
246	448
247	199
247	209
247	230
247	345
247	347
247	412
247	414
247	426
247	445
247	446
247	448
247	467
247	477
247	485
247	487
247	496
248	6
248	43
248	47
248	193
248	222
248	276
248	289
248	308
248	355
248	378
248	386
248	400
248	404
248	414
248	443
248	479
249	15
249	23
249	58
249	262
249	269
249	283
249	307
249	342
249	377
249	380
249	396
249	403
249	410
249	434
249	464
249	466
249	495
250	52
250	70
250	130
250	162
250	185
250	205
250	214
250	229
250	254
250	258
250	264
250	284
250	299
250	341
250	440
250	492
250	496
251	143
251	211
251	230
251	235
251	236
251	262
251	350
251	364
251	378
251	398
251	407
251	423
251	428
251	453
251	484
251	489
251	499
252	37
252	61
252	206
252	238
252	340
252	371
252	379
252	380
252	411
252	425
252	435
252	440
252	449
252	455
252	461
252	465
252	476
253	5
253	98
253	124
253	170
253	187
253	200
253	212
253	273
253	277
253	280
253	306
253	310
253	312
253	408
253	415
253	463
253	488
254	150
254	216
254	250
254	268
254	303
254	323
254	341
254	365
254	381
254	408
254	419
254	446
254	447
254	474
254	483
254	492
254	497
255	51
255	313
255	369
255	373
255	384
255	392
255	397
255	445
255	448
255	462
255	467
255	477
255	481
255	485
255	487
255	488
255	496
256	58
256	59
256	283
256	356
256	367
256	373
256	387
256	391
256	418
256	428
256	453
256	456
256	486
256	489
256	492
256	493
256	499
257	45
257	97
257	140
257	193
257	204
257	207
257	213
257	215
257	223
257	232
257	238
257	245
257	287
257	289
257	294
257	440
257	470
258	38
258	52
258	70
258	83
258	101
258	114
258	162
258	174
258	185
258	205
258	214
258	229
258	250
258	264
258	284
258	299
258	494
259	295
259	321
259	336
259	353
259	362
259	364
259	378
259	382
259	391
259	401
259	407
259	422
259	423
259	456
259	489
259	490
259	492
260	190
260	337
260	338
260	349
260	371
260	408
260	413
260	424
260	456
260	457
260	463
260	470
260	471
260	478
260	483
260	484
260	486
261	40
261	129
261	230
261	321
261	328
261	330
261	339
261	353
261	354
261	364
261	377
261	391
261	456
261	490
261	492
261	493
261	499
262	117
262	249
262	251
262	281
262	356
262	386
262	416
262	423
262	449
262	453
262	456
262	470
262	485
262	489
262	492
262	493
262	499
263	41
263	44
263	80
263	278
263	314
263	363
263	379
263	402
263	411
263	435
263	449
263	451
263	455
263	461
263	462
263	465
263	476
264	52
264	70
264	130
264	162
264	185
264	190
264	197
264	205
264	214
264	229
264	236
264	250
264	258
264	265
264	284
264	299
264	468
265	4
265	6
265	19
265	30
265	81
265	83
265	95
265	107
265	122
265	195
265	211
265	246
265	264
265	274
265	276
265	281
265	372
266	39
266	65
266	67
266	202
266	286
266	288
266	322
266	356
266	399
266	405
266	424
266	441
266	457
266	462
266	463
266	470
266	471
267	3
267	108
267	137
267	176
267	286
267	315
267	354
267	361
267	374
267	395
267	402
267	427
267	459
267	472
267	482
267	494
267	500
268	100
268	160
268	254
268	291
268	365
268	375
268	376
268	390
268	398
268	401
268	408
268	446
268	474
268	481
268	483
268	488
268	497
269	15
269	113
269	200
269	239
269	242
269	249
269	306
269	307
269	377
269	403
269	407
269	434
269	438
269	446
269	464
269	479
269	495
270	66
270	102
270	111
270	142
270	157
270	233
270	293
270	320
270	348
270	352
270	357
270	385
270	388
270	389
270	400
270	409
270	488
271	6
271	105
271	155
271	157
271	165
271	275
271	330
271	349
271	370
271	371
271	405
271	415
271	441
271	457
271	462
271	470
271	484
272	10
272	41
272	119
272	144
272	182
272	188
272	189
272	192
272	201
272	279
272	292
272	304
272	308
272	309
272	338
272	450
272	477
272	497
273	98
273	100
273	123
273	139
273	160
273	170
273	187
273	212
273	238
273	253
273	277
273	280
273	296
273	306
273	310
273	312
273	377
273	448
274	31
274	49
274	88
274	225
274	239
274	244
274	265
274	296
274	360
274	441
274	442
274	458
274	469
274	476
274	479
274	491
274	496
274	500
275	38
275	105
275	171
275	243
275	271
275	300
275	330
275	337
275	359
275	375
275	399
275	457
275	463
275	465
275	471
275	478
275	479
275	484
276	24
276	92
276	159
276	181
276	222
276	248
276	265
276	289
276	317
276	318
276	322
276	378
276	386
276	400
276	402
276	404
276	414
276	443
277	5
277	98
277	100
277	123
277	160
277	170
277	187
277	221
277	253
277	273
277	280
277	283
277	306
277	310
277	312
277	399
277	401
277	459
278	34
278	171
278	263
278	301
278	314
278	370
278	379
278	402
278	411
278	425
278	435
278	449
278	455
278	461
278	465
278	474
278	476
278	481
279	112
279	119
279	141
279	144
279	182
279	188
279	192
279	201
279	209
279	272
279	292
279	304
279	308
279	309
279	330
279	339
279	482
279	497
280	5
280	98
280	100
280	170
280	187
280	188
280	212
280	253
280	273
280	277
280	289
280	306
280	310
280	312
280	355
280	363
280	413
280	438
281	4
281	6
281	30
281	61
281	81
281	83
281	107
281	122
281	186
281	195
281	211
281	246
281	262
281	265
281	311
281	316
281	382
281	424
282	33
282	34
282	37
282	95
282	113
282	127
282	134
282	135
282	199
282	287
282	316
282	322
282	324
282	342
282	366
282	406
282	443
282	468
283	39
283	249
283	256
283	277
283	345
283	369
283	384
283	444
283	445
283	448
283	467
283	475
283	485
283	486
283	487
283	488
283	495
283	496
284	38
284	52
284	70
284	130
284	162
284	185
284	205
284	214
284	229
284	250
284	258
284	264
284	299
284	350
284	360
284	453
284	473
284	476
285	12
285	28
285	42
285	60
285	154
285	244
285	330
285	333
285	363
285	382
285	410
285	439
285	442
285	462
285	469
285	479
285	491
285	500
286	110
286	129
286	266
286	267
286	298
286	334
286	375
286	401
286	408
286	418
286	419
286	446
286	447
286	469
286	474
286	481
286	483
286	497
287	29
287	37
287	95
287	113
287	127
287	134
287	135
287	136
287	199
287	257
287	282
287	310
287	316
287	322
287	342
287	343
287	366
287	491
287	493
288	39
288	93
288	194
288	233
288	266
288	337
288	339
288	343
288	371
288	399
288	415
288	420
288	436
288	463
288	468
288	470
288	478
288	484
288	486
289	57
289	124
289	181
289	210
289	224
289	248
289	257
289	276
289	280
289	291
289	301
289	317
289	355
289	358
289	400
289	404
289	414
289	443
289	450
290	65
290	94
290	129
290	153
290	231
290	310
290	323
290	341
290	376
290	381
290	401
290	408
290	419
290	437
290	446
290	474
290	481
290	483
290	497
291	142
291	268
291	289
291	298
291	323
291	331
291	375
291	381
291	393
291	413
291	419
291	446
291	447
291	452
291	458
291	474
291	481
291	483
291	497
292	41
292	119
292	141
292	144
292	182
292	188
292	192
292	201
292	209
292	272
292	279
292	304
292	308
292	309
292	327
292	332
292	345
292	432
292	490
293	14
293	18
293	44
293	55
293	102
293	115
293	143
293	166
293	228
293	270
293	344
293	348
293	352
293	357
293	385
293	388
293	389
293	410
293	444
294	10
294	257
294	307
294	315
294	321
294	332
294	336
294	339
294	361
294	393
294	394
294	395
294	399
294	421
294	427
294	433
294	459
294	482
294	483
295	51
295	87
295	131
295	178
295	180
295	208
295	236
295	259
295	386
295	387
295	392
295	398
295	422
295	424
295	456
295	488
295	490
295	493
295	496
296	227
296	273
296	274
296	297
296	308
296	363
296	390
296	391
296	410
296	430
296	431
296	439
296	441
296	445
296	458
296	469
296	479
296	490
296	491
297	158
297	208
297	237
297	296
297	298
297	313
297	350
297	409
297	416
297	417
297	432
297	437
297	460
297	466
297	468
297	480
297	489
297	494
297	498
298	129
298	174
298	213
298	286
298	291
298	297
298	311
298	376
298	401
298	408
298	411
298	427
298	446
298	447
298	460
298	474
298	481
298	483
298	497
299	38
299	52
299	70
299	114
299	117
299	130
299	162
299	185
299	205
299	214
299	229
299	250
299	258
299	264
299	284
299	323
299	342
299	496
299	498
300	73
300	155
300	190
300	203
300	275
300	330
300	389
300	405
300	424
300	445
300	451
300	461
300	462
300	470
300	471
300	478
300	486
300	494
300	495
301	43
301	47
301	68
301	92
301	177
301	224
301	278
301	289
301	308
301	313
301	346
301	355
301	358
301	378
301	400
301	404
301	411
301	443
301	497
302	21
302	69
302	84
302	128
302	200
302	220
302	304
302	307
302	351
302	359
302	380
302	385
302	396
302	403
302	407
302	411
302	434
302	464
302	495
303	164
303	191
303	243
303	254
303	326
303	340
303	363
303	411
303	425
303	435
303	440
303	449
303	451
303	455
303	461
303	462
303	465
303	472
303	476
303	490
304	26
304	41
304	86
304	119
304	141
304	144
304	182
304	188
304	192
304	201
304	209
304	272
304	279
304	292
304	302
304	308
304	309
304	354
304	392
304	490
305	221
305	240
305	321
305	335
305	340
305	360
305	364
305	369
305	382
305	390
305	410
305	430
305	431
305	441
305	442
305	458
305	469
305	479
305	486
305	500
306	5
306	98
306	100
306	123
306	160
306	170
306	187
306	212
306	253
306	269
306	273
306	277
306	280
306	310
306	312
306	377
306	381
306	434
306	437
306	439
307	69
307	74
307	127
307	132
307	175
307	196
307	220
307	237
307	249
307	269
307	294
307	302
307	320
307	380
307	396
307	407
307	420
307	424
307	434
307	460
308	41
308	119
308	141
308	144
308	182
308	188
308	192
308	201
308	209
308	248
308	272
308	279
308	292
308	296
308	301
308	304
308	309
308	456
308	471
308	497
309	41
309	111
309	119
309	130
309	141
309	144
309	167
309	182
309	188
309	192
309	201
309	209
309	272
309	279
309	292
309	304
309	308
309	337
309	464
309	479
310	5
310	23
310	98
310	100
310	123
310	160
310	170
310	187
310	212
310	253
310	273
310	277
310	280
310	287
310	290
310	306
310	312
310	370
310	471
310	495
311	53
311	75
311	157
311	174
311	210
311	237
311	281
311	298
311	365
311	381
311	408
311	413
311	446
311	459
311	474
311	476
311	481
311	483
311	497
311	499
312	5
312	98
312	100
312	102
312	123
312	143
312	160
312	170
312	178
312	187
312	198
312	212
312	253
312	273
312	277
312	280
312	306
312	310
312	316
312	412
313	66
313	241
313	243
313	255
313	297
313	301
313	347
313	409
313	412
313	426
313	444
313	445
313	448
313	467
313	474
313	475
313	477
313	487
313	488
313	496
314	74
314	263
314	278
314	318
314	326
314	340
314	365
314	368
314	379
314	402
314	411
314	435
314	449
314	451
314	455
314	461
314	465
314	470
314	476
314	480
315	54
315	151
315	165
315	189
315	212
315	267
315	294
315	332
315	339
315	374
315	387
315	393
315	418
315	427
315	433
315	459
315	470
315	472
315	482
315	496
316	29
316	32
316	33
316	95
316	113
316	134
316	135
316	136
316	199
316	281
316	282
316	287
316	312
316	322
316	342
316	357
316	366
316	435
316	441
316	471
317	92
317	94
317	163
317	183
317	218
317	222
317	276
317	289
317	318
317	321
317	322
317	346
317	355
317	358
317	378
317	400
317	404
317	414
317	443
317	473
318	118
318	129
318	158
318	198
318	208
318	218
318	276
318	314
318	317
318	331
318	356
318	404
318	406
318	409
318	432
318	438
318	454
318	466
318	468
318	473
319	3
319	133
319	180
319	186
319	240
319	329
319	362
319	364
319	367
319	375
319	398
319	400
319	428
319	439
319	451
319	453
319	456
319	490
319	492
319	493
320	65
320	74
320	165
320	220
320	270
320	307
320	324
320	351
320	368
320	377
320	380
320	396
320	403
320	411
320	413
320	420
320	428
320	434
320	464
320	495
321	1
321	117
321	178
321	181
321	197
321	259
321	261
321	294
321	305
321	317
321	354
321	356
321	362
321	364
321	386
321	418
321	428
321	448
321	456
321	499
322	29
322	33
322	37
322	95
322	113
322	127
322	135
322	136
322	199
322	266
322	276
322	282
322	287
322	316
322	317
322	342
322	366
322	386
322	410
322	497
323	16
323	77
323	153
323	254
323	290
323	291
323	299
323	334
323	336
323	381
323	407
323	408
323	419
323	430
323	447
323	474
323	481
323	483
323	489
323	497
324	25
324	69
324	90
324	196
324	202
324	282
324	320
324	328
324	334
324	351
324	380
324	396
324	403
324	407
324	420
324	454
324	464
324	477
324	492
324	495
325	20
325	85
325	128
325	131
325	156
325	327
325	349
325	365
325	380
325	397
325	409
325	416
325	432
325	436
325	438
325	450
325	454
325	480
325	486
325	494
326	12
326	154
326	169
326	179
326	229
326	303
326	314
326	340
326	402
326	425
326	429
326	435
326	440
326	449
326	451
326	455
326	461
326	465
326	476
326	486
327	90
327	200
327	292
327	325
327	338
327	350
327	391
327	397
327	406
327	409
327	436
327	452
327	454
327	458
327	460
327	468
327	473
327	489
327	494
327	498
328	23
328	74
328	179
328	196
328	202
328	220
328	242
328	261
328	324
328	340
328	368
328	396
328	398
328	403
328	406
328	420
328	464
328	495
328	496
328	497
329	21
329	24
329	87
329	178
329	319
329	356
329	362
329	364
329	367
329	393
329	422
329	423
329	433
329	447
329	450
329	453
329	490
329	492
329	498
329	499
330	93
330	105
330	210
330	216
330	220
330	261
330	271
330	275
330	279
330	285
330	300
330	336
330	349
330	371
330	383
330	386
330	410
330	457
330	471
330	484
330	486
331	16
331	55
331	146
331	183
331	228
331	291
331	318
331	350
331	366
331	368
331	406
331	432
331	436
331	452
331	454
331	460
331	469
331	473
331	480
331	494
331	498
332	56
332	108
332	116
332	161
332	176
332	226
332	292
332	294
332	315
332	339
332	361
332	387
332	394
332	395
332	400
332	411
332	421
332	427
332	433
332	481
332	482
333	173
333	228
333	285
333	343
333	360
333	363
333	372
333	376
333	410
333	430
333	431
333	432
333	441
333	442
333	458
333	469
333	470
333	479
333	491
333	495
333	500
334	174
334	243
334	246
334	286
334	323
334	324
334	340
334	341
334	365
334	370
334	375
334	401
334	408
334	413
334	419
334	443
334	447
334	469
334	474
334	483
334	497
335	11
335	42
335	49
335	63
335	141
335	305
335	343
335	362
335	372
335	382
335	390
335	410
335	419
335	430
335	431
335	442
335	462
335	469
335	479
335	491
335	500
336	94
336	148
336	154
336	172
336	210
336	259
336	294
336	323
336	330
336	349
336	371
336	396
336	405
336	415
336	446
336	462
336	463
336	470
336	471
336	478
336	491
337	67
337	94
337	101
337	148
337	172
337	203
337	226
337	260
337	275
337	288
337	309
337	371
337	399
337	415
337	425
337	446
337	462
337	470
337	471
337	478
337	498
338	15
338	20
338	109
338	146
338	156
338	186
338	260
338	272
338	327
338	366
338	381
338	406
338	417
338	438
338	450
338	452
338	454
338	466
338	468
338	473
338	498
339	10
339	27
339	88
339	165
339	176
339	193
339	261
339	279
339	288
339	294
339	315
339	332
339	361
339	393
339	410
339	421
339	427
339	433
339	459
339	474
339	482
340	199
340	252
340	303
340	305
340	314
340	326
340	328
340	334
340	370
340	379
340	411
340	425
340	435
340	449
340	451
340	455
340	461
340	465
340	476
340	491
340	499
341	48
341	157
341	184
341	250
341	254
341	290
341	334
341	344
341	351
341	376
341	390
341	401
341	408
341	413
341	419
341	446
341	447
341	474
341	481
341	483
341	495
341	497
342	29
342	32
342	33
342	56
342	95
342	113
342	127
342	134
342	135
342	136
342	199
342	249
342	282
342	287
342	299
342	316
342	322
342	362
342	366
342	444
342	454
342	469
343	4
343	50
343	67
343	73
343	77
343	90
343	105
343	210
343	287
343	288
343	333
343	335
343	383
343	399
343	424
343	457
343	462
343	463
343	468
343	470
343	478
343	482
344	2
344	15
344	219
344	293
344	341
344	347
344	373
344	374
344	384
344	412
344	429
344	444
344	445
344	460
344	467
344	469
344	475
344	477
344	485
344	487
344	488
344	496
345	247
345	283
345	292
345	364
345	368
345	369
345	372
345	376
345	412
345	426
345	429
345	435
345	444
345	445
345	448
345	450
345	467
345	477
345	485
345	487
345	488
345	496
346	43
346	94
346	122
346	124
346	163
346	177
346	181
346	207
346	224
346	301
346	317
346	358
346	372
346	378
346	400
346	404
346	414
346	431
346	443
346	448
346	470
346	487
347	104
347	190
347	194
347	244
347	247
347	313
347	344
347	355
347	373
347	384
347	426
347	444
347	445
347	448
347	461
347	467
347	475
347	477
347	485
347	487
347	488
347	496
348	18
348	55
348	66
348	76
348	102
348	105
348	111
348	115
348	135
348	142
348	270
348	293
348	352
348	357
348	368
348	376
348	385
348	388
348	389
348	428
348	430
348	464
349	50
349	73
349	77
349	194
349	260
349	271
349	325
349	330
349	336
349	359
349	368
349	371
349	376
349	414
349	415
349	439
349	442
349	457
349	461
349	463
349	471
349	484
350	25
350	79
350	112
350	226
350	251
350	284
350	297
350	327
350	331
350	366
350	379
350	384
350	416
350	417
350	436
350	438
350	450
350	466
350	468
350	473
350	494
350	498
351	2
351	22
351	28
351	35
351	58
351	110
351	128
351	157
351	202
351	239
351	302
351	320
351	324
351	341
351	368
351	377
351	395
351	403
351	407
351	420
351	464
351	495
352	14
352	18
352	44
352	76
352	111
352	115
352	152
352	206
352	225
352	233
352	245
352	270
352	293
352	348
352	357
352	367
352	385
352	388
352	389
352	403
352	451
352	484
353	59
353	87
353	130
353	201
353	214
353	259
353	261
353	362
353	367
353	391
353	398
353	418
353	422
353	446
353	453
353	455
353	456
353	458
353	477
353	489
353	492
353	499
354	59
354	133
354	217
354	230
354	235
354	243
354	261
354	267
354	304
354	321
354	391
354	392
354	394
354	425
354	428
354	437
354	453
354	472
354	489
354	490
354	492
354	493
354	499
355	94
355	95
355	124
355	163
355	181
355	188
355	222
355	224
355	248
355	280
355	289
355	301
355	317
355	347
355	358
355	378
355	400
355	404
355	414
355	417
355	443
355	475
355	479
356	53
356	71
356	87
356	131
356	171
356	224
356	230
356	240
356	256
356	262
356	266
356	318
356	321
356	329
356	360
356	362
356	386
356	413
356	418
356	423
356	428
356	489
356	493
357	1
357	14
357	18
357	44
357	55
357	66
357	76
357	111
357	115
357	142
357	145
357	233
357	270
357	293
357	316
357	348
357	352
357	360
357	385
357	388
357	389
357	392
357	455
358	24
358	43
358	47
358	124
358	145
358	163
358	177
358	215
358	233
358	234
358	289
358	301
358	317
358	346
358	355
358	378
358	400
358	404
358	414
358	442
358	443
358	469
358	493
359	15
359	48
359	67
359	114
359	155
359	210
359	275
359	302
359	349
359	383
359	405
359	415
359	418
359	424
359	436
359	454
359	458
359	462
359	463
359	478
359	484
359	486
359	494
360	54
360	70
360	244
360	274
360	284
360	305
360	333
360	356
360	357
360	381
360	382
360	384
360	410
360	423
360	430
360	431
360	439
360	441
360	442
360	469
360	479
360	491
360	500
361	3
361	28
361	60
361	121
361	176
361	180
361	234
361	267
361	294
361	332
361	339
361	374
361	387
361	391
361	393
361	394
361	395
361	427
361	433
361	459
361	460
361	472
361	482
361	493
362	21
362	51
362	133
362	191
362	217
362	235
362	259
362	319
362	321
362	329
362	335
362	342
362	353
362	356
362	367
362	386
362	429
362	443
362	453
362	469
362	475
362	490
362	492
362	499
363	11
363	40
363	91
363	244
363	263
363	280
363	285
363	296
363	303
363	333
363	372
363	408
363	430
363	431
363	435
363	439
363	441
363	442
363	458
363	469
363	474
363	479
363	491
363	500
364	32
364	59
364	217
364	233
364	240
364	251
364	259
364	261
364	305
364	319
364	321
364	329
364	345
364	383
364	418
364	420
364	423
364	428
364	453
364	456
364	489
364	490
364	492
364	497
365	8
365	53
365	166
365	210
365	234
365	244
365	254
365	268
365	311
365	314
365	325
365	334
365	375
365	376
365	401
365	402
365	408
365	413
365	447
365	470
365	481
365	483
365	491
365	497
366	3
366	29
366	32
366	33
366	37
366	95
366	100
366	113
366	127
366	134
366	135
366	136
366	199
366	282
366	287
366	316
366	322
366	331
366	338
366	342
366	350
366	369
366	412
366	453
367	1
367	5
367	133
367	180
367	246
367	256
367	319
367	329
367	352
367	353
367	362
367	377
367	392
367	398
367	405
367	422
367	423
367	428
367	432
367	450
367	490
367	492
367	493
367	499
368	23
368	28
368	69
368	90
368	160
368	179
368	202
368	206
368	220
368	314
368	320
368	328
368	331
368	345
368	348
368	349
368	351
368	377
368	396
368	403
368	407
368	434
368	464
368	495
369	34
369	63
369	106
369	111
369	117
369	255
369	283
369	305
369	345
369	366
369	373
369	375
369	429
369	444
369	445
369	448
369	467
369	475
369	477
369	485
369	487
369	488
369	495
369	496
370	5
370	7
370	79
370	149
370	164
370	206
370	221
370	271
370	278
370	310
370	334
370	340
370	375
370	379
370	402
370	425
370	435
370	440
370	445
370	449
370	451
370	455
370	461
370	465
370	476
371	35
371	85
371	101
371	133
371	134
371	176
371	203
371	216
371	252
371	260
371	271
371	288
371	330
371	336
371	337
371	349
371	372
371	405
371	415
371	462
371	463
371	470
371	478
371	484
371	486
372	31
372	86
372	173
372	215
372	265
372	333
372	335
372	345
372	346
372	363
372	371
372	390
372	410
372	424
372	430
372	431
372	439
372	441
372	442
372	447
372	458
372	469
372	479
372	491
372	500
373	24
373	138
373	183
373	245
373	255
373	256
373	344
373	347
373	369
373	384
373	412
373	426
373	427
373	429
373	435
373	444
373	445
373	448
373	467
373	475
373	477
373	485
373	488
373	494
373	496
374	3
374	17
374	36
374	56
374	137
374	151
374	165
374	192
374	205
374	226
374	267
374	315
374	344
374	361
374	394
374	395
374	421
374	427
374	433
374	459
374	463
374	472
374	477
374	482
374	497
375	41
375	84
375	153
375	166
375	174
375	191
375	216
375	234
375	268
375	275
375	286
375	291
375	319
375	334
375	365
375	369
375	370
375	413
375	419
375	446
375	447
375	474
375	481
375	483
375	497
376	53
376	268
376	290
376	298
376	333
376	341
376	345
376	348
376	349
376	365
376	378
376	381
376	388
376	401
376	408
376	413
376	419
376	446
376	447
376	474
376	479
376	481
376	483
376	490
376	497
377	23
377	42
377	58
377	90
377	139
377	179
377	196
377	242
377	249
377	261
377	269
377	273
377	306
377	320
377	351
377	367
377	368
377	396
377	407
377	413
377	420
377	434
377	464
377	482
377	495
378	43
378	94
378	117
378	124
378	142
378	163
378	168
378	222
378	224
378	248
378	251
378	259
378	276
378	301
378	317
378	346
378	355
378	358
378	376
378	379
378	388
378	400
378	404
378	414
378	443
379	83
379	111
379	139
379	149
379	178
379	206
379	252
379	263
379	278
379	314
379	340
379	350
379	370
379	378
379	402
379	411
379	425
379	435
379	440
379	449
379	451
379	455
379	458
379	461
379	465
379	476
380	15
380	78
380	90
380	92
380	179
380	193
380	196
380	200
380	220
380	239
380	249
380	252
380	302
380	307
380	320
380	324
380	325
380	396
380	403
380	407
380	418
380	420
380	434
380	455
380	476
380	495
381	10
381	39
381	84
381	153
381	157
381	234
381	254
381	290
381	291
381	306
381	311
381	323
381	338
381	360
381	376
381	389
381	401
381	408
381	413
381	446
381	452
381	471
381	474
381	481
381	483
381	497
382	40
382	49
382	54
382	61
382	75
382	89
382	110
382	227
382	236
382	244
382	259
382	281
382	285
382	305
382	335
382	360
382	410
382	426
382	430
382	436
382	439
382	441
382	469
382	479
382	491
382	500
383	41
383	54
383	67
383	146
383	155
383	164
383	190
383	216
383	232
383	234
383	243
383	330
383	343
383	359
383	364
383	399
383	405
383	424
383	452
383	457
383	463
383	470
383	471
383	478
383	484
383	486
384	62
384	104
384	204
384	227
384	241
384	255
384	283
384	344
384	347
384	350
384	360
384	373
384	398
384	412
384	426
384	444
384	445
384	448
384	467
384	475
384	477
384	478
384	485
384	487
384	488
384	496
385	14
385	18
385	44
385	55
385	66
385	73
385	76
385	102
385	111
385	115
385	121
385	142
385	214
385	233
385	270
385	293
385	302
385	348
385	352
385	357
385	388
385	389
385	395
385	421
385	437
385	438
386	46
386	107
386	171
386	178
386	217
386	225
386	240
386	248
386	262
386	276
386	295
386	321
386	322
386	330
386	356
386	362
386	392
386	423
386	437
386	453
386	456
386	489
386	490
386	492
386	493
386	499
387	10
387	47
387	60
387	108
387	137
387	150
387	152
387	165
387	179
387	189
387	194
387	231
387	256
387	295
387	315
387	332
387	361
387	393
387	395
387	412
387	421
387	433
387	459
387	472
387	482
387	485
388	14
388	18
388	44
388	55
388	59
388	66
388	76
388	102
388	111
388	115
388	142
388	181
388	196
388	233
388	270
388	293
388	348
388	352
388	357
388	376
388	378
388	385
388	389
388	449
388	466
388	484
389	13
389	14
389	18
389	44
389	55
389	66
389	76
389	102
389	111
389	115
389	142
389	231
389	233
389	270
389	293
389	300
389	348
389	352
389	357
389	381
389	385
389	388
389	455
389	461
389	470
389	490
390	68
390	89
390	107
390	149
390	172
390	173
390	221
390	227
390	244
390	268
390	296
390	305
390	335
390	341
390	372
390	431
390	432
390	433
390	441
390	442
390	458
390	460
390	469
390	479
390	491
390	500
391	26
391	82
391	88
391	131
391	178
391	180
391	235
391	256
391	259
391	261
391	296
391	327
391	353
391	354
391	361
391	392
391	422
391	426
391	428
391	437
391	442
391	453
391	467
391	489
391	492
391	493
391	499
392	1
392	26
392	51
392	180
392	236
392	240
392	255
392	295
392	304
392	354
392	357
392	367
392	386
392	391
392	398
392	414
392	420
392	421
392	422
392	428
392	437
392	451
392	456
392	487
392	489
392	492
392	493
393	10
393	36
393	60
393	97
393	98
393	150
393	152
393	189
393	244
393	291
393	294
393	315
393	329
393	339
393	361
393	387
393	394
393	395
393	396
393	421
393	427
393	433
393	459
393	469
393	471
393	472
393	482
394	10
394	36
394	56
394	60
394	150
394	152
394	162
394	165
394	176
394	189
394	226
394	294
394	332
394	354
394	361
394	374
394	393
394	397
394	416
394	421
394	432
394	441
394	459
394	461
394	472
394	482
394	494
395	10
395	17
395	27
395	31
395	60
395	68
395	70
395	150
395	189
395	226
395	267
395	294
395	332
395	351
395	361
395	374
395	385
395	387
395	393
395	416
395	421
395	426
395	427
395	459
395	472
395	473
395	482
396	179
396	200
396	202
396	208
396	220
396	242
396	249
396	302
396	307
396	320
396	324
396	328
396	336
396	368
396	377
396	380
396	393
396	403
396	407
396	420
396	444
396	461
396	463
396	464
396	493
396	495
396	497
397	12
397	66
397	93
397	139
397	167
397	208
397	228
397	255
397	325
397	327
397	394
397	401
397	409
397	416
397	417
397	437
397	438
397	450
397	452
397	460
397	466
397	468
397	472
397	473
397	486
397	494
397	498
398	80
398	87
398	91
398	106
398	166
398	171
398	235
398	251
398	268
398	295
398	319
398	328
398	353
398	367
398	384
398	392
398	418
398	422
398	423
398	428
398	453
398	456
398	479
398	487
398	489
398	490
398	493
399	50
399	77
399	96
399	101
399	133
399	148
399	154
399	243
399	266
399	275
399	277
399	288
399	294
399	337
399	343
399	383
399	424
399	448
399	452
399	457
399	461
399	462
399	463
399	470
399	471
399	486
399	499
400	24
400	47
400	94
400	124
400	177
400	181
400	224
400	248
400	270
400	276
400	289
400	301
400	317
400	319
400	332
400	346
400	355
400	358
400	378
400	403
400	404
400	414
400	443
400	462
400	463
400	475
400	498
401	8
401	129
401	182
401	190
401	211
401	222
401	234
401	259
401	268
401	277
401	286
401	290
401	298
401	334
401	341
401	365
401	376
401	381
401	397
401	419
401	446
401	447
401	474
401	481
401	483
401	486
401	497
402	51
402	64
402	144
402	168
402	191
402	206
402	263
402	267
402	276
402	278
402	314
402	326
402	365
402	370
402	379
402	411
402	412
402	425
402	440
402	449
402	451
402	455
402	461
402	465
402	467
402	473
402	476
403	15
403	53
403	58
403	69
403	74
403	90
403	123
403	128
403	132
403	183
403	249
403	269
403	302
403	320
403	324
403	328
403	351
403	352
403	368
403	380
403	396
403	400
403	420
403	423
403	433
403	464
403	495
403	498
404	24
404	78
404	92
404	94
404	124
404	177
404	181
404	222
404	224
404	246
404	248
404	276
404	289
404	301
404	317
404	318
404	346
404	355
404	358
404	378
404	400
404	414
404	420
404	431
404	443
404	455
404	496
404	500
405	49
405	101
405	105
405	148
405	154
405	159
405	194
405	266
405	271
405	300
405	336
405	359
405	367
405	371
405	383
405	415
405	427
405	430
405	438
405	453
405	459
405	462
405	470
405	471
405	478
405	484
405	486
405	489
406	43
406	76
406	112
406	116
406	122
406	145
406	146
406	167
406	186
406	202
406	216
406	218
406	224
406	282
406	318
406	327
406	328
406	331
406	338
406	432
406	436
406	437
406	452
406	460
406	463
406	468
406	473
406	498
407	35
407	58
407	79
407	128
407	132
407	147
407	196
407	239
407	242
407	251
407	259
407	269
407	302
407	307
407	323
407	324
407	351
407	368
407	377
407	380
407	396
407	420
407	422
407	434
407	464
407	466
407	474
407	495
408	84
408	87
408	134
408	174
408	193
408	223
408	234
408	253
408	254
408	260
408	268
408	286
408	290
408	298
408	311
408	323
408	334
408	341
408	363
408	365
408	376
408	381
408	413
408	447
408	474
408	475
408	481
408	497
409	13
409	17
409	89
409	96
409	167
409	198
409	211
409	218
409	270
409	297
409	313
409	318
409	325
409	327
409	397
409	426
409	437
409	438
409	443
409	450
409	460
409	466
409	468
409	473
409	480
409	490
409	494
409	498
410	68
410	89
410	91
410	102
410	110
410	203
410	212
410	249
410	285
410	293
410	296
410	305
410	322
410	330
410	333
410	335
410	339
410	360
410	372
410	382
410	430
410	442
410	458
410	469
410	479
410	484
410	491
410	500
411	7
411	78
411	164
411	252
411	263
411	278
411	298
411	301
411	302
411	303
411	314
411	320
411	332
411	340
411	379
411	402
411	414
411	425
411	430
411	435
411	440
411	444
411	449
411	451
411	455
411	461
411	465
411	476
412	9
412	45
412	62
412	121
412	169
412	247
412	312
412	313
412	344
412	345
412	366
412	373
412	384
412	387
412	402
412	426
412	429
412	444
412	445
412	448
412	464
412	467
412	475
412	477
412	485
412	487
412	488
412	496
412	500
413	16
413	75
413	84
413	98
413	157
413	220
413	260
413	280
413	291
413	311
413	320
413	334
413	341
413	356
413	365
413	375
413	376
413	377
413	381
413	408
413	419
413	446
413	447
413	449
413	467
413	474
413	481
413	483
413	497
414	24
414	43
414	47
414	92
414	94
414	124
414	163
414	177
414	181
414	205
414	222
414	247
414	248
414	276
414	289
414	317
414	346
414	349
414	355
414	358
414	378
414	392
414	400
414	404
414	411
414	434
414	441
414	443
414	484
415	50
415	73
415	101
415	112
415	154
415	169
415	187
415	190
415	203
415	209
415	253
415	271
415	288
415	336
415	337
415	349
415	359
415	371
415	405
415	424
415	450
415	462
415	463
415	471
415	479
415	484
415	485
415	486
415	498
416	13
416	77
416	79
416	118
416	139
416	183
416	262
416	297
416	325
416	350
416	394
416	395
416	397
416	417
416	432
416	436
416	438
416	454
416	458
416	466
416	468
416	469
416	473
416	480
416	492
416	494
416	496
416	498
416	500
417	79
417	112
417	139
417	217
417	224
417	228
417	297
417	338
417	350
417	355
417	397
417	416
417	436
417	437
417	438
417	442
417	450
417	452
417	454
417	466
417	473
417	478
417	480
417	490
417	494
417	495
417	496
417	497
417	498
418	13
418	21
418	117
418	178
418	204
418	214
418	217
418	230
418	236
418	241
418	256
418	286
418	315
418	321
418	353
418	356
418	359
418	364
418	380
418	398
418	422
418	423
418	444
418	453
418	456
418	489
418	490
418	493
418	499
419	43
419	53
419	69
419	75
419	90
419	132
419	153
419	165
419	166
419	226
419	234
419	254
419	286
419	290
419	291
419	323
419	334
419	335
419	341
419	375
419	376
419	401
419	413
419	445
419	446
419	470
419	481
419	483
419	497
420	23
420	26
420	28
420	58
420	74
420	179
420	200
420	202
420	222
420	242
420	288
420	307
420	320
420	324
420	328
420	351
420	364
420	377
420	380
420	392
420	396
420	403
420	404
420	407
420	422
420	434
420	464
420	495
420	500
421	3
421	17
421	27
421	47
421	56
421	108
421	186
421	189
421	226
421	294
421	332
421	339
421	374
421	385
421	387
421	392
421	393
421	394
421	395
421	425
421	427
421	433
421	457
421	459
421	465
421	472
421	476
421	480
421	482
422	1
422	28
422	106
422	180
422	217
422	226
422	232
422	235
422	259
422	295
422	329
422	353
422	367
422	391
422	392
422	398
422	407
422	418
422	420
422	423
422	426
422	430
422	433
422	453
422	489
422	490
422	492
422	493
422	498
422	499
423	4
423	36
423	42
423	51
423	87
423	88
423	133
423	168
423	181
423	230
423	234
423	251
423	259
423	262
423	329
423	356
423	360
423	364
423	367
423	386
423	398
423	403
423	418
423	422
423	428
423	433
423	453
423	490
423	492
423	493
424	16
424	65
424	67
424	99
424	101
424	114
424	123
424	145
424	159
424	172
424	190
424	194
424	203
424	210
424	260
424	266
424	281
424	295
424	300
424	307
424	343
424	359
424	372
424	383
424	399
424	415
424	429
424	457
424	471
424	478
425	52
425	64
425	78
425	127
425	138
425	164
425	169
425	207
425	252
425	278
425	303
425	326
425	337
425	340
425	354
425	370
425	379
425	402
425	411
425	421
425	435
425	440
425	449
425	451
425	455
425	461
425	465
425	476
425	495
425	499
426	34
426	78
426	96
426	109
426	121
426	163
426	177
426	247
426	313
426	345
426	347
426	373
426	382
426	384
426	391
426	395
426	409
426	412
426	422
426	429
426	444
426	445
426	448
426	467
426	475
426	477
426	485
426	487
426	488
426	496
427	3
427	17
427	20
427	108
427	137
427	152
427	176
427	189
427	213
427	215
427	226
427	267
427	294
427	298
427	315
427	332
427	339
427	361
427	373
427	374
427	393
427	395
427	405
427	421
427	433
427	453
427	459
427	465
427	472
427	482
427	485
428	18
428	88
428	108
428	117
428	136
428	180
428	209
428	230
428	239
428	251
428	256
428	319
428	320
428	321
428	348
428	354
428	356
428	364
428	367
428	391
428	392
428	398
428	423
428	429
428	431
428	437
428	489
428	490
428	492
428	493
428	499
429	34
429	62
429	103
429	141
429	160
429	219
429	241
429	326
429	344
429	345
429	362
429	369
429	373
429	412
429	424
429	426
429	428
429	432
429	434
429	444
429	445
429	448
429	456
429	467
429	471
429	475
429	477
429	485
429	487
429	488
429	496
430	17
430	31
430	109
430	155
430	173
430	221
430	244
430	296
430	305
430	323
430	333
430	335
430	348
430	360
430	363
430	372
430	382
430	405
430	410
430	411
430	422
430	431
430	439
430	441
430	442
430	443
430	448
430	458
430	469
430	491
430	500
431	50
431	57
431	63
431	68
431	86
431	91
431	110
431	140
431	225
431	227
431	296
431	305
431	333
431	335
431	346
431	360
431	363
431	372
431	390
431	404
431	428
431	430
431	439
431	441
431	449
431	450
431	458
431	466
431	469
431	491
431	500
432	19
432	55
432	116
432	145
432	156
432	167
432	208
432	228
432	292
432	297
432	318
432	325
432	331
432	333
432	367
432	390
432	394
432	406
432	416
432	429
432	437
432	440
432	450
432	454
432	460
432	468
432	473
432	480
432	488
432	494
432	498
433	27
433	36
433	40
433	56
433	60
433	137
433	146
433	165
433	176
433	226
433	235
433	294
433	315
433	329
433	332
433	339
433	361
433	374
433	387
433	390
433	393
433	403
433	421
433	422
433	423
433	427
433	440
433	459
433	472
433	475
433	482
434	15
434	28
434	35
434	67
434	69
434	74
434	90
434	113
434	149
434	196
434	202
434	239
434	242
434	245
434	249
434	269
434	302
434	306
434	307
434	320
434	368
434	377
434	380
434	407
434	414
434	420
434	429
434	458
434	464
434	472
434	494
434	495
435	32
435	144
435	149
435	164
435	168
435	169
435	174
435	191
435	252
435	263
435	278
435	303
435	314
435	316
435	326
435	340
435	345
435	363
435	370
435	373
435	379
435	411
435	425
435	440
435	449
435	451
435	455
435	461
435	465
435	473
435	476
435	477
435	481
436	112
436	139
436	145
436	158
436	183
436	205
436	236
436	288
436	325
436	327
436	331
436	350
436	359
436	382
436	406
436	416
436	417
436	437
436	450
436	451
436	452
436	453
436	454
436	460
436	466
436	468
436	473
436	480
436	484
436	494
436	497
436	498
436	499
437	85
437	116
437	139
437	146
437	156
437	167
437	198
437	290
437	297
437	306
437	354
437	385
437	386
437	391
437	392
437	397
437	406
437	409
437	417
437	428
437	432
437	436
437	450
437	452
437	454
437	460
437	466
437	468
437	473
437	474
437	477
437	494
437	498
438	77
438	79
438	85
438	118
438	156
438	183
438	186
438	198
438	218
438	269
438	280
438	318
438	325
438	338
438	350
438	385
438	397
438	405
438	409
438	416
438	417
438	450
438	452
438	454
438	466
438	471
438	473
438	478
438	480
438	486
438	489
438	494
438	498
439	5
439	31
439	35
439	40
439	63
439	68
439	86
439	89
439	91
439	213
439	221
439	242
439	285
439	296
439	306
439	319
439	349
439	360
439	363
439	372
439	382
439	430
439	431
439	441
439	442
439	458
439	460
439	469
439	479
439	483
439	489
439	491
439	500
440	7
440	31
440	64
440	70
440	78
440	118
440	149
440	168
440	169
440	191
440	206
440	240
440	250
440	252
440	257
440	303
440	326
440	370
440	379
440	402
440	411
440	425
440	432
440	433
440	435
440	449
440	451
440	455
440	461
440	465
440	469
440	476
440	490
441	31
441	42
441	63
441	155
441	164
441	173
441	219
441	227
441	244
441	266
441	271
441	274
441	296
441	305
441	316
441	333
441	360
441	363
441	372
441	382
441	390
441	394
441	414
441	430
441	431
441	439
441	442
441	458
441	469
441	471
441	489
441	491
441	500
442	1
442	42
442	54
442	68
442	86
442	144
442	185
442	219
442	221
442	227
442	274
442	285
442	305
442	333
442	335
442	349
442	358
442	360
442	363
442	372
442	390
442	391
442	410
442	417
442	430
442	439
442	441
442	454
442	458
442	462
442	469
442	479
442	491
442	500
443	24
443	43
443	45
443	47
443	85
443	92
443	94
443	124
443	143
443	146
443	163
443	175
443	177
443	181
443	222
443	224
443	248
443	276
443	282
443	289
443	301
443	317
443	334
443	346
443	355
443	358
443	362
443	378
443	400
443	404
443	409
443	414
443	430
443	483
444	11
444	23
444	96
444	101
444	103
444	121
444	177
444	241
444	283
444	293
444	313
444	342
444	344
444	345
444	347
444	369
444	373
444	384
444	396
444	411
444	412
444	418
444	426
444	429
444	445
444	448
444	467
444	468
444	472
444	475
444	477
444	485
444	487
444	488
444	496
445	31
445	73
445	108
445	135
445	138
445	179
445	241
445	247
445	255
445	283
445	296
445	300
445	313
445	344
445	345
445	347
445	369
445	370
445	373
445	384
445	412
445	419
445	426
445	429
445	444
445	448
445	467
445	471
445	475
445	476
445	477
445	485
445	487
445	488
445	496
446	8
446	16
446	75
446	125
446	138
446	157
446	166
446	222
446	234
446	247
446	254
446	268
446	269
446	286
446	290
446	291
446	298
446	311
446	336
446	337
446	341
446	353
446	375
446	376
446	381
446	401
446	413
446	419
446	447
446	454
446	474
446	481
446	483
446	489
446	497
447	8
447	16
447	27
447	32
447	44
447	84
447	129
447	132
447	153
447	166
447	254
447	286
447	291
447	298
447	323
447	329
447	334
447	341
447	365
447	372
447	375
447	376
447	401
447	408
447	413
447	446
447	453
447	456
447	467
447	474
447	481
447	483
447	485
447	486
447	497
448	9
448	12
448	138
448	219
448	241
448	246
448	247
448	255
448	273
448	283
448	313
448	321
448	345
448	346
448	347
448	369
448	373
448	384
448	399
448	412
448	426
448	429
448	430
448	444
448	445
448	453
448	457
448	466
448	472
448	475
448	477
448	485
448	487
448	488
448	496
449	7
449	9
449	33
449	62
449	78
449	103
449	149
449	161
449	164
449	168
449	206
449	252
449	262
449	263
449	278
449	303
449	314
449	326
449	340
449	370
449	379
449	388
449	402
449	411
449	413
449	425
449	431
449	435
449	440
449	451
449	455
449	457
449	461
449	465
449	476
449	488
450	13
450	27
450	112
450	116
450	118
450	126
450	146
450	183
450	186
450	218
450	244
450	272
450	289
450	325
450	329
450	338
450	345
450	350
450	367
450	397
450	409
450	415
450	417
450	431
450	432
450	436
450	437
450	438
450	452
450	454
450	466
450	468
450	473
450	485
450	494
450	498
451	7
451	24
451	46
451	53
451	64
451	78
451	149
451	168
451	169
451	181
451	183
451	191
451	204
451	206
451	263
451	300
451	303
451	314
451	319
451	326
451	340
451	352
451	370
451	379
451	392
451	402
451	411
451	425
451	435
451	436
451	440
451	449
451	455
451	461
451	465
451	476
452	13
452	62
452	118
452	124
452	140
452	145
452	148
452	156
452	178
452	183
452	198
452	208
452	228
452	232
452	291
452	327
452	331
452	338
452	381
452	383
452	397
452	399
452	406
452	417
452	436
452	437
452	438
452	450
452	460
452	466
452	468
452	473
452	480
452	493
452	494
452	498
453	106
453	115
453	131
453	143
453	171
453	199
453	236
453	251
453	256
453	262
453	284
453	319
453	329
453	353
453	354
453	362
453	364
453	366
453	386
453	391
453	398
453	405
453	418
453	422
453	423
453	427
453	436
453	447
453	448
453	456
453	466
453	467
453	489
453	490
453	492
453	499
454	27
454	76
454	82
454	85
454	156
454	158
454	183
454	208
454	219
454	228
454	318
454	324
454	325
454	327
454	331
454	338
454	342
454	359
454	416
454	417
454	432
454	436
454	437
454	438
454	442
454	446
454	450
454	460
454	461
454	466
454	468
454	473
454	480
454	491
454	494
454	498
455	7
455	64
455	81
455	109
455	137
455	149
455	164
455	168
455	169
455	191
455	203
455	252
455	263
455	278
455	303
455	314
455	326
455	340
455	353
455	357
455	370
455	379
455	380
455	389
455	402
455	404
455	411
455	425
455	435
455	440
455	449
455	451
455	461
455	465
455	476
455	488
456	1
456	18
456	21
456	26
456	46
456	59
456	72
456	106
456	133
456	137
456	143
456	173
456	180
456	230
456	256
456	259
456	260
456	261
456	262
456	295
456	308
456	319
456	321
456	353
456	364
456	386
456	392
456	398
456	418
456	429
456	447
456	453
456	467
456	487
456	490
456	492
456	493
457	39
457	50
457	73
457	93
457	105
457	107
457	123
457	134
457	135
457	140
457	154
457	155
457	172
457	174
457	187
457	190
457	216
457	243
457	260
457	266
457	271
457	275
457	330
457	343
457	349
457	383
457	399
457	421
457	424
457	448
457	449
457	462
457	463
457	464
457	478
457	484
457	486
458	4
458	40
458	49
458	54
458	63
458	89
458	91
458	100
458	110
458	148
458	215
458	221
458	227
458	244
458	274
458	291
458	296
458	305
458	327
458	333
458	353
458	359
458	363
458	372
458	379
458	390
458	410
458	416
458	430
458	431
458	434
458	439
458	441
458	442
458	479
458	491
458	500
459	3
459	17
459	27
459	36
459	47
459	56
459	76
459	105
459	108
459	118
459	137
459	145
459	150
459	152
459	165
459	166
459	189
459	230
459	267
459	277
459	294
459	311
459	315
459	339
459	361
459	374
459	387
459	393
459	394
459	395
459	405
459	421
459	427
459	433
459	466
459	472
459	482
460	16
460	29
460	34
460	37
460	57
460	79
460	85
460	145
460	146
460	167
460	183
460	186
460	208
460	218
460	297
460	298
460	307
460	327
460	331
460	344
460	361
460	390
460	397
460	406
460	409
460	432
460	436
460	437
460	439
460	452
460	454
460	466
460	468
460	473
460	480
460	494
460	498
461	7
461	64
461	78
461	98
461	168
461	169
461	191
461	206
461	252
461	263
461	278
461	300
461	303
461	314
461	326
461	340
461	347
461	349
461	370
461	379
461	389
461	394
461	396
461	399
461	402
461	411
461	425
461	435
461	440
461	449
461	451
461	454
461	455
461	465
461	473
461	476
461	490
462	48
462	51
462	65
462	73
462	77
462	87
462	93
462	172
462	190
462	203
462	210
462	216
462	236
462	243
462	255
462	263
462	266
462	271
462	285
462	300
462	303
462	335
462	336
462	337
462	343
462	359
462	371
462	399
462	400
462	405
462	415
462	442
462	457
462	470
462	471
462	484
462	486
462	493
463	48
463	93
463	95
463	106
463	114
463	119
463	148
463	159
463	170
463	194
463	203
463	210
463	240
463	243
463	253
463	260
463	266
463	275
463	288
463	336
463	343
463	349
463	359
463	371
463	374
463	383
463	396
463	399
463	400
463	406
463	415
463	457
463	471
463	478
463	479
463	482
463	484
463	486
464	15
464	28
464	35
464	45
464	58
464	74
464	75
464	128
464	158
464	179
464	187
464	196
464	200
464	202
464	216
464	220
464	242
464	249
464	269
464	302
464	309
464	320
464	324
464	328
464	348
464	351
464	368
464	377
464	396
464	403
464	407
464	412
464	420
464	434
464	457
464	468
464	480
464	495
465	54
465	64
465	78
465	123
465	149
465	150
465	164
465	168
465	169
465	189
465	191
465	194
465	206
465	240
465	241
465	252
465	263
465	275
465	278
465	303
465	314
465	326
465	340
465	370
465	379
465	402
465	411
465	421
465	425
465	427
465	435
465	440
465	449
465	451
465	455
465	461
465	476
465	498
466	13
466	30
466	79
466	112
466	116
466	118
466	141
466	146
466	148
466	158
466	200
466	218
466	249
466	297
466	318
466	338
466	350
466	388
466	397
466	407
466	409
466	416
466	417
466	431
466	436
466	437
466	438
466	448
466	450
466	452
466	453
466	454
466	459
466	460
466	468
466	480
466	494
466	498
467	9
467	12
467	87
467	103
467	138
467	155
467	217
467	219
467	227
467	232
467	241
467	247
467	255
467	283
467	313
467	344
467	345
467	347
467	369
467	373
467	384
467	391
467	402
467	412
467	413
467	426
467	429
467	444
467	445
467	447
467	453
467	456
467	475
467	477
467	485
467	487
467	488
467	496
468	65
468	116
468	122
468	139
468	167
468	186
468	198
468	200
468	208
468	264
468	282
468	288
468	297
468	318
468	327
468	338
468	343
468	350
468	397
468	406
468	409
468	416
468	432
468	436
468	437
468	444
468	450
468	452
468	454
468	460
468	464
468	466
468	473
468	475
468	480
468	483
468	494
468	498
469	42
469	54
469	86
469	89
469	91
469	110
469	173
469	274
469	285
469	286
469	296
469	305
469	331
469	333
469	334
469	335
469	342
469	344
469	358
469	360
469	362
469	363
469	372
469	382
469	390
469	393
469	410
469	416
469	430
469	431
469	439
469	440
469	441
469	442
469	482
469	491
469	492
469	500
470	58
470	65
470	73
470	92
470	93
470	101
470	114
470	148
470	172
470	175
470	186
470	194
470	203
470	216
470	257
470	260
470	262
470	266
470	271
470	288
470	300
470	314
470	315
470	333
470	336
470	337
470	343
470	346
470	365
470	371
470	383
470	389
470	399
470	405
470	419
470	462
470	471
470	478
470	486
471	39
471	50
471	66
471	77
471	79
471	114
471	148
471	150
471	155
471	159
471	172
471	194
471	260
471	266
471	275
471	300
471	308
471	310
471	316
471	330
471	336
471	337
471	349
471	381
471	383
471	393
471	399
471	405
471	415
471	424
471	429
471	438
471	441
471	445
471	462
471	463
471	470
471	478
471	486
472	3
472	10
472	17
472	18
472	27
472	36
472	56
472	60
472	72
472	108
472	137
472	150
472	152
472	176
472	189
472	226
472	237
472	267
472	303
472	315
472	354
472	361
472	374
472	387
472	393
472	394
472	395
472	397
472	421
472	427
472	433
472	434
472	444
472	448
472	459
472	476
472	481
472	482
472	483
473	13
473	20
473	52
473	82
473	85
473	102
473	138
473	198
473	208
473	218
473	228
473	242
473	284
473	317
473	318
473	327
473	331
473	338
473	350
473	395
473	397
473	402
473	406
473	409
473	416
473	417
473	432
473	435
473	436
473	437
473	438
473	450
473	452
473	454
473	460
473	461
473	468
473	480
473	494
474	16
474	65
474	75
474	99
474	153
474	157
474	166
474	174
474	199
474	227
474	234
474	254
474	268
474	278
474	286
474	290
474	291
474	298
474	311
474	313
474	323
474	334
474	339
474	341
474	363
474	375
474	376
474	381
474	401
474	407
474	408
474	413
474	437
474	446
474	447
474	481
474	483
474	487
474	497
475	11
475	12
475	29
475	34
475	79
475	96
475	103
475	119
475	121
475	138
475	171
475	195
475	219
475	241
475	283
475	313
475	344
475	347
475	355
475	362
475	369
475	373
475	384
475	400
475	408
475	412
475	426
475	429
475	433
475	444
475	445
475	448
475	467
475	468
475	477
475	485
475	487
475	488
475	496
476	64
476	78
476	120
476	149
476	164
476	168
476	169
476	176
476	191
476	196
476	206
476	252
476	263
476	274
476	278
476	284
476	303
476	311
476	314
476	326
476	340
476	370
476	379
476	380
476	402
476	411
476	421
476	425
476	435
476	440
476	445
476	449
476	451
476	455
476	461
476	465
476	472
476	492
476	494
477	9
477	11
477	34
477	62
477	64
477	96
477	103
477	172
477	177
477	195
477	208
477	219
477	247
477	255
477	272
477	313
477	324
477	344
477	345
477	347
477	353
477	369
477	373
477	374
477	384
477	412
477	426
477	429
477	435
477	437
477	444
477	445
477	448
477	467
477	475
477	481
477	485
477	487
477	488
477	496
478	30
478	39
478	48
478	73
478	77
478	84
478	148
478	155
478	167
478	188
478	192
478	203
478	210
478	216
478	220
478	239
478	243
478	260
478	275
478	288
478	300
478	336
478	337
478	343
478	359
478	371
478	383
478	384
478	405
478	417
478	424
478	438
478	457
478	463
478	470
478	471
478	484
478	486
478	490
478	492
479	31
479	40
479	49
479	54
479	63
479	68
479	86
479	110
479	156
479	173
479	192
479	196
479	221
479	227
479	248
479	269
479	274
479	275
479	285
479	296
479	305
479	309
479	333
479	335
479	355
479	360
479	363
479	372
479	376
479	382
479	390
479	398
479	410
479	415
479	439
479	442
479	458
479	463
479	491
479	500
480	3
480	13
480	14
480	20
480	40
480	79
480	139
480	145
480	151
480	167
480	183
480	186
480	195
480	198
480	218
480	219
480	228
480	235
480	238
480	297
480	314
480	325
480	331
480	409
480	416
480	417
480	421
480	432
480	436
480	438
480	452
480	454
480	460
480	464
480	466
480	468
480	473
480	487
480	488
480	494
480	498
481	8
481	9
481	16
481	53
481	59
481	84
481	119
481	129
481	153
481	157
481	174
481	214
481	221
481	234
481	255
481	268
481	278
481	286
481	290
481	291
481	298
481	311
481	323
481	332
481	341
481	365
481	375
481	376
481	381
481	401
481	408
481	413
481	419
481	435
481	446
481	447
481	472
481	474
481	477
481	494
481	497
482	17
482	27
482	36
482	56
482	60
482	71
482	81
482	97
482	108
482	137
482	150
482	152
482	157
482	165
482	176
482	185
482	189
482	226
482	229
482	267
482	279
482	294
482	315
482	332
482	339
482	343
482	361
482	374
482	377
482	387
482	393
482	394
482	395
482	421
482	427
482	433
482	459
482	463
482	469
482	472
482	496
483	53
483	75
483	80
483	84
483	125
483	129
483	138
483	153
483	157
483	160
483	166
483	174
483	195
483	216
483	220
483	254
483	260
483	268
483	286
483	290
483	291
483	294
483	298
483	311
483	323
483	334
483	341
483	365
483	375
483	376
483	381
483	401
483	413
483	419
483	439
483	443
483	446
483	447
483	468
483	472
483	474
483	497
484	7
484	20
484	39
484	48
484	50
484	56
484	65
484	67
484	77
484	93
484	114
484	132
484	148
484	152
484	154
484	155
484	172
484	210
484	216
484	223
484	251
484	260
484	271
484	275
484	288
484	330
484	349
484	352
484	359
484	371
484	383
484	388
484	405
484	410
484	414
484	415
484	436
484	457
484	462
484	463
484	478
484	491
485	11
485	12
485	34
485	62
485	63
485	89
485	93
485	96
485	103
485	121
485	126
485	138
485	219
485	229
485	247
485	255
485	262
485	283
485	344
485	345
485	347
485	369
485	373
485	384
485	387
485	412
485	415
485	426
485	427
485	429
485	444
485	445
485	447
485	448
485	450
485	467
485	475
485	477
485	487
485	488
485	495
485	496
485	499
486	39
486	65
486	101
486	114
486	134
486	137
486	154
486	155
486	159
486	172
486	190
486	194
486	203
486	210
486	216
486	235
486	243
486	256
486	260
486	283
486	288
486	300
486	305
486	325
486	326
486	330
486	359
486	371
486	383
486	397
486	399
486	401
486	405
486	415
486	438
486	447
486	457
486	462
486	463
486	470
486	471
486	478
486	499
487	9
487	11
487	12
487	30
487	60
487	62
487	69
487	88
487	96
487	103
487	117
487	121
487	138
487	197
487	219
487	241
487	247
487	255
487	283
487	313
487	344
487	345
487	346
487	347
487	369
487	384
487	392
487	398
487	412
487	426
487	429
487	444
487	445
487	448
487	456
487	467
487	474
487	475
487	477
487	480
487	485
487	488
487	495
487	496
488	9
488	11
488	12
488	38
488	50
488	55
488	62
488	96
488	103
488	121
488	138
488	196
488	219
488	241
488	253
488	255
488	268
488	270
488	283
488	295
488	313
488	344
488	345
488	347
488	369
488	373
488	384
488	412
488	426
488	429
488	432
488	444
488	445
488	448
488	449
488	455
488	467
488	475
488	477
488	480
488	485
488	487
488	496
488	499
489	1
489	7
489	13
489	26
489	35
489	106
489	117
489	131
489	143
489	152
489	171
489	178
489	217
489	230
489	235
489	236
489	237
489	251
489	256
489	259
489	262
489	297
489	323
489	327
489	353
489	354
489	356
489	364
489	386
489	391
489	392
489	398
489	405
489	418
489	422
489	428
489	438
489	439
489	441
489	446
489	453
489	490
489	492
489	493
489	499
490	1
490	21
490	26
490	51
490	131
490	143
490	164
490	171
490	178
490	201
490	235
490	236
490	240
490	259
490	261
490	292
490	295
490	296
490	303
490	304
490	319
490	329
490	354
490	362
490	364
490	367
490	376
490	386
490	389
490	398
490	409
490	417
490	418
490	422
490	423
490	428
490	440
490	453
490	456
490	461
490	478
490	489
490	492
490	493
490	499
490	500
491	9
491	40
491	42
491	44
491	49
491	54
491	63
491	68
491	73
491	86
491	89
491	91
491	136
491	173
491	189
491	190
491	217
491	221
491	227
491	244
491	274
491	285
491	287
491	296
491	333
491	335
491	336
491	340
491	360
491	363
491	365
491	372
491	382
491	390
491	410
491	430
491	431
491	439
491	441
491	442
491	454
491	458
491	469
491	479
491	484
491	500
492	21
492	26
492	37
492	51
492	68
492	86
492	88
492	106
492	116
492	117
492	133
492	143
492	217
492	229
492	235
492	237
492	240
492	250
492	254
492	256
492	259
492	261
492	262
492	319
492	324
492	329
492	353
492	354
492	362
492	364
492	367
492	386
492	391
492	392
492	416
492	422
492	423
492	428
492	453
492	456
492	469
492	476
492	478
492	489
492	490
492	499
493	10
493	21
493	51
493	59
493	106
493	113
493	117
493	129
493	133
493	143
493	171
493	180
493	204
493	217
493	218
493	230
493	236
493	240
493	241
493	256
493	261
493	262
493	287
493	295
493	319
493	354
493	356
493	358
493	361
493	367
493	386
493	391
493	392
493	396
493	398
493	418
493	422
493	423
493	428
493	452
493	456
493	462
493	489
493	490
493	498
493	499
493	500
494	20
494	61
494	85
494	112
494	121
494	139
494	145
494	146
494	156
494	158
494	167
494	183
494	186
494	217
494	218
494	221
494	243
494	258
494	267
494	297
494	300
494	325
494	327
494	331
494	350
494	359
494	373
494	394
494	397
494	409
494	416
494	417
494	432
494	434
494	436
494	437
494	438
494	450
494	452
494	454
494	460
494	466
494	468
494	473
494	476
494	480
494	481
495	15
495	23
495	28
495	35
495	58
495	62
495	69
495	74
495	90
495	106
495	128
495	132
495	161
495	172
495	179
495	196
495	200
495	202
495	220
495	239
495	242
495	249
495	269
495	283
495	300
495	302
495	310
495	320
495	324
495	328
495	333
495	341
495	351
495	368
495	369
495	377
495	380
495	396
495	403
495	407
495	417
495	420
495	425
495	434
495	464
495	485
495	487
496	9
496	11
496	12
496	34
496	62
496	96
496	103
496	121
496	138
496	204
496	212
496	219
496	234
496	241
496	247
496	250
496	255
496	274
496	283
496	295
496	299
496	313
496	315
496	328
496	344
496	345
496	347
496	369
496	373
496	384
496	404
496	412
496	416
496	417
496	426
496	429
496	444
496	445
496	448
496	467
496	475
496	477
496	482
496	485
496	487
496	488
496	500
497	8
497	16
497	52
497	53
497	75
497	84
497	107
497	113
497	129
497	157
497	166
497	174
497	178
497	234
497	254
497	268
497	272
497	279
497	286
497	290
497	291
497	298
497	301
497	308
497	311
497	322
497	323
497	328
497	334
497	341
497	364
497	365
497	374
497	375
497	376
497	381
497	396
497	401
497	408
497	413
497	417
497	419
497	436
497	446
497	447
497	474
497	481
497	483
498	20
498	22
498	85
498	112
498	116
498	118
498	139
498	145
498	146
498	156
498	158
498	159
498	170
498	184
498	208
498	218
498	228
498	235
498	297
498	299
498	327
498	329
498	331
498	337
498	338
498	350
498	397
498	400
498	403
498	406
498	409
498	415
498	416
498	417
498	422
498	432
498	436
498	437
498	438
498	450
498	452
498	454
498	460
498	465
498	466
498	468
498	480
498	493
499	6
499	26
499	67
499	74
499	87
499	88
499	104
499	106
499	117
499	130
499	131
499	133
499	143
499	155
499	171
499	178
499	188
499	230
499	235
499	236
499	251
499	256
499	261
499	262
499	311
499	321
499	329
499	340
499	353
499	354
499	362
499	367
499	386
499	391
499	399
499	418
499	422
499	425
499	428
499	436
499	453
499	485
499	486
499	488
499	489
499	490
499	492
499	493
500	14
500	31
500	40
500	42
500	49
500	54
500	63
500	68
500	86
500	89
500	91
500	107
500	110
500	112
500	139
500	173
500	180
500	221
500	226
500	227
500	242
500	244
500	267
500	274
500	285
500	305
500	333
500	335
500	360
500	363
500	372
500	382
500	390
500	404
500	410
500	412
500	416
500	420
500	430
500	431
500	439
500	441
500	442
500	458
500	469
500	479
500	490
500	491
500	493
500	496
