500 10258
1	177
1	212
1	255
1	323
1	342
1	376
1	396
1	430
1	441
1	484
2	210
2	269
2	328
2	369
2	381
2	395
2	432
2	434
2	460
2	478
3	223
3	327
3	379
3	436
3	453
3	458
3	464
3	476
3	483
3	491
4	138
4	243
4	286
4	294
4	314
4	370
4	414
4	440
4	442
4	493
5	250
5	313
5	430
5	445
5	459
5	461
5	473
5	482
5	483
5	499
6	140
6	147
6	194
6	320
6	332
6	381
6	397
6	425
6	470
6	493
7	61
7	234
7	406
7	408
7	424
7	459
7	462
7	477
7	491
7	496
8	138
8	243
8	245
8	308
8	314
8	322
8	337
8	393
8	455
8	473
9	118
9	232
9	300
9	342
9	365
9	373
9	376
9	389
9	396
9	477
10	218
10	259
10	363
10	386
10	407
10	471
10	483
10	484
10	497
10	499
11	195
11	326
11	335
11	336
11	414
11	438
11	471
11	479
11	484
11	487
12	233
12	342
12	356
12	390
12	412
12	423
12	452
12	478
12	493
12	495
13	163
13	217
13	253
13	410
13	423
13	424
13	452
13	466
13	481
13	487
14	77
14	126
14	141
14	143
14	323
14	377
14	384
14	434
14	460
14	492
15	75
15	320
15	326
15	340
15	378
15	386
15	428
15	437
15	448
15	471
16	98
16	220
16	236
16	309
16	319
16	358
16	364
16	409
16	464
16	491
17	20
17	313
17	342
17	376
17	396
17	405
17	421
17	428
17	471
17	485
18	185
18	189
18	223
18	308
18	309
18	328
18	386
18	394
18	475
18	485
19	180
19	280
19	314
19	328
19	402
19	417
19	446
19	448
19	480
19	482
20	17
20	95
20	300
20	302
20	342
20	344
20	392
20	396
20	435
20	479
21	277
21	344
21	400
21	405
21	453
21	467
21	475
21	476
21	492
21	494
22	283
22	287
22	307
22	314
22	322
22	331
22	337
22	361
22	391
22	439
23	181
23	286
23	311
23	317
23	339
23	422
23	423
23	459
23	461
23	491
24	27
24	80
24	139
24	261
24	364
24	389
24	406
24	410
24	423
24	448
25	262
25	295
25	386
25	396
25	422
25	426
25	430
25	443
25	469
25	482
26	50
26	135
26	156
26	388
26	428
26	437
26	445
26	462
26	472
26	473
27	24
27	199
27	243
27	250
27	277
27	314
27	322
27	337
27	401
27	463
28	117
28	203
28	345
28	397
28	406
28	442
28	444
28	448
28	449
28	491
29	128
29	264
29	278
29	350
29	364
29	400
29	417
29	428
29	429
29	496
30	210
30	326
30	440
30	449
30	457
30	465
30	471
30	478
30	486
30	491
31	146
31	261
31	274
31	362
31	366
31	453
31	466
31	476
31	485
31	494
32	178
32	219
32	391
32	397
32	414
32	437
32	442
32	466
32	482
32	500
33	79
33	196
33	281
33	349
33	355
33	449
33	454
33	463
33	465
33	487
34	153
34	332
34	386
34	422
34	423
34	446
34	447
34	460
34	470
34	487
35	52
35	69
35	130
35	296
35	314
35	332
35	391
35	476
35	489
35	497
36	133
36	136
36	224
36	429
36	445
36	472
36	474
36	481
36	489
36	500
37	78
37	84
37	194
37	307
37	314
37	322
37	401
37	424
37	482
37	495
38	85
38	370
38	386
38	408
38	452
38	481
38	488
38	491
38	494
38	496
39	193
39	220
39	279
39	319
39	358
39	405
39	439
39	465
39	467
39	488
40	80
40	104
40	173
40	212
40	306
40	319
40	365
40	450
40	462
40	486
41	192
41	230
41	259
41	358
41	398
41	426
41	431
41	432
41	439
41	482
42	166
42	347
42	356
42	366
42	373
42	397
42	414
42	417
42	446
42	448
43	54
43	144
43	254
43	282
43	304
43	424
43	453
43	457
43	473
43	497
44	143
44	235
44	284
44	319
44	418
44	422
44	425
44	450
44	463
44	489
45	222
45	278
45	351
45	429
45	441
45	446
45	484
45	488
45	494
45	495
46	57
46	76
46	172
46	223
46	232
46	278
46	351
46	355
46	358
46	458
47	175
47	265
47	283
47	292
47	372
47	398
47	418
47	422
47	440
47	497
48	104
48	318
48	402
48	429
48	434
48	435
48	441
48	459
48	471
48	498
49	182
49	283
49	290
49	332
49	337
49	360
49	374
49	480
49	493
49	497
50	26
50	66
50	155
50	286
50	388
50	453
50	456
50	464
50	483
50	484
51	336
51	375
51	407
51	416
51	427
51	449
51	457
51	463
51	466
51	478
52	35
52	137
52	201
52	239
52	262
52	382
52	404
52	439
52	444
52	478
53	216
53	301
53	343
53	414
53	454
53	464
53	465
53	468
53	491
53	498
54	43
54	102
54	199
54	296
54	301
54	359
54	378
54	428
54	457
54	497
55	107
55	243
55	247
55	296
55	417
55	420
55	446
55	478
55	482
55	489
56	239
56	322
56	357
56	369
56	404
56	406
56	410
56	444
56	452
56	482
57	46
57	176
57	280
57	351
57	363
57	381
57	464
57	487
57	491
57	493
58	141
58	238
58	239
58	253
58	342
58	404
58	444
58	462
58	474
58	481
58	488
59	133
59	154
59	188
59	238
59	320
59	338
59	356
59	387
59	419
59	474
59	497
60	107
60	242
60	337
60	338
60	392
60	398
60	432
60	439
60	459
60	460
60	469
61	7
61	256
61	316
61	330
61	401
61	450
61	452
61	457
61	489
61	491
61	492
62	87
62	160
62	359
62	369
62	394
62	399
62	443
62	445
62	454
62	466
62	474
63	130
63	139
63	216
63	243
63	372
63	391
63	410
63	431
63	469
63	478
63	495
64	71
64	260
64	282
64	285
64	326
64	353
64	372
64	473
64	479
64	481
64	495
65	265
65	287
65	312
65	361
65	401
65	430
65	435
65	479
65	486
65	487
65	491
66	50
66	155
66	161
66	170
66	205
66	283
66	300
66	343
66	376
66	396
66	493
67	141
67	163
67	231
67	368
67	408
67	412
67	451
67	455
67	492
67	496
67	499
68	79
68	326
68	344
68	350
68	377
68	406
68	418
68	430
68	439
68	479
68	489
69	35
69	190
69	256
69	268
69	281
69	314
69	323
69	346
69	376
69	446
69	453
70	71
70	282
70	304
70	398
70	459
70	467
70	477
70	480
70	484
70	487
70	489
71	64
71	70
71	341
71	349
71	371
71	413
71	453
71	458
71	462
71	475
71	476
72	211
72	223
72	238
72	242
72	320
72	321
72	337
72	387
72	429
72	453
72	496
73	190
73	250
73	266
73	338
73	364
73	407
73	428
73	464
73	469
73	486
73	494
74	182
74	212
74	268
74	278
74	281
74	348
74	406
74	456
74	459
74	472
74	473
75	15
75	160
75	178
75	228
75	270
75	325
75	330
75	340
75	383
75	432
75	437
76	46
76	220
76	232
76	341
76	344
76	356
76	357
76	358
76	392
76	447
76	466
77	14
77	78
77	204
77	243
77	307
77	322
77	337
77	351
77	431
77	452
77	484
78	37
78	77
78	154
78	307
78	329
78	337
78	350
78	400
78	416
78	422
78	436
79	33
79	68
79	82
79	168
79	221
79	392
79	412
79	433
79	436
79	452
79	499
80	24
80	40
80	102
80	352
80	404
80	470
80	472
80	485
80	488
80	494
80	496
81	135
81	203
81	258
81	287
81	381
81	431
81	452
81	464
81	469
81	492
81	500
82	79
82	103
82	237
82	287
82	306
82	410
82	448
82	451
82	479
82	495
82	497
83	204
83	241
83	315
83	362
83	364
83	407
83	427
83	450
83	465
83	471
83	491
84	37
84	178
84	250
84	257
84	273
84	347
84	378
84	470
84	480
84	492
84	496
85	38
85	209
85	284
85	285
85	298
85	301
85	306
85	383
85	407
85	433
85	495
86	223
86	275
86	295
86	349
86	361
86	414
86	430
86	438
86	442
86	448
86	496
87	62
87	89
87	289
87	397
87	403
87	422
87	463
87	465
87	469
87	471
87	477
88	138
88	187
88	191
88	223
88	238
88	245
88	260
88	311
88	398
88	409
88	459
89	87
89	166
89	205
89	240
89	375
89	429
89	445
89	454
89	474
89	476
89	489
90	234
90	288
90	293
90	340
90	360
90	378
90	383
90	396
90	418
90	437
90	492
91	259
91	284
91	296
91	421
91	428
91	435
91	437
91	438
91	456
91	483
91	491
92	131
92	140
92	213
92	347
92	417
92	424
92	432
92	468
92	469
92	489
92	496
93	203
93	216
93	254
93	302
93	410
93	419
93	420
93	447
93	485
93	488
93	496
94	172
94	192
94	214
94	215
94	296
94	327
94	350
94	352
94	395
94	415
94	418
95	20
95	167
95	252
95	284
95	361
95	368
95	374
95	377
95	432
95	480
95	481
96	292
96	318
96	328
96	358
96	376
96	386
96	413
96	462
96	467
96	491
96	497
97	102
97	248
97	305
97	375
97	424
97	467
97	469
97	475
97	481
97	482
97	486
98	16
98	193
98	213
98	227
98	296
98	303
98	319
98	358
98	431
98	497
98	498
99	130
99	222
99	237
99	324
99	327
99	342
99	360
99	378
99	383
99	425
99	437
100	129
100	377
100	383
100	399
100	430
100	443
100	449
100	475
100	491
100	492
100	498
101	147
101	212
101	273
101	287
101	334
101	359
101	396
101	447
101	465
101	489
101	492
101	500
102	54
102	80
102	97
102	183
102	263
102	277
102	303
102	380
102	425
102	426
102	432
102	480
103	82
103	317
103	375
103	392
103	429
103	432
103	447
103	456
103	474
103	481
103	496
103	500
104	40
104	48
104	175
104	266
104	288
104	299
104	302
104	382
104	431
104	459
104	482
104	486
105	130
105	206
105	235
105	249
105	304
105	420
105	422
105	438
105	441
105	487
105	488
105	498
106	148
106	240
106	297
106	318
106	348
106	354
106	388
106	439
106	457
106	462
106	484
106	490
107	55
107	60
107	218
107	220
107	272
107	330
107	343
107	452
107	476
107	478
107	493
107	499
108	120
108	215
108	263
108	306
108	365
108	386
108	410
108	424
108	446
108	468
108	497
108	498
109	175
109	272
109	279
109	351
109	361
109	370
109	391
109	435
109	466
109	469
109	479
109	490
110	121
110	205
110	280
110	300
110	342
110	376
110	390
110	396
110	398
110	416
110	487
110	488
111	168
111	286
111	313
111	350
111	389
111	403
111	423
111	460
111	464
111	482
111	484
111	492
112	206
112	317
112	322
112	367
112	416
112	442
112	444
112	447
112	449
112	461
112	480
112	493
113	117
113	260
113	266
113	292
113	309
113	322
113	342
113	374
113	412
113	486
113	490
113	500
114	217
114	332
114	377
114	429
114	437
114	443
114	454
114	462
114	478
114	483
114	484
114	496
115	248
115	258
115	316
115	384
115	459
115	463
115	466
115	469
115	472
115	476
115	482
115	494
116	149
116	187
116	266
116	270
116	320
116	321
116	386
116	387
116	388
116	448
116	465
116	475
117	28
117	113
117	127
117	197
117	257
117	292
117	347
117	424
117	467
117	473
117	493
117	497
118	9
118	125
118	194
118	227
118	247
118	279
118	356
118	383
118	469
118	472
118	482
118	486
119	130
119	168
119	237
119	254
119	262
119	271
119	338
119	346
119	424
119	426
119	489
119	493
120	108
120	144
120	288
120	309
120	394
120	399
120	413
120	439
120	456
120	471
120	477
120	484
121	110
121	151
121	214
121	216
121	257
121	368
121	395
121	415
121	454
121	475
121	486
121	495
122	258
122	262
122	298
122	318
122	371
122	455
122	456
122	460
122	478
122	484
122	499
122	500
123	157
123	177
123	202
123	247
123	279
123	305
123	366
123	379
123	387
123	458
123	475
123	476
124	146
124	201
124	211
124	239
124	241
124	272
124	357
124	369
124	372
124	444
124	478
124	493
125	118
125	219
125	269
125	341
125	425
125	430
125	438
125	462
125	470
125	483
125	493
125	497
126	14
126	245
126	274
126	293
126	298
126	388
126	411
126	413
126	428
126	436
126	461
126	467
127	117
127	228
127	254
127	257
127	395
127	398
127	429
127	455
127	460
127	480
127	493
127	495
128	29
128	202
128	239
128	240
128	311
128	321
128	386
128	407
128	428
128	477
128	478
128	491
129	100
129	242
129	319
129	401
129	407
129	443
129	461
129	463
129	468
129	478
129	485
129	489
130	35
130	63
130	99
130	105
130	119
130	169
130	242
130	426
130	438
130	456
130	495
130	497
131	92
131	331
131	351
131	409
131	420
131	430
131	450
131	452
131	454
131	460
131	473
131	483
132	151
132	187
132	226
132	234
132	321
132	334
132	340
132	387
132	397
132	420
132	440
132	494
133	36
133	59
133	231
133	264
133	275
133	343
133	345
133	346
133	360
133	400
133	438
133	491
134	193
134	249
134	265
134	286
134	317
134	370
134	425
134	447
134	449
134	458
134	460
134	480
135	26
135	81
135	141
135	231
135	254
135	331
135	335
135	420
135	456
135	467
135	479
135	487
136	36
136	141
136	211
136	236
136	305
136	357
136	365
136	401
136	404
136	444
136	450
136	451
136	480
137	52
137	188
137	294
137	299
137	341
137	370
137	371
137	372
137	431
137	432
137	442
137	484
137	486
138	4
138	8
138	88
138	210
138	292
138	334
138	377
138	402
138	434
138	446
138	465
138	482
138	492
139	24
139	63
139	166
139	264
139	346
139	387
139	409
139	417
139	430
139	436
139	466
139	476
139	490
140	6
140	92
140	233
140	334
140	420
140	433
140	444
140	446
140	451
140	468
140	474
140	483
140	497
141	14
141	58
141	67
141	135
141	136
141	164
141	211
141	271
141	357
141	381
141	389
141	444
141	487
142	229
142	245
142	247
142	253
142	307
142	312
142	370
142	391
142	414
142	431
142	486
142	487
142	490
143	14
143	44
143	251
143	267
143	307
143	320
143	347
143	369
143	399
143	435
143	440
143	470
143	492
144	43
144	120
144	284
144	402
144	414
144	426
144	442
144	459
144	467
144	472
144	477
144	479
144	486
145	237
145	240
145	262
145	295
145	311
145	338
145	355
145	377
145	390
145	398
145	413
145	463
145	469
146	31
146	124
146	181
146	210
146	245
146	341
146	357
146	362
146	388
146	404
146	444
146	486
146	498
147	6
147	101
147	246
147	296
147	297
147	356
147	384
147	395
147	402
147	422
147	442
147	461
147	498
148	106
148	189
148	277
148	312
148	345
148	364
148	368
148	420
148	451
148	455
148	465
148	470
148	490
149	116
149	188
149	225
149	238
149	247
149	320
149	329
149	387
149	431
149	434
149	475
149	485
149	499
150	272
150	282
150	308
150	324
150	382
150	421
150	426
150	438
150	439
150	473
150	483
150	484
150	487
151	121
151	132
151	214
151	223
151	227
151	231
151	339
151	352
151	415
151	419
151	424
151	462
151	474
152	235
152	259
152	313
152	350
152	380
152	397
152	399
152	420
152	450
152	467
152	468
152	487
152	488
153	34
153	166
153	313
153	324
153	348
153	396
153	412
153	440
153	441
153	442
153	456
153	479
153	487
154	59
154	78
154	195
154	227
154	290
154	293
154	296
154	462
154	463
154	469
154	477
154	484
154	498
155	50
155	66
155	174
155	408
155	419
155	420
155	454
155	455
155	485
155	488
155	492
155	494
155	496
156	26
156	173
156	200
156	236
156	248
156	272
156	310
156	360
156	367
156	399
156	437
156	483
156	493
157	123
157	172
157	277
157	315
157	325
157	336
157	378
157	412
157	423
157	440
157	466
157	499
157	500
158	177
158	308
158	318
158	368
158	417
158	447
158	451
158	455
158	465
158	467
158	473
158	474
158	490
159	205
159	235
159	255
159	342
159	372
159	376
159	396
159	409
159	433
159	459
159	472
159	486
159	491
160	62
160	75
160	184
160	213
160	273
160	419
160	432
160	436
160	441
160	443
160	454
160	474
160	489
161	66
161	186
161	220
161	234
161	263
161	401
161	405
161	409
161	418
161	422
161	430
161	470
161	487
162	204
162	217
162	310
162	386
162	389
162	399
162	438
162	441
162	455
162	481
162	488
162	494
162	496
163	13
163	67
163	278
163	316
163	322
163	426
163	431
163	452
163	455
163	472
163	486
163	494
163	497
164	141
164	176
164	217
164	279
164	338
164	380
164	419
164	429
164	445
164	471
164	474
164	481
164	491
165	179
165	285
165	323
165	340
165	411
165	441
165	474
165	477
165	486
165	488
165	494
165	496
165	498
166	42
166	89
166	139
166	153
166	233
166	259
166	374
166	377
166	385
166	421
166	445
166	470
166	481
167	95
167	202
167	288
167	337
167	341
167	361
167	380
167	434
167	439
167	483
167	491
167	492
167	498
168	79
168	111
168	119
168	218
168	240
168	254
168	268
168	383
168	460
168	463
168	464
168	468
168	483
169	130
169	265
169	276
169	295
169	297
169	352
169	365
169	388
169	416
169	451
169	455
169	490
169	492
170	66
170	226
170	276
170	316
170	367
170	418
170	426
170	433
170	447
170	454
170	470
170	491
170	493
171	172
171	183
171	256
171	362
171	389
171	393
171	399
171	440
171	453
171	457
171	474
171	475
171	476
171	491
172	46
172	94
172	157
172	171
172	274
172	346
172	362
172	367
172	405
172	414
172	420
172	453
172	475
172	476
173	40
173	156
173	212
173	218
173	270
173	300
173	313
173	350
173	365
173	395
173	408
173	459
173	479
173	484
174	155
174	247
174	278
174	317
174	334
174	344
174	356
174	371
174	412
174	435
174	455
174	474
174	490
174	499
175	47
175	104
175	109
175	229
175	298
175	361
175	370
175	371
175	421
175	435
175	442
175	464
175	472
175	483
176	57
176	164
176	272
176	285
176	304
176	326
176	353
176	363
176	381
176	402
176	403
176	454
176	490
176	492
177	1
177	123
177	158
177	207
177	221
177	266
177	338
177	356
177	384
177	426
177	458
177	469
177	479
177	486
178	32
178	75
178	84
178	237
178	312
178	317
178	361
178	391
178	414
178	416
178	421
178	448
178	459
178	474
179	165
179	229
179	300
179	305
179	331
179	339
179	345
179	393
179	412
179	431
179	468
179	498
179	499
179	500
180	19
180	227
180	241
180	312
180	330
180	382
180	417
180	438
180	446
180	448
180	457
180	465
180	474
180	497
181	23
181	146
181	183
181	236
181	288
181	303
181	309
181	357
181	379
181	404
181	444
181	456
181	462
181	466
182	49
182	74
182	240
182	284
182	290
182	357
182	413
182	447
182	456
182	467
182	488
182	489
182	491
182	497
183	102
183	171
183	181
183	195
183	251
183	303
183	329
183	374
183	383
183	398
183	433
183	472
183	482
183	488
184	160
184	215
184	236
184	247
184	298
184	334
184	343
184	379
184	384
184	402
184	432
184	433
184	445
184	491
185	18
185	241
185	317
185	336
185	351
185	411
185	412
185	413
185	446
185	450
185	473
185	478
185	487
185	500
186	161
186	225
186	228
186	230
186	298
186	310
186	335
186	345
186	372
186	378
186	383
186	428
186	437
186	471
187	88
187	116
187	132
187	222
187	234
187	238
187	290
187	321
187	338
187	387
187	422
187	434
187	462
187	487
188	59
188	137
188	149
188	234
188	250
188	277
188	299
188	321
188	387
188	388
188	400
188	418
188	420
188	483
189	18
189	148
189	246
189	278
189	297
189	318
189	370
189	398
189	413
189	420
189	434
189	443
189	454
189	497
190	69
190	73
190	231
190	263
190	281
190	364
190	366
190	388
190	424
190	435
190	436
190	446
190	467
190	490
190	497
191	88
191	224
191	262
191	316
191	364
191	366
191	392
191	394
191	400
191	401
191	428
191	444
191	447
191	453
191	459
192	41
192	94
192	202
192	296
192	308
192	355
192	374
192	393
192	441
192	457
192	463
192	465
192	471
192	479
192	489
193	39
193	98
193	134
193	215
193	223
193	232
193	272
193	319
193	358
193	412
193	439
193	458
193	466
193	494
193	495
194	6
194	37
194	118
194	203
194	264
194	267
194	270
194	272
194	438
194	446
194	448
194	481
194	490
194	493
194	496
195	11
195	154
195	183
195	218
195	237
195	390
195	392
195	393
195	395
195	425
195	452
195	461
195	472
195	485
195	486
196	33
196	209
196	216
196	222
196	227
196	238
196	251
196	276
196	321
196	340
196	362
196	369
196	370
196	395
196	415
197	117
197	227
197	231
197	281
197	286
197	328
197	357
197	359
197	377
197	429
197	432
197	452
197	474
197	480
197	481
198	249
198	289
198	322
198	327
198	368
198	385
198	391
198	403
198	420
198	449
198	453
198	457
198	463
198	472
198	490
199	27
199	54
199	248
199	382
199	398
199	409
199	413
199	416
199	417
199	422
199	423
199	447
199	450
199	456
199	483
200	156
200	216
200	228
200	239
200	274
200	304
200	306
200	326
200	355
200	360
200	378
200	383
200	392
200	399
200	437
201	52
201	124
201	208
201	214
201	239
201	273
201	295
201	329
201	341
201	357
201	391
201	404
201	431
201	444
201	451
202	123
202	128
202	167
202	192
202	211
202	327
202	331
202	404
202	407
202	408
202	434
202	467
202	484
202	495
202	499
203	28
203	81
203	93
203	194
203	291
203	328
203	340
203	341
203	354
203	364
203	408
203	436
203	446
203	457
203	468
204	77
204	83
204	162
204	231
204	257
204	356
204	398
204	431
204	444
204	453
204	460
204	461
204	467
204	469
204	472
205	66
205	89
205	110
205	159
205	246
205	342
205	376
205	389
205	396
205	415
205	418
205	420
205	468
205	477
205	480
206	105
206	112
206	224
206	277
206	328
206	356
206	378
206	411
206	424
206	441
206	477
206	478
206	485
206	494
206	496
207	177
207	301
207	310
207	327
207	363
207	364
207	369
207	379
207	407
207	434
207	466
207	467
207	492
207	495
207	497
208	201
208	275
208	299
208	336
208	381
208	387
208	391
208	414
208	435
208	442
208	445
208	451
208	468
208	469
208	493
209	85
209	196
209	215
209	222
209	237
209	253
209	327
209	335
209	352
209	395
209	415
209	429
209	455
209	470
209	489
210	2
210	30
210	138
210	146
210	218
210	232
210	267
210	329
210	411
210	434
210	441
210	446
210	477
210	489
210	492
211	72
211	124
211	136
211	141
211	202
211	217
211	236
211	274
211	326
211	342
211	390
211	404
211	415
211	444
211	491
212	1
212	40
212	74
212	101
212	173
212	293
212	318
212	365
212	382
212	394
212	406
212	409
212	453
212	467
212	487
213	92
213	98
213	160
213	219
213	254
213	301
213	311
213	324
213	338
213	355
213	387
213	401
213	450
213	486
213	489
214	94
214	121
214	151
214	201
214	312
214	327
214	395
214	401
214	415
214	427
214	443
214	464
214	467
214	483
214	490
215	94
215	108
215	184
215	193
215	209
215	222
215	256
215	271
215	295
215	325
215	416
215	434
215	451
215	498
215	499
215	500
216	53
216	63
216	93
216	121
216	196
216	200
216	222
216	226
216	276
216	339
216	344
216	353
216	393
216	395
216	408
216	415
217	13
217	114
217	162
217	164
217	211
217	299
217	310
217	411
217	421
217	439
217	447
217	453
217	458
217	462
217	467
217	491
218	10
218	107
218	168
218	173
218	195
218	210
218	224
218	259
218	306
218	338
218	410
218	433
218	448
218	468
218	470
218	472
219	32
219	125
219	213
219	261
219	274
219	327
219	341
219	403
219	422
219	437
219	440
219	460
219	462
219	480
219	490
219	493
220	16
220	39
220	76
220	107
220	161
220	223
220	232
220	319
220	328
220	358
220	369
220	409
220	415
220	436
220	490
220	491
221	79
221	177
221	253
221	313
221	322
221	353
221	401
221	407
221	413
221	424
221	433
221	452
221	455
221	466
221	469
221	488
222	45
222	99
222	187
222	196
222	209
222	215
222	216
222	236
222	266
222	327
222	352
222	395
222	406
222	415
222	420
222	485
223	3
223	18
223	46
223	72
223	86
223	88
223	151
223	193
223	220
223	232
223	245
223	283
223	294
223	319
223	333
223	358
224	36
224	191
224	206
224	218
224	238
224	245
224	262
224	271
224	290
224	292
224	335
224	339
224	398
224	431
224	472
224	483
225	149
225	186
225	244
225	289
225	348
225	349
225	366
225	379
225	418
225	453
225	456
225	457
225	458
225	475
225	485
225	490
226	132
226	170
226	216
226	286
226	289
226	330
226	332
226	335
226	338
226	371
226	401
226	412
226	447
226	460
226	480
226	496
227	98
227	118
227	151
227	154
227	180
227	196
227	197
227	249
227	255
227	276
227	327
227	352
227	415
227	451
227	464
227	489
228	75
228	127
228	186
228	200
228	305
228	317
228	340
228	375
228	383
228	405
228	410
228	437
228	474
228	478
228	494
228	500
229	142
229	175
229	179
229	351
229	362
229	373
229	382
229	393
229	397
229	404
229	458
229	463
229	485
229	488
229	494
229	496
230	41
230	186
230	259
230	301
230	302
230	349
230	355
230	356
230	362
230	440
230	453
230	455
230	458
230	475
230	476
230	493
231	67
231	133
231	135
231	151
231	190
231	197
231	204
231	291
231	409
231	417
231	426
231	436
231	438
231	440
231	449
231	470
232	9
232	46
232	76
232	193
232	210
232	220
232	223
232	251
232	295
232	319
232	327
232	358
232	417
232	489
232	491
232	494
233	12
233	140
233	166
233	288
233	305
233	323
233	403
233	407
233	425
233	432
233	448
233	452
233	466
233	475
233	478
233	495
234	7
234	90
234	132
234	161
234	187
234	188
234	238
234	320
234	321
234	322
234	376
234	387
234	414
234	419
234	491
234	500
235	44
235	105
235	152
235	159
235	291
235	353
235	354
235	365
235	445
235	454
235	456
235	458
235	464
235	467
235	470
235	499
236	16
236	136
236	156
236	181
236	184
236	211
236	222
236	288
236	355
236	357
236	366
236	404
236	432
236	444
236	461
236	494
237	82
237	99
237	119
237	145
237	178
237	195
237	209
237	247
237	254
237	325
237	333
237	342
237	344
237	406
237	499
237	500
238	58
238	59
238	72
238	88
238	149
238	187
238	196
238	224
238	234
238	257
238	258
238	290
238	301
238	320
238	343
238	387
238	404
239	52
239	56
239	58
239	124
239	128
239	200
239	201
239	260
239	282
239	329
239	363
239	396
239	404
239	411
239	441
239	444
239	490
240	89
240	106
240	128
240	145
240	168
240	182
240	279
240	282
240	315
240	355
240	366
240	398
240	414
240	432
240	461
240	477
240	483
241	83
241	124
241	180
241	185
241	271
241	339
241	372
241	373
241	384
241	408
241	420
241	423
241	427
241	450
241	456
241	494
241	499
242	60
242	72
242	129
242	130
242	264
242	311
242	325
242	363
242	404
242	411
242	419
242	440
242	441
242	485
242	488
242	494
242	496
243	4
243	8
243	27
243	55
243	63
243	77
243	253
243	307
243	314
243	322
243	331
243	337
243	400
243	420
243	426
243	467
243	479
244	225
244	258
244	289
244	315
244	332
244	349
244	379
244	385
244	405
244	414
244	418
244	442
244	453
244	458
244	475
244	476
244	494
245	8
245	88
245	126
245	142
245	146
245	223
245	224
245	263
245	281
245	297
245	303
245	395
245	426
245	459
245	461
245	465
245	500
246	147
246	189
246	205
246	280
246	294
246	300
246	320
246	324
246	329
246	372
246	376
246	381
246	399
246	472
246	478
246	494
246	498
247	55
247	118
247	123
247	142
247	149
247	174
247	184
247	237
247	277
247	298
247	308
247	354
247	373
247	416
247	451
247	481
247	482
248	97
248	115
248	156
248	199
248	282
248	307
248	310
248	332
248	340
248	352
248	360
248	378
248	382
248	383
248	429
248	437
248	484
249	105
249	134
249	198
249	227
249	269
249	318
249	324
249	336
249	339
249	365
249	368
249	384
249	430
249	449
249	487
249	491
249	495
250	5
250	27
250	73
250	84
250	188
250	284
250	302
250	311
250	316
250	326
250	400
250	406
250	441
250	454
250	461
250	483
250	484
251	143
251	183
251	196
251	232
251	278
251	346
251	348
251	364
251	366
251	397
251	417
251	427
251	436
251	475
251	479
251	487
251	496
252	95
252	275
252	307
252	317
252	382
252	406
252	409
252	420
252	427
252	428
252	440
252	455
252	473
252	477
252	479
252	498
252	499
253	13
253	58
253	142
253	209
253	221
253	243
253	265
253	371
253	390
253	391
253	411
253	414
253	425
253	435
253	442
253	479
253	493
254	43
254	93
254	119
254	127
254	135
254	168
254	213
254	237
254	264
254	283
254	312
254	334
254	431
254	433
254	458
254	466
254	495
255	1
255	159
255	227
255	300
255	302
255	332
255	342
255	367
255	376
255	387
255	396
255	410
255	419
255	476
255	481
255	484
255	492
256	61
256	69
256	171
256	215
256	267
256	296
256	319
256	321
256	330
256	366
256	417
256	450
256	452
256	466
256	476
256	497
256	500
257	84
257	117
257	121
257	127
257	204
257	238
257	283
257	318
257	348
257	376
257	380
257	425
257	426
257	428
257	433
257	447
257	493
258	81
258	115
258	122
258	238
258	244
258	266
258	271
258	276
258	303
258	345
258	375
258	410
258	416
258	444
258	476
258	499
258	500
259	10
259	41
259	91
259	152
259	166
259	218
259	230
259	295
259	325
259	362
259	379
259	405
259	435
259	453
259	458
259	466
259	475
260	64
260	88
260	113
260	239
260	281
260	324
260	325
260	368
260	377
260	416
260	447
260	452
260	455
260	475
260	480
260	499
260	500
261	24
261	31
261	219
261	311
261	356
261	361
261	395
261	396
261	398
261	426
261	431
261	455
261	458
261	461
261	470
261	482
261	492
262	25
262	52
262	119
262	122
262	145
262	191
262	224
262	273
262	330
262	331
262	420
262	422
262	426
262	455
262	456
262	464
262	472
262	482
263	102
263	108
263	161
263	190
263	245
263	303
263	330
263	356
263	376
263	390
263	392
263	431
263	451
263	455
263	466
263	480
263	482
263	489
264	29
264	133
264	139
264	194
264	242
264	254
264	311
264	316
264	329
264	396
264	397
264	406
264	426
264	436
264	443
264	446
264	447
264	469
265	47
265	65
265	134
265	169
265	253
265	294
265	305
265	371
265	391
265	414
265	424
265	435
265	442
265	448
265	450
265	473
265	487
265	495
266	73
266	104
266	113
266	116
266	177
266	222
266	258
266	281
266	295
266	299
266	345
266	359
266	423
266	462
266	469
266	490
266	499
266	500
267	143
267	194
267	210
267	256
267	285
267	288
267	289
267	344
267	348
267	399
267	415
267	418
267	434
267	435
267	460
267	486
267	492
267	498
268	69
268	74
268	168
268	270
268	287
268	337
268	348
268	358
268	369
268	370
268	375
268	406
268	410
268	430
268	436
268	446
268	464
268	489
269	2
269	125
269	249
269	341
269	349
269	354
269	372
269	415
269	418
269	423
269	440
269	448
269	450
269	463
269	473
269	474
269	488
269	500
270	75
270	116
270	173
270	194
270	268
270	275
270	278
270	291
270	296
270	297
270	354
270	365
270	388
270	438
270	445
270	448
270	451
270	495
271	119
271	141
271	215
271	224
271	241
271	258
271	309
271	320
271	408
271	430
271	451
271	455
271	468
271	471
271	490
271	492
271	499
271	500
272	107
272	109
272	124
272	150
272	156
272	176
272	193
272	194
272	334
272	343
272	377
272	385
272	391
272	416
272	454
272	464
272	478
272	492
272	498
273	84
273	101
273	160
273	201
273	262
273	313
273	318
273	329
273	331
273	334
273	345
273	349
273	425
273	434
273	443
273	448
273	465
273	498
273	499
274	31
274	126
274	172
274	200
274	211
274	219
274	325
274	341
274	344
274	353
274	425
274	432
274	447
274	459
274	463
274	470
274	480
274	493
274	496
275	86
275	133
275	208
275	252
275	270
275	287
275	294
275	299
275	312
275	315
275	370
275	375
275	398
275	414
275	442
275	454
275	459
275	469
275	480
276	169
276	170
276	196
276	216
276	227
276	258
276	291
276	327
276	337
276	352
276	371
276	383
276	395
276	405
276	415
276	446
276	470
276	481
276	492
277	21
277	27
277	102
277	148
277	157
277	188
277	206
277	247
277	298
277	313
277	373
277	380
277	396
277	402
277	412
277	443
277	490
277	499
277	500
278	29
278	45
278	46
278	74
278	163
278	174
278	189
278	251
278	270
278	288
278	297
278	314
278	346
278	404
278	422
278	436
278	438
278	466
278	487
279	39
279	109
279	118
279	123
279	164
279	240
279	289
279	293
279	311
279	388
279	402
279	413
279	437
279	439
279	476
279	478
279	483
279	484
279	491
280	19
280	57
280	110
280	246
280	302
280	303
280	307
280	334
280	369
280	391
280	400
280	410
280	423
280	439
280	443
280	454
280	464
280	473
280	495
281	33
281	69
281	74
281	190
281	197
281	245
281	260
281	266
281	317
281	346
281	352
281	378
281	397
281	404
281	417
281	438
281	448
281	495
281	500
282	43
282	64
282	70
282	150
282	239
282	240
282	248
282	331
282	348
282	349
282	400
282	408
282	412
282	434
282	435
282	462
282	467
282	483
282	498
283	22
283	47
283	49
283	66
283	223
283	254
283	257
283	367
283	384
283	406
283	425
283	434
283	447
283	451
283	458
283	460
283	480
283	492
283	493
284	44
284	85
284	91
284	95
284	144
284	182
284	250
284	291
284	304
284	316
284	399
284	409
284	439
284	449
284	459
284	461
284	469
284	473
284	482
285	64
285	85
285	165
285	176
285	267
285	287
285	311
285	316
285	318
285	320
285	325
285	362
285	373
285	381
285	425
285	458
285	464
285	477
285	498
286	4
286	23
286	50
286	111
286	134
286	197
286	226
286	310
286	345
286	347
286	354
286	382
286	425
286	446
286	460
286	470
286	480
286	493
286	497
287	22
287	65
287	81
287	82
287	101
287	268
287	275
287	285
287	328
287	338
287	369
287	372
287	399
287	413
287	454
287	455
287	464
287	469
287	485
287	498
288	90
288	104
288	120
288	167
288	181
288	233
288	236
288	267
288	278
288	331
288	335
288	354
288	408
288	442
288	456
288	462
288	477
288	483
288	484
288	494
289	87
289	198
289	225
289	226
289	244
289	267
289	279
289	291
289	299
289	315
289	318
289	354
289	362
289	393
289	413
289	430
289	449
289	457
289	463
289	471
290	49
290	154
290	182
290	187
290	224
290	238
290	329
290	331
290	368
290	380
290	392
290	408
290	428
290	437
290	439
290	453
290	475
290	483
290	489
290	491
291	203
291	231
291	235
291	270
291	276
291	284
291	289
291	327
291	346
291	364
291	406
291	411
291	421
291	427
291	439
291	445
291	446
291	448
291	452
291	459
292	47
292	96
292	113
292	117
292	138
292	224
292	293
292	343
292	347
292	351
292	365
292	368
292	400
292	434
292	443
292	454
292	491
292	492
292	493
292	498
293	90
293	126
293	154
293	212
293	279
293	292
293	321
293	373
293	388
293	392
293	398
293	421
293	433
293	440
293	444
293	449
293	462
293	477
293	483
293	500
294	4
294	137
294	223
294	246
294	265
294	275
294	312
294	352
294	361
294	371
294	407
294	414
294	421
294	430
294	435
294	439
294	457
294	459
294	461
294	465
295	25
295	86
295	145
295	169
295	201
295	215
295	232
295	259
295	266
295	298
295	344
295	347
295	355
295	371
295	412
295	447
295	455
295	470
295	473
295	499
296	35
296	54
296	55
296	91
296	94
296	98
296	147
296	154
296	192
296	256
296	270
296	325
296	330
296	354
296	385
296	428
296	449
296	462
296	466
296	489
297	106
297	147
297	169
297	189
297	245
297	270
297	278
297	318
297	323
297	338
297	364
297	384
297	397
297	406
297	416
297	418
297	434
297	436
297	438
297	448
298	85
298	122
298	126
298	175
298	184
298	186
298	247
298	277
298	295
298	316
298	345
298	372
298	381
298	391
298	412
298	416
298	419
298	425
298	458
298	490
299	104
299	137
299	188
299	208
299	217
299	266
299	275
299	289
299	302
299	312
299	346
299	355
299	379
299	381
299	391
299	414
299	416
299	429
299	435
299	442
300	9
300	20
300	66
300	110
300	173
300	179
300	246
300	255
300	336
300	342
300	376
300	386
300	390
300	395
300	396
300	446
300	447
300	450
300	474
300	479
301	53
301	54
301	85
301	207
301	213
301	230
301	238
301	311
301	319
301	392
301	422
301	426
301	431
301	459
301	468
301	478
301	482
301	489
301	497
301	499
302	20
302	93
302	104
302	230
302	250
302	255
302	280
302	299
302	311
302	316
302	350
302	372
302	407
302	412
302	427
302	459
302	469
302	480
302	482
302	486
303	98
303	102
303	181
303	183
303	245
303	258
303	263
303	280
303	324
303	326
303	343
303	398
303	427
303	443
303	461
303	475
303	482
303	486
303	490
303	498
304	43
304	70
304	105
304	176
304	200
304	284
304	312
304	316
304	318
304	347
304	378
304	388
304	390
304	392
304	459
304	461
304	472
304	482
304	486
304	490
305	97
305	123
305	136
305	179
305	228
305	233
305	265
305	325
305	342
305	345
305	373
305	409
305	412
305	416
305	426
305	427
305	441
305	451
305	490
305	500
306	40
306	82
306	85
306	108
306	200
306	218
306	312
306	332
306	340
306	363
306	364
306	387
306	390
306	438
306	446
306	469
306	478
306	489
306	494
306	495
307	22
307	37
307	77
307	78
307	142
307	143
307	243
307	248
307	252
307	280
307	314
307	322
307	328
307	337
307	344
307	390
307	407
307	452
307	493
307	495
307	497
308	8
308	18
308	150
308	158
308	192
308	247
308	321
308	337
308	342
308	344
308	368
308	369
308	437
308	441
308	443
308	445
308	455
308	473
308	490
308	499
308	500
309	16
309	18
309	113
309	120
309	181
309	271
309	310
309	323
309	373
309	386
309	419
309	422
309	435
309	441
309	442
309	449
309	485
309	488
309	490
309	494
309	496
310	156
310	162
310	186
310	207
310	217
310	248
310	286
310	309
310	313
310	340
310	349
310	360
310	378
310	382
310	383
310	422
310	432
310	437
310	448
310	450
310	499
311	23
311	88
311	128
311	145
311	213
311	242
311	250
311	261
311	264
311	279
311	285
311	301
311	302
311	330
311	346
311	354
311	394
311	469
311	472
311	486
311	493
312	65
312	142
312	148
312	178
312	180
312	214
312	254
312	275
312	294
312	299
312	304
312	306
312	324
312	370
312	371
312	377
312	391
312	395
312	440
312	461
312	496
313	5
313	17
313	111
313	152
313	153
313	173
313	221
313	273
313	277
313	310
313	315
313	322
313	339
313	397
313	409
313	450
313	451
313	456
313	473
313	482
313	485
314	4
314	8
314	19
314	22
314	27
314	35
314	37
314	69
314	243
314	278
314	307
314	322
314	330
314	337
314	376
314	405
314	440
314	467
314	470
314	491
314	500
315	83
315	157
315	240
315	244
315	275
315	289
315	313
315	336
315	375
315	410
315	427
315	431
315	435
315	449
315	457
315	462
315	463
315	465
315	471
315	479
315	481
316	61
316	115
316	163
316	170
316	191
316	250
316	264
316	284
316	285
316	298
316	302
316	304
316	351
316	389
316	414
316	443
316	459
316	463
316	472
316	488
316	495
317	23
317	103
317	112
317	134
317	174
317	178
317	185
317	228
317	252
317	281
317	384
317	385
317	389
317	418
317	423
317	430
317	451
317	456
317	478
317	479
317	500
318	48
318	96
318	106
318	122
318	158
318	189
318	212
318	249
318	257
318	273
318	285
318	289
318	297
318	304
318	381
318	384
318	400
318	405
318	413
318	485
318	498
319	16
319	39
319	40
319	44
319	98
319	129
319	193
319	220
319	223
319	232
319	256
319	301
319	358
319	359
319	370
319	373
319	395
319	417
319	440
319	471
319	474
320	6
320	15
320	59
320	72
320	116
320	143
320	149
320	234
320	238
320	246
320	271
320	285
320	321
320	387
320	416
320	435
320	436
320	461
320	466
320	475
320	487
321	72
321	116
321	128
321	132
321	187
321	188
321	196
321	234
321	256
321	293
321	308
321	320
321	353
321	374
321	387
321	415
321	435
321	445
321	474
321	494
321	495
322	8
322	22
322	27
322	37
322	56
322	77
322	112
322	113
322	163
322	198
322	221
322	234
322	243
322	307
322	313
322	314
322	358
322	367
322	444
322	459
322	462
323	1
323	14
323	69
323	165
323	233
323	297
323	309
323	339
323	348
323	360
323	385
323	393
323	403
323	421
323	427
323	432
323	449
323	457
323	465
323	470
323	471
324	99
324	150
324	153
324	213
324	246
324	249
324	260
324	303
324	312
324	330
324	336
324	433
324	444
324	452
324	466
324	468
324	470
324	479
324	489
324	490
324	495
324	497
325	75
325	157
325	215
325	237
325	242
325	259
325	260
325	274
325	285
325	296
325	305
325	333
325	344
325	361
325	366
325	398
325	401
325	406
325	478
325	485
325	490
325	500
326	11
326	15
326	30
326	64
326	68
326	176
326	200
326	211
326	250
326	303
326	333
326	337
326	353
326	365
326	382
326	448
326	449
326	450
326	454
326	473
326	482
326	487
327	3
327	94
327	99
327	198
327	202
327	207
327	209
327	214
327	219
327	222
327	227
327	232
327	276
327	291
327	333
327	352
327	357
327	395
327	400
327	415
327	458
327	476
328	2
328	18
328	19
328	96
328	197
328	203
328	206
328	220
328	287
328	307
328	373
328	389
328	411
328	419
328	445
328	463
328	485
328	488
328	494
328	496
328	499
328	500
329	78
329	149
329	183
329	201
329	210
329	239
329	246
329	264
329	273
329	290
329	343
329	360
329	394
329	402
329	406
329	411
329	443
329	454
329	456
329	464
329	489
329	492
330	61
330	75
330	107
330	180
330	226
330	256
330	262
330	263
330	296
330	311
330	314
330	324
330	354
330	364
330	409
330	433
330	443
330	451
330	465
330	466
330	487
330	497
331	22
331	131
331	135
331	179
331	202
331	243
331	262
331	273
331	282
331	288
331	290
331	350
331	366
331	376
331	388
331	399
331	434
331	476
331	477
331	483
331	491
331	500
332	6
332	34
332	35
332	49
332	114
332	226
332	244
332	248
332	255
332	306
332	346
332	367
332	383
332	392
332	397
332	402
332	413
332	426
332	447
332	460
332	470
332	493
333	223
333	237
333	325
333	326
333	327
333	368
333	416
333	419
333	421
333	428
333	442
333	451
333	455
333	460
333	472
333	479
333	489
333	490
333	494
333	496
333	499
333	500
334	101
334	132
334	138
334	140
334	174
334	184
334	254
334	272
334	273
334	280
334	382
334	399
334	417
334	427
334	449
334	465
334	467
334	473
334	482
334	492
334	497
334	498
335	11
335	135
335	186
335	209
335	224
335	226
335	288
335	348
335	374
335	375
335	380
335	390
335	394
335	399
335	432
335	437
335	445
335	448
335	456
335	468
335	474
335	481
336	11
336	51
336	157
336	185
336	208
336	249
336	300
336	315
336	324
336	351
336	369
336	370
336	381
336	382
336	395
336	409
336	419
336	423
336	440
336	479
336	487
336	499
337	8
337	22
337	27
337	49
337	60
337	72
337	77
337	78
337	167
337	243
337	268
337	276
337	307
337	308
337	314
337	326
337	353
337	402
337	418
337	424
337	458
337	469
338	59
338	60
338	73
338	119
338	145
338	164
338	177
338	187
338	213
338	218
338	226
338	287
338	297
338	356
338	398
338	427
338	433
338	466
338	469
338	472
338	480
338	486
339	23
339	151
339	179
339	216
339	224
339	241
339	249
339	313
339	323
339	349
339	372
339	381
339	403
339	423
339	435
339	440
339	441
339	462
339	475
339	479
339	480
339	487
340	15
340	75
340	90
340	132
340	165
340	196
340	203
340	228
340	248
340	306
340	310
340	345
340	360
340	381
340	393
340	404
340	437
340	441
340	445
340	446
340	479
340	488
341	71
341	76
341	125
341	137
341	146
341	167
341	201
341	203
341	219
341	269
341	274
341	375
341	424
341	425
341	447
341	449
341	450
341	460
341	470
341	480
341	493
341	500
342	1
342	9
342	12
342	17
342	20
342	58
342	99
342	110
342	113
342	159
342	205
342	211
342	237
342	255
342	300
342	305
342	308
342	351
342	383
342	396
342	449
342	470
342	472
343	53
343	66
343	107
343	133
343	184
343	238
343	272
343	292
343	303
343	329
343	352
343	367
343	380
343	381
343	400
343	414
343	416
343	422
343	443
343	444
343	459
343	480
343	498
344	20
344	21
344	68
344	76
344	174
344	216
344	237
344	267
344	274
344	295
344	307
344	308
344	325
344	359
344	368
344	412
344	433
344	451
344	468
344	484
344	488
344	489
344	490
345	28
345	133
345	148
345	179
345	186
345	258
345	266
345	273
345	286
345	298
345	305
345	340
345	388
345	412
345	416
345	425
345	429
345	434
345	437
345	451
345	456
345	461
345	500
346	69
346	119
346	133
346	139
346	172
346	251
346	278
346	281
346	291
346	299
346	311
346	332
346	360
346	368
346	369
346	388
346	408
346	428
346	438
346	446
346	448
346	454
346	489
347	42
347	84
347	92
347	117
347	143
347	286
347	292
347	295
347	304
347	354
347	385
347	406
347	412
347	416
347	424
347	425
347	447
347	460
347	461
347	465
347	470
347	480
347	493
348	74
348	106
348	153
348	225
348	251
348	257
348	267
348	268
348	282
348	323
348	335
348	369
348	391
348	397
348	399
348	406
348	417
348	436
348	438
348	448
348	460
348	462
348	464
349	33
349	71
349	86
349	225
349	230
349	244
349	269
349	273
349	282
349	310
349	339
349	371
349	380
349	385
349	405
349	434
349	443
349	453
349	458
349	461
349	469
349	475
349	476
350	29
350	68
350	78
350	94
350	111
350	152
350	173
350	302
350	331
350	389
350	390
350	410
350	412
350	417
350	418
350	423
350	425
350	443
350	458
350	460
350	478
350	479
350	487
351	45
351	46
351	57
351	77
351	109
351	131
351	185
351	229
351	292
351	316
351	336
351	342
351	373
351	403
351	411
351	441
351	471
351	474
351	477
351	485
351	488
351	494
351	496
352	80
352	94
352	151
352	169
352	209
352	222
352	227
352	248
352	276
352	281
352	294
352	327
352	343
352	359
352	384
352	395
352	415
352	418
352	421
352	436
352	472
352	475
352	495
353	64
353	176
353	216
353	221
353	235
353	274
353	321
353	326
353	337
353	365
353	372
353	376
353	389
353	394
353	402
353	405
353	418
353	421
353	450
353	472
353	477
353	487
353	494
354	106
354	203
354	235
354	247
354	269
354	270
354	286
354	288
354	289
354	296
354	311
354	330
354	347
354	363
354	387
354	450
354	452
354	460
354	466
354	478
354	489
354	495
354	497
355	33
355	46
355	145
355	192
355	200
355	213
355	230
355	236
355	240
355	295
355	299
355	385
355	393
355	403
355	426
355	427
355	454
355	457
355	463
355	465
355	471
355	472
355	480
356	12
356	42
356	59
356	76
356	118
356	147
356	174
356	177
356	204
356	206
356	230
356	261
356	263
356	338
356	366
356	371
356	374
356	392
356	431
356	438
356	468
356	472
356	474
356	487
357	56
357	76
357	124
357	136
357	141
357	146
357	181
357	182
357	197
357	201
357	236
357	327
357	367
357	373
357	392
357	402
357	404
357	406
357	408
357	444
357	460
357	472
357	498
357	499
358	16
358	39
358	41
358	46
358	76
358	96
358	98
358	193
358	220
358	223
358	232
358	268
358	319
358	322
358	363
358	392
358	394
358	418
358	441
358	450
358	462
358	473
358	475
358	490
359	54
359	62
359	101
359	197
359	266
359	319
359	344
359	352
359	362
359	377
359	380
359	390
359	394
359	396
359	429
359	432
359	445
359	449
359	463
359	474
359	478
359	481
359	496
359	497
360	49
360	90
360	99
360	133
360	156
360	200
360	248
360	310
360	323
360	329
360	340
360	346
360	378
360	383
360	385
360	394
360	402
360	417
360	426
360	437
360	477
360	482
360	484
360	497
361	22
361	65
361	86
361	95
361	109
361	167
361	175
361	178
361	261
361	294
361	325
361	369
361	371
361	390
361	400
361	401
361	403
361	414
361	426
361	435
361	442
361	451
361	458
361	490
362	31
362	83
362	146
362	171
362	172
362	196
362	229
362	230
362	259
362	285
362	289
362	359
362	382
362	390
362	402
362	405
362	426
362	443
362	458
362	464
362	475
362	476
362	495
362	499
363	10
363	57
363	176
363	207
363	239
363	242
363	306
363	354
363	358
363	364
363	372
363	375
363	404
363	420
363	424
363	427
363	445
363	455
363	466
363	468
363	478
363	483
363	489
363	497
364	16
364	24
364	29
364	73
364	83
364	148
364	190
364	191
364	203
364	207
364	251
364	291
364	297
364	306
364	330
364	363
364	388
364	397
364	418
364	436
364	445
364	476
364	477
364	500
365	9
365	40
365	108
365	136
365	169
365	173
365	212
365	235
365	249
365	270
365	292
365	326
365	353
365	381
365	390
365	391
365	401
365	407
365	423
365	442
365	473
365	479
365	497
365	498
366	31
366	42
366	123
366	190
366	191
366	225
366	236
366	240
366	251
366	256
366	325
366	331
366	356
366	379
366	391
366	405
366	414
366	442
366	453
366	458
366	468
366	475
366	476
366	499
367	112
367	156
367	170
367	172
367	255
367	283
367	322
367	332
367	343
367	357
367	380
367	399
367	427
367	447
367	452
367	460
367	467
367	468
367	470
367	473
367	477
367	480
367	485
367	499
368	67
368	95
368	121
368	148
368	158
368	198
368	249
368	260
368	290
368	292
368	308
368	333
368	344
368	346
368	371
368	385
368	399
368	413
368	454
368	455
368	464
368	473
368	487
368	490
368	499
369	2
369	56
369	62
369	124
369	143
369	196
369	207
369	220
369	268
369	280
369	287
369	308
369	336
369	346
369	348
369	361
369	400
369	428
369	434
369	454
369	462
369	464
369	490
369	498
369	500
370	4
370	38
370	109
370	134
370	137
370	142
370	175
370	189
370	196
370	268
370	275
370	312
370	319
370	336
370	371
370	383
370	391
370	411
370	435
370	436
370	455
370	459
370	462
370	463
370	481
371	71
371	122
371	137
371	174
371	175
371	226
371	253
371	265
371	276
371	294
371	295
371	312
371	349
371	356
371	361
371	368
371	370
371	434
371	435
371	442
371	451
371	473
371	476
371	479
371	492
372	47
372	63
372	64
372	124
372	137
372	159
372	186
372	241
372	246
372	269
372	287
372	298
372	302
372	339
372	353
372	363
372	374
372	394
372	418
372	420
372	434
372	438
372	440
372	451
372	487
373	9
373	42
373	229
373	241
373	247
373	277
373	285
373	293
373	305
373	309
373	319
373	328
373	351
373	357
373	376
373	389
373	393
373	411
373	419
373	441
373	485
373	487
373	488
373	489
373	494
373	496
374	49
374	95
374	113
374	166
374	183
374	192
374	321
374	335
374	356
374	372
374	377
374	380
374	390
374	394
374	401
374	407
374	428
374	432
374	445
374	474
374	481
374	486
374	488
374	492
374	493
374	498
375	51
375	89
375	97
375	103
375	228
375	258
375	268
375	275
375	315
375	335
375	341
375	363
375	380
375	390
375	394
375	407
375	432
375	444
375	445
375	463
375	470
375	473
375	474
375	481
375	493
375	494
376	1
376	9
376	17
376	66
376	69
376	96
376	110
376	159
376	205
376	234
376	246
376	255
376	257
376	263
376	300
376	314
376	331
376	353
376	373
376	379
376	384
376	396
376	431
376	433
376	451
376	483
377	14
377	68
377	95
377	100
377	114
377	138
377	145
377	166
377	197
377	260
377	272
377	312
377	359
377	374
377	378
377	388
377	390
377	394
377	403
377	413
377	429
377	445
377	471
377	472
377	474
377	481
378	15
378	54
378	84
378	90
378	99
378	157
378	186
378	200
378	206
378	248
378	281
378	304
378	310
378	360
378	377
378	383
378	399
378	400
378	405
378	417
378	426
378	436
378	437
378	438
378	455
378	500
379	3
379	123
379	181
379	184
379	207
379	225
379	244
379	259
379	299
379	366
379	376
379	386
379	387
379	399
379	405
379	423
379	428
379	429
379	430
379	441
379	451
379	458
379	475
379	476
379	486
379	500
380	102
380	152
380	164
380	167
380	257
380	277
380	290
380	335
380	343
380	349
380	359
380	367
380	374
380	375
380	390
380	405
380	421
380	429
380	432
380	438
380	445
380	457
380	467
380	474
380	481
380	499
381	2
381	6
381	57
381	81
381	141
381	176
381	208
381	246
381	285
381	298
381	299
381	318
381	336
381	339
381	340
381	343
381	365
381	393
381	399
381	401
381	422
381	438
381	468
381	475
381	488
381	492
382	52
382	104
382	150
382	180
382	199
382	212
382	229
382	248
382	252
382	286
382	310
382	326
382	334
382	336
382	362
382	389
382	429
382	430
382	456
382	468
382	472
382	473
382	477
382	479
382	483
382	487
383	75
383	85
383	90
383	99
383	100
383	118
383	168
383	183
383	186
383	200
383	228
383	248
383	276
383	310
383	332
383	342
383	360
383	370
383	378
383	406
383	429
383	437
383	449
383	456
383	466
383	469
383	488
384	14
384	115
384	147
384	177
384	184
384	241
384	249
384	283
384	297
384	317
384	318
384	352
384	376
384	399
384	400
384	402
384	404
384	411
384	416
384	423
384	425
384	437
384	443
384	454
384	464
384	482
384	498
385	166
385	198
385	244
385	272
385	296
385	317
385	323
385	347
385	349
385	355
385	360
385	368
385	393
385	403
385	423
385	427
385	446
385	449
385	454
385	457
385	463
385	465
385	467
385	471
385	480
385	491
385	493
386	10
386	15
386	18
386	25
386	34
386	38
386	96
386	108
386	116
386	128
386	162
386	300
386	309
386	379
386	387
386	396
386	397
386	411
386	416
386	419
386	441
386	447
386	485
386	488
386	494
386	496
386	497
387	59
387	72
387	116
387	123
387	132
387	139
387	149
387	187
387	188
387	208
387	213
387	234
387	238
387	255
387	306
387	320
387	321
387	354
387	379
387	386
387	391
387	392
387	442
387	455
387	470
387	489
387	498
388	26
388	50
388	106
388	116
388	126
388	146
388	169
388	188
388	190
388	270
388	279
388	293
388	304
388	331
388	345
388	346
388	364
388	377
388	400
388	415
388	421
388	444
388	461
388	467
388	484
388	487
388	491
388	496
389	9
389	24
389	111
389	141
389	162
389	171
389	205
389	316
389	317
389	328
389	350
389	353
389	373
389	382
389	417
389	422
389	423
389	431
389	440
389	456
389	457
389	465
389	472
389	473
389	487
389	488
389	495
389	498
390	12
390	110
390	145
390	195
390	211
390	253
390	263
390	300
390	304
390	306
390	307
390	335
390	350
390	359
390	361
390	362
390	365
390	374
390	375
390	377
390	380
390	394
390	413
390	429
390	432
390	468
390	474
390	481
391	22
391	32
391	35
391	63
391	109
391	142
391	178
391	198
391	201
391	208
391	253
391	265
391	272
391	280
391	298
391	299
391	312
391	348
391	365
391	366
391	370
391	387
391	401
391	435
391	442
391	473
391	492
391	500
392	20
392	60
392	76
392	79
392	103
392	191
392	195
392	200
392	263
392	290
392	293
392	301
392	304
392	332
392	356
392	357
392	358
392	387
392	407
392	410
392	426
392	453
392	459
392	461
392	469
392	472
392	486
392	488
393	8
393	171
393	179
393	192
393	195
393	216
393	229
393	289
393	323
393	340
393	355
393	373
393	381
393	385
393	403
393	427
393	444
393	449
393	453
393	454
393	457
393	463
393	465
393	469
393	471
393	478
393	486
393	494
394	18
394	62
394	120
394	191
394	212
394	311
394	329
394	335
394	353
394	358
394	359
394	360
394	372
394	374
394	375
394	377
394	390
394	400
394	412
394	429
394	432
394	445
394	449
394	453
394	474
394	481
394	482
394	494
395	2
395	94
395	121
395	127
395	147
395	173
395	195
395	196
395	209
395	214
395	216
395	222
395	245
395	261
395	276
395	300
395	312
395	319
395	327
395	336
395	352
395	397
395	415
395	434
395	438
395	458
395	482
395	494
396	1
396	9
396	17
396	20
396	25
396	66
396	90
396	101
396	110
396	153
396	159
396	205
396	239
396	255
396	261
396	264
396	277
396	300
396	342
396	359
396	376
396	386
396	406
396	425
396	433
396	443
396	470
396	485
397	6
397	28
397	32
397	42
397	87
397	132
397	152
397	229
397	251
397	264
397	281
397	297
397	313
397	332
397	348
397	364
397	386
397	395
397	408
397	432
397	436
397	438
397	448
397	449
397	464
397	476
397	478
397	480
397	498
398	41
398	47
398	60
398	70
398	88
398	110
398	127
398	145
398	183
398	189
398	199
398	204
398	224
398	240
398	261
398	275
398	293
398	303
398	325
398	338
398	412
398	415
398	441
398	452
398	461
398	463
398	483
398	486
398	495
399	62
399	100
399	120
399	143
399	152
399	156
399	162
399	171
399	200
399	246
399	267
399	284
399	287
399	331
399	334
399	335
399	348
399	367
399	368
399	378
399	379
399	381
399	384
399	400
399	402
399	430
399	456
399	492
399	493
399	499
400	21
400	29
400	78
400	133
400	188
400	191
400	243
400	250
400	280
400	282
400	292
400	318
400	327
400	343
400	361
400	369
400	378
400	384
400	388
400	394
400	399
400	443
400	444
400	454
400	461
400	463
400	464
400	471
400	492
400	498
401	27
401	37
401	61
401	65
401	129
401	136
401	161
401	191
401	213
401	214
401	221
401	226
401	325
401	361
401	365
401	374
401	381
401	391
401	407
401	410
401	433
401	446
401	452
401	454
401	466
401	468
401	471
401	495
401	497
401	500
402	19
402	48
402	138
402	144
402	147
402	176
402	184
402	277
402	279
402	329
402	332
402	337
402	353
402	357
402	360
402	362
402	384
402	399
402	410
402	419
402	437
402	443
402	447
402	450
402	464
402	471
402	476
402	492
402	494
402	498
403	87
403	111
403	176
403	198
403	219
403	233
403	323
403	339
403	351
403	355
403	361
403	377
403	385
403	393
403	427
403	436
403	449
403	455
403	456
403	457
403	460
403	463
403	465
403	470
403	471
403	476
403	477
403	479
403	494
403	499
404	52
404	56
404	58
404	80
404	136
404	146
404	181
404	201
404	202
404	211
404	229
404	236
404	238
404	239
404	242
404	278
404	281
404	340
404	357
404	363
404	384
404	408
404	413
404	423
404	427
404	444
404	450
404	475
404	483
404	495
405	17
405	21
405	39
405	161
405	172
405	228
405	244
405	259
405	276
405	314
405	318
405	349
405	353
405	362
405	366
405	378
405	379
405	380
405	416
405	423
405	429
405	436
405	453
405	458
405	475
405	476
405	481
405	486
405	492
405	493
406	7
406	24
406	28
406	56
406	68
406	74
406	212
406	222
406	237
406	250
406	252
406	264
406	268
406	283
406	291
406	297
406	325
406	329
406	347
406	348
406	357
406	383
406	396
406	417
406	427
406	438
406	446
406	448
406	455
406	457
407	10
407	51
407	73
407	83
407	85
407	128
407	129
407	202
407	207
407	221
407	233
407	294
407	302
407	307
407	365
407	374
407	375
407	392
407	401
407	409
407	410
407	422
407	431
407	452
407	466
407	476
407	478
407	482
407	484
407	495
408	7
408	38
408	67
408	155
408	173
408	202
408	203
408	216
408	241
408	271
408	282
408	288
408	290
408	346
408	357
408	397
408	404
408	421
408	428
408	439
408	443
408	453
408	457
408	465
408	467
408	473
408	477
408	478
408	484
408	491
409	16
409	88
409	131
409	139
409	159
409	161
409	199
409	212
409	220
409	231
409	252
409	284
409	305
409	313
409	330
409	336
409	407
409	430
409	431
409	436
409	440
409	456
409	473
409	479
409	486
409	488
409	491
409	492
409	496
409	500
410	13
410	24
410	56
410	63
410	82
410	93
410	108
410	218
410	228
410	255
410	258
410	268
410	280
410	315
410	350
410	392
410	401
410	402
410	407
410	424
410	427
410	433
410	437
410	442
410	448
410	452
410	460
410	463
410	486
410	489
410	495
411	126
411	165
411	185
411	206
411	210
411	217
411	239
411	242
411	253
411	291
411	328
411	329
411	351
411	370
411	373
411	384
411	386
411	416
411	419
411	440
411	441
411	446
411	448
411	459
411	461
411	465
411	481
411	485
411	488
411	494
411	496
412	12
412	67
412	79
412	113
412	153
412	157
412	174
412	179
412	185
412	193
412	226
412	277
412	282
412	295
412	298
412	302
412	305
412	344
412	345
412	347
412	350
412	394
412	398
412	421
412	423
412	439
412	451
412	455
412	467
412	478
412	497
413	71
413	96
413	120
413	126
413	145
413	182
413	185
413	189
413	199
413	221
413	279
413	287
413	289
413	318
413	332
413	368
413	377
413	390
413	404
413	421
413	428
413	434
413	454
413	462
413	467
413	477
413	484
413	487
413	490
413	491
413	499
414	4
414	11
414	32
414	42
414	53
414	86
414	142
414	144
414	172
414	178
414	208
414	234
414	240
414	244
414	253
414	265
414	275
414	294
414	299
414	316
414	343
414	361
414	366
414	422
414	442
414	459
414	471
414	473
414	476
414	484
414	493
414	495
415	94
415	121
415	151
415	196
415	205
415	209
415	211
415	214
415	216
415	220
415	222
415	227
415	267
415	269
415	276
415	321
415	327
415	352
415	388
415	395
415	398
415	420
415	424
415	431
415	438
415	440
415	450
415	451
415	473
415	483
415	484
415	496
416	51
416	78
416	110
416	112
416	169
416	178
416	199
416	215
416	247
416	258
416	260
416	272
416	297
416	298
416	299
416	305
416	320
416	333
416	343
416	345
416	347
416	384
416	386
416	405
416	411
416	445
416	451
416	476
416	479
416	490
416	499
416	500
417	19
417	29
417	42
417	55
417	92
417	139
417	158
417	180
417	199
417	231
417	232
417	251
417	256
417	281
417	319
417	334
417	348
417	350
417	360
417	378
417	389
417	406
417	423
417	435
417	436
417	438
417	443
417	449
417	462
417	468
417	496
417	500
418	44
418	47
418	68
418	90
418	94
418	161
418	170
418	188
418	205
418	225
418	244
418	267
418	269
418	297
418	317
418	337
418	350
418	352
418	353
418	358
418	364
418	372
418	420
418	424
418	430
418	435
418	440
418	456
418	457
418	463
418	486
418	498
419	59
419	93
419	151
419	155
419	160
419	164
419	234
419	242
419	255
419	298
419	309
419	328
419	333
419	336
419	373
419	386
419	402
419	411
419	431
419	441
419	446
419	448
419	458
419	459
419	472
419	479
419	485
419	488
419	493
419	494
419	496
419	500
420	55
420	93
420	105
420	131
420	132
420	135
420	140
420	148
420	152
420	155
420	172
420	188
420	189
420	198
420	205
420	222
420	241
420	243
420	252
420	262
420	363
420	372
420	415
420	418
420	422
420	430
420	442
420	450
420	473
420	479
420	481
420	492
421	17
421	91
421	150
421	166
421	175
421	178
421	217
421	291
421	293
421	294
421	323
421	333
421	352
421	353
421	380
421	388
421	408
421	412
421	413
421	428
421	430
421	439
421	466
421	467
421	468
421	469
421	477
421	478
421	488
421	491
421	496
421	497
422	23
422	25
422	34
422	44
422	47
422	78
422	87
422	105
422	147
422	161
422	187
422	199
422	219
422	262
422	278
422	301
422	309
422	310
422	343
422	381
422	389
422	407
422	414
422	420
422	441
422	450
422	454
422	460
422	473
422	479
422	487
422	493
423	12
423	13
423	23
423	24
423	34
423	111
423	157
423	199
423	241
423	266
423	269
423	280
423	317
423	336
423	339
423	350
423	365
423	379
423	384
423	385
423	389
423	404
423	405
423	412
423	417
423	425
423	427
423	430
423	437
423	440
423	496
423	497
424	7
424	13
424	37
424	43
424	92
424	97
424	108
424	117
424	119
424	151
424	190
424	206
424	221
424	265
424	337
424	341
424	347
424	363
424	410
424	415
424	418
424	431
424	433
424	434
424	435
424	441
424	443
424	468
424	478
424	485
424	489
424	497
425	6
425	44
425	99
425	102
425	125
425	134
425	195
425	233
425	253
425	257
425	273
425	274
425	283
425	285
425	286
425	298
425	341
425	345
425	347
425	350
425	384
425	396
425	423
425	448
425	460
425	461
425	465
425	470
425	472
425	480
425	484
425	493
426	25
426	41
426	102
426	119
426	130
426	144
426	150
426	163
426	170
426	177
426	231
426	243
426	245
426	257
426	261
426	262
426	264
426	301
426	305
426	332
426	355
426	360
426	361
426	362
426	378
426	392
426	469
426	472
426	473
426	477
426	480
426	486
426	494
427	51
427	83
427	214
427	241
427	251
427	252
427	291
427	302
427	303
427	305
427	315
427	323
427	334
427	338
427	355
427	363
427	367
427	385
427	393
427	403
427	404
427	406
427	410
427	423
427	433
427	449
427	457
427	459
427	463
427	465
427	471
427	484
427	487
428	15
428	17
428	26
428	29
428	54
428	73
428	91
428	126
428	128
428	186
428	191
428	252
428	257
428	290
428	296
428	333
428	346
428	369
428	374
428	379
428	408
428	413
428	421
428	439
428	457
428	458
428	465
428	467
428	477
428	483
428	488
428	491
428	497
429	29
429	36
429	45
429	48
429	72
429	89
429	103
429	114
429	127
429	164
429	197
429	209
429	248
429	299
429	345
429	359
429	377
429	379
429	380
429	382
429	383
429	390
429	394
429	405
429	439
429	442
429	445
429	452
429	453
429	455
429	474
429	481
429	492
430	1
430	5
430	25
430	65
430	68
430	86
430	100
430	125
430	131
430	139
430	161
430	249
430	268
430	271
430	289
430	294
430	317
430	379
430	382
430	399
430	409
430	418
430	420
430	421
430	423
430	436
430	440
430	445
430	453
430	456
430	473
430	475
430	477
431	41
431	63
431	77
431	81
431	98
431	104
431	137
431	142
431	149
431	163
431	179
431	201
431	204
431	224
431	254
431	261
431	263
431	301
431	315
431	356
431	376
431	389
431	407
431	409
431	415
431	419
431	424
431	439
431	459
431	461
431	469
431	482
431	486
432	2
432	41
432	60
432	75
432	92
432	95
432	102
432	103
432	137
432	160
432	184
432	197
432	233
432	236
432	240
432	274
432	310
432	323
432	335
432	359
432	374
432	375
432	380
432	390
432	394
432	397
432	444
432	445
432	447
432	451
432	453
432	474
432	481
432	485
433	79
433	85
433	140
433	159
433	170
433	183
433	184
433	218
433	221
433	254
433	257
433	293
433	324
433	330
433	338
433	344
433	376
433	396
433	401
433	410
433	424
433	427
433	435
433	443
433	446
433	464
433	470
433	477
433	478
433	483
433	489
433	493
433	495
433	496
434	2
434	14
434	48
434	138
434	149
434	167
434	187
434	189
434	202
434	207
434	210
434	215
434	267
434	273
434	282
434	283
434	292
434	297
434	331
434	345
434	349
434	369
434	371
434	372
434	395
434	413
434	424
434	454
434	455
434	458
434	464
434	492
434	497
434	498
435	20
435	48
435	65
435	91
435	109
435	143
435	174
435	175
435	190
435	208
435	253
435	259
435	265
435	267
435	282
435	294
435	299
435	309
435	315
435	320
435	321
435	339
435	361
435	370
435	371
435	391
435	417
435	418
435	424
435	433
435	442
435	456
435	481
435	485
436	3
436	78
436	79
436	126
436	139
436	160
436	190
436	203
436	220
436	231
436	251
436	264
436	268
436	278
436	297
436	320
436	348
436	352
436	364
436	370
436	378
436	397
436	403
436	405
436	409
436	417
436	430
436	446
436	447
436	454
436	463
436	468
436	481
436	482
436	484
437	15
437	26
437	32
437	75
437	90
437	91
437	99
437	114
437	156
437	186
437	200
437	219
437	228
437	248
437	279
437	290
437	308
437	310
437	335
437	340
437	345
437	360
437	378
437	383
437	384
437	402
437	410
437	423
437	438
437	453
437	475
437	477
437	484
437	495
437	496
438	11
438	86
438	91
438	105
438	125
438	130
438	133
438	150
438	162
438	180
438	194
438	231
438	270
438	278
438	281
438	297
438	306
438	346
438	348
438	356
438	372
438	378
438	380
438	381
438	395
438	397
438	406
438	415
438	417
438	437
438	439
438	446
438	472
438	497
438	499
439	22
439	39
439	41
439	52
439	60
439	68
439	106
439	120
439	150
439	167
439	193
439	217
439	279
439	280
439	284
439	290
439	291
439	294
439	408
439	412
439	421
439	428
439	429
439	431
439	438
439	462
439	472
439	477
439	479
439	483
439	491
439	493
439	495
439	497
439	499
440	4
440	30
440	47
440	132
440	143
440	153
440	157
440	171
440	219
440	230
440	231
440	242
440	252
440	269
440	293
440	312
440	314
440	319
440	336
440	339
440	372
440	389
440	409
440	411
440	415
440	418
440	423
440	430
440	450
440	452
440	456
440	466
440	485
440	486
440	488
440	492
441	1
441	45
441	48
441	105
441	153
441	160
441	162
441	165
441	192
441	206
441	210
441	239
441	242
441	250
441	305
441	308
441	309
441	339
441	340
441	351
441	358
441	373
441	379
441	386
441	398
441	411
441	419
441	422
441	424
441	453
441	460
441	482
441	485
441	488
441	494
441	496
442	4
442	28
442	32
442	86
442	112
442	137
442	144
442	147
442	153
442	175
442	208
442	244
442	253
442	265
442	275
442	288
442	299
442	309
442	333
442	361
442	365
442	366
442	371
442	387
442	391
442	410
442	414
442	420
442	429
442	435
442	451
442	456
442	460
442	468
442	480
442	487
443	25
443	62
443	100
443	114
443	129
443	160
443	189
443	214
443	264
443	273
443	277
443	280
443	292
443	303
443	308
443	316
443	329
443	330
443	343
443	349
443	350
443	362
443	384
443	396
443	400
443	402
443	408
443	417
443	424
443	433
443	444
443	463
443	476
443	487
443	492
443	498
444	28
444	52
444	56
444	58
444	112
444	124
444	136
444	140
444	141
444	146
444	181
444	191
444	201
444	204
444	211
444	236
444	239
444	258
444	293
444	322
444	324
444	343
444	357
444	375
444	388
444	393
444	400
444	404
444	432
444	443
444	449
444	457
444	466
444	484
444	490
444	496
445	5
445	26
445	36
445	62
445	89
445	164
445	166
445	184
445	208
445	235
445	270
445	291
445	308
445	321
445	328
445	335
445	340
445	359
445	363
445	364
445	374
445	375
445	377
445	380
445	394
445	416
445	429
445	430
445	432
445	453
445	471
445	474
445	481
445	484
445	489
445	494
446	19
446	34
446	42
446	45
446	55
446	69
446	108
446	138
446	140
446	180
446	185
446	190
446	194
446	203
446	210
446	264
446	268
446	276
446	286
446	291
446	300
446	306
446	340
446	346
446	385
446	401
446	406
446	411
446	419
446	433
446	436
446	438
446	448
446	478
446	482
446	485
446	492
447	34
447	76
447	93
447	101
447	103
447	112
447	134
447	158
447	170
447	182
447	191
447	199
447	217
447	226
447	257
447	260
447	264
447	274
447	283
447	295
447	300
447	332
447	341
447	347
447	367
447	386
447	402
447	432
447	436
447	450
447	460
447	461
447	467
447	468
447	470
447	484
447	493
448	15
448	19
448	24
448	28
448	42
448	82
448	86
448	116
448	178
448	180
448	194
448	218
448	233
448	265
448	269
448	270
448	273
448	281
448	291
448	297
448	310
448	326
448	335
448	346
448	348
448	397
448	406
448	410
448	411
448	419
448	425
448	446
448	459
448	461
448	475
448	481
448	495
449	28
449	30
449	33
449	51
449	100
449	112
449	134
449	198
449	231
449	249
449	284
449	289
449	293
449	296
449	309
449	315
449	323
449	326
449	334
449	341
449	342
449	359
449	383
449	385
449	393
449	394
449	397
449	403
449	417
449	427
449	444
449	457
449	463
449	464
449	465
449	469
449	471
450	40
450	44
450	61
450	83
450	131
450	136
450	152
450	185
450	199
450	213
450	241
450	256
450	265
450	269
450	300
450	310
450	313
450	326
450	341
450	353
450	354
450	358
450	402
450	404
450	415
450	420
450	422
450	440
450	447
450	452
450	458
450	461
450	466
450	473
450	488
450	492
450	499
451	67
451	82
451	136
451	140
451	148
451	158
451	169
451	201
451	208
451	215
451	227
451	247
451	263
451	270
451	271
451	283
451	305
451	313
451	317
451	330
451	333
451	344
451	345
451	361
451	371
451	372
451	376
451	379
451	412
451	415
451	416
451	432
451	442
451	485
451	490
451	496
451	499
451	500
452	12
452	13
452	38
452	56
452	61
452	77
452	79
452	81
452	107
452	131
452	163
452	195
452	197
452	221
452	233
452	256
452	260
452	291
452	307
452	324
452	354
452	367
452	398
452	401
452	407
452	410
452	429
452	440
452	450
452	457
452	461
452	471
452	478
452	480
452	486
452	492
452	495
452	497
453	3
453	21
453	31
453	43
453	50
453	69
453	71
453	72
453	171
453	172
453	191
453	198
453	204
453	212
453	217
453	225
453	230
453	244
453	259
453	290
453	349
453	366
453	392
453	393
453	394
453	405
453	408
453	429
453	430
453	432
453	437
453	441
453	445
453	458
453	466
453	475
453	476
453	498
454	33
454	53
454	62
454	89
454	114
454	121
454	131
454	155
454	160
454	170
454	176
454	189
454	235
454	250
454	272
454	275
454	280
454	287
454	292
454	326
454	329
454	346
454	355
454	368
454	369
454	384
454	385
454	393
454	400
454	401
454	413
454	422
454	434
454	436
454	464
454	485
454	489
454	491
455	8
455	67
455	122
455	127
455	148
455	155
455	158
455	162
455	163
455	169
455	174
455	209
455	221
455	230
455	252
455	260
455	261
455	262
455	263
455	271
455	287
455	295
455	308
455	333
455	363
455	368
455	370
455	378
455	387
455	403
455	406
455	412
455	429
455	434
455	480
455	488
455	490
455	499
456	50
456	74
456	91
456	103
456	120
456	122
456	130
456	135
456	153
456	181
456	182
456	199
456	225
456	235
456	241
456	262
456	288
456	313
456	317
456	329
456	335
456	345
456	382
456	383
456	389
456	399
456	403
456	409
456	418
456	430
456	435
456	440
456	442
456	471
456	473
456	475
456	487
456	496
457	30
457	43
457	51
457	54
457	61
457	106
457	171
457	180
457	192
457	198
457	203
457	225
457	289
457	294
457	315
457	323
457	355
457	380
457	385
457	389
457	393
457	403
457	406
457	408
457	418
457	427
457	428
457	444
457	449
457	452
457	459
457	463
457	465
457	471
457	475
457	476
457	477
457	485
458	3
458	46
458	71
458	123
458	134
458	177
458	193
458	217
458	225
458	229
458	230
458	235
458	244
458	254
458	259
458	261
458	283
458	285
458	298
458	327
458	337
458	349
458	350
458	361
458	362
458	366
458	379
458	395
458	405
458	419
458	428
458	434
458	450
458	453
458	475
458	476
458	486
458	493
459	5
459	7
459	23
459	48
459	60
459	70
459	74
459	88
459	104
459	115
459	144
459	159
459	173
459	178
459	191
459	245
459	274
459	275
459	284
459	291
459	294
459	301
459	302
459	304
459	316
459	322
459	343
459	370
459	392
459	411
459	414
459	419
459	427
459	431
459	448
459	457
459	461
459	469
459	498
460	2
460	14
460	34
460	60
460	111
460	122
460	127
460	131
460	134
460	168
460	204
460	219
460	226
460	267
460	283
460	286
460	332
460	333
460	341
460	347
460	348
460	350
460	354
460	357
460	367
460	403
460	410
460	422
460	425
460	441
460	442
460	447
460	466
460	470
460	471
460	480
460	493
460	495
460	497
461	5
461	23
461	112
461	126
461	129
461	147
461	195
461	204
461	236
461	240
461	245
461	250
461	261
461	284
461	294
461	303
461	304
461	312
461	320
461	345
461	347
461	349
461	388
461	392
461	398
461	400
461	411
461	425
461	431
461	447
461	448
461	450
461	452
461	459
461	465
461	482
461	486
461	488
461	499
462	7
462	26
462	40
462	58
462	71
462	96
462	106
462	114
462	125
462	151
462	154
462	181
462	187
462	217
462	219
462	266
462	282
462	288
462	293
462	296
462	315
462	322
462	339
462	348
462	358
462	369
462	370
462	413
462	417
462	439
462	467
462	475
462	483
462	484
462	485
462	491
462	493
462	495
462	500
463	27
463	33
463	44
463	51
463	87
463	115
463	129
463	145
463	154
463	168
463	192
463	198
463	229
463	269
463	274
463	289
463	315
463	316
463	328
463	355
463	359
463	370
463	375
463	385
463	393
463	398
463	400
463	403
463	410
463	418
463	427
463	436
463	443
463	449
463	457
463	465
463	471
463	485
463	488
464	3
464	16
464	50
464	53
464	57
464	73
464	81
464	111
464	168
464	175
464	214
464	227
464	235
464	262
464	268
464	272
464	280
464	285
464	287
464	329
464	348
464	362
464	368
464	369
464	384
464	397
464	400
464	402
464	433
464	434
464	449
464	454
464	479
464	483
464	486
464	487
464	488
464	492
464	495
465	30
465	33
465	39
465	53
465	83
465	87
465	101
465	116
465	138
465	148
465	158
465	180
465	192
465	245
465	273
465	294
465	315
465	323
465	330
465	334
465	347
465	355
465	385
465	389
465	393
465	403
465	408
465	411
465	425
465	427
465	428
465	449
465	457
465	461
465	463
465	471
465	478
465	480
465	486
465	498
466	13
466	31
466	32
466	51
466	62
466	76
466	109
466	115
466	139
466	157
466	181
466	193
466	207
466	221
466	233
466	254
466	256
466	259
466	263
466	278
466	296
466	320
466	324
466	330
466	338
466	354
466	363
466	383
466	401
466	407
466	421
466	440
466	444
466	450
466	453
466	460
466	468
466	469
466	478
466	495
467	21
467	39
467	70
467	96
467	97
467	117
467	126
467	135
467	144
467	152
467	158
467	182
467	190
467	202
467	204
467	207
467	212
467	214
467	217
467	235
467	243
467	282
467	314
467	334
467	367
467	380
467	385
467	388
467	408
467	412
467	413
467	421
467	428
467	447
467	462
467	476
467	483
467	484
467	491
467	499
468	53
468	92
468	108
468	129
468	140
468	152
468	168
468	179
468	203
468	205
468	208
468	218
468	271
468	301
468	324
468	335
468	344
468	356
468	363
468	366
468	367
468	381
468	382
468	390
468	401
468	417
468	421
468	424
468	436
468	442
468	447
468	466
468	477
468	478
468	481
468	482
468	485
468	487
468	489
468	495
468	497
469	25
469	60
469	63
469	73
469	81
469	87
469	92
469	97
469	109
469	115
469	118
469	145
469	154
469	177
469	204
469	208
469	221
469	264
469	266
469	275
469	284
469	287
469	302
469	306
469	311
469	337
469	338
469	349
469	383
469	392
469	393
469	421
469	426
469	431
469	449
469	459
469	466
469	479
469	481
469	497
469	498
470	6
470	34
470	80
470	84
470	125
470	143
470	148
470	161
470	166
470	170
470	209
470	218
470	231
470	235
470	261
470	274
470	276
470	286
470	295
470	314
470	323
470	324
470	332
470	341
470	342
470	347
470	367
470	375
470	387
470	396
470	403
470	425
470	433
470	447
470	460
470	474
470	480
470	492
470	493
470	498
470	499
471	10
471	11
471	15
471	17
471	30
471	48
471	83
471	87
471	120
471	164
471	186
471	192
471	271
471	289
471	315
471	319
471	323
471	351
471	355
471	377
471	385
471	393
471	400
471	401
471	402
471	403
471	414
471	427
471	445
471	449
471	452
471	456
471	457
471	460
471	463
471	465
471	476
471	479
471	481
471	482
471	489
472	26
472	36
472	74
472	80
472	115
472	118
472	144
472	159
472	163
472	175
472	183
472	195
472	198
472	204
472	218
472	224
472	246
472	262
472	304
472	311
472	316
472	333
472	338
472	342
472	352
472	353
472	355
472	356
472	357
472	377
472	382
472	389
472	392
472	419
472	425
472	426
472	438
472	439
472	479
472	482
472	488
472	497
473	5
473	8
473	26
473	43
473	64
473	74
473	117
473	131
473	150
473	158
473	185
473	252
473	265
473	269
473	280
473	284
473	295
473	308
473	313
473	326
473	334
473	358
473	365
473	367
473	368
473	371
473	375
473	382
473	389
473	391
473	408
473	409
473	414
473	415
473	420
473	422
473	426
473	430
473	450
473	456
473	474
473	479
474	36
474	58
474	59
474	62
474	89
474	103
474	140
474	151
474	158
474	160
474	164
474	165
474	171
474	174
474	178
474	180
474	197
474	228
474	269
474	300
474	319
474	321
474	335
474	351
474	356
474	359
474	374
474	375
474	377
474	380
474	390
474	394
474	429
474	432
474	445
474	470
474	473
474	476
474	481
474	483
474	486
474	494
475	18
475	21
475	71
475	97
475	100
475	116
475	121
475	123
475	149
475	171
475	172
475	225
475	230
475	233
475	244
475	251
475	259
475	260
475	290
475	303
475	320
475	339
475	349
475	352
475	358
475	362
475	366
475	379
475	381
475	404
475	405
475	430
475	437
475	448
475	453
475	456
475	457
475	458
475	462
475	476
475	490
475	494
476	3
476	21
476	31
476	35
476	71
476	89
476	107
476	115
476	123
476	139
476	171
476	172
476	230
476	244
476	255
476	256
476	258
476	279
476	327
476	331
476	349
476	362
476	364
476	366
476	371
476	379
476	397
476	402
476	403
476	405
476	407
476	414
476	416
476	443
476	453
476	457
476	458
476	467
476	471
476	474
476	475
476	483
477	7
477	9
477	70
477	87
477	120
477	128
477	144
477	154
477	165
477	205
477	206
477	210
477	240
477	252
477	285
477	288
477	293
477	331
477	351
477	353
477	360
477	364
477	367
477	382
477	403
477	408
477	413
477	421
477	426
477	428
477	430
477	433
477	437
477	439
477	457
477	468
477	478
477	479
477	481
477	483
477	484
477	490
477	491
478	2
478	12
478	30
478	51
478	52
478	55
478	63
478	107
478	114
478	122
478	124
478	128
478	129
478	185
478	206
478	228
478	233
478	246
478	272
478	279
478	301
478	306
478	317
478	325
478	350
478	354
478	359
478	363
478	393
478	397
478	407
478	408
478	412
478	421
478	424
478	433
478	446
478	452
478	465
478	466
478	468
478	477
478	489
479	11
479	20
479	64
479	65
479	68
479	82
479	109
479	135
479	144
479	153
479	173
479	177
479	192
479	243
479	251
479	252
479	253
479	300
479	315
479	317
479	324
479	333
479	336
479	339
479	340
479	350
479	365
479	371
479	382
479	403
479	409
479	416
479	419
479	420
479	422
479	439
479	464
479	469
479	471
479	472
479	473
479	477
479	489
480	19
480	49
480	70
480	84
480	95
480	102
480	112
480	127
480	134
480	136
480	197
480	205
480	219
480	226
480	260
480	263
480	274
480	275
480	283
480	286
480	302
480	338
480	339
480	341
480	343
480	347
480	355
480	367
480	385
480	397
480	425
480	426
480	442
480	452
480	455
480	460
480	465
480	470
480	481
480	482
480	489
480	492
480	493
481	13
481	36
481	38
481	58
481	64
481	95
481	97
481	103
481	162
481	164
481	166
481	194
481	197
481	247
481	255
481	276
481	315
481	335
481	359
481	370
481	374
481	375
481	377
481	380
481	390
481	394
481	405
481	411
481	420
481	429
481	432
481	435
481	436
481	445
481	448
481	468
481	469
481	471
481	474
481	477
481	480
481	490
481	494
481	498
482	5
482	19
482	25
482	32
482	37
482	41
482	55
482	56
482	97
482	104
482	111
482	115
482	118
482	138
482	183
482	247
482	261
482	262
482	263
482	284
482	301
482	302
482	303
482	304
482	313
482	326
482	334
482	360
482	384
482	394
482	395
482	407
482	431
482	436
482	441
482	446
482	461
482	468
482	471
482	472
482	480
482	484
482	485
482	495
483	3
483	5
483	10
483	50
483	91
483	114
483	125
483	131
483	140
483	150
483	156
483	167
483	168
483	175
483	188
483	199
483	214
483	224
483	240
483	250
483	279
483	282
483	288
483	290
483	293
483	331
483	363
483	376
483	382
483	398
483	404
483	415
483	428
483	433
483	439
483	462
483	464
483	467
483	474
483	476
483	477
483	484
483	486
483	489
484	1
484	10
484	11
484	45
484	50
484	70
484	77
484	106
484	111
484	114
484	120
484	122
484	137
484	150
484	154
484	173
484	202
484	248
484	250
484	255
484	279
484	288
484	344
484	360
484	388
484	407
484	408
484	413
484	414
484	415
484	425
484	427
484	436
484	437
484	444
484	445
484	447
484	462
484	467
484	477
484	482
484	483
484	490
484	499
485	17
485	18
485	31
485	80
485	93
485	129
485	149
485	155
485	195
485	206
485	222
485	225
485	229
485	242
485	287
485	309
485	313
485	318
485	325
485	328
485	351
485	367
485	373
485	386
485	396
485	411
485	419
485	424
485	432
485	435
485	440
485	441
485	446
485	451
485	454
485	457
485	462
485	463
485	468
485	482
485	488
485	490
485	493
485	494
485	496
486	30
486	40
486	65
486	73
486	97
486	104
486	113
486	118
486	121
486	137
486	142
486	144
486	146
486	159
486	163
486	165
486	177
486	195
486	213
486	267
486	302
486	303
486	304
486	311
486	338
486	374
486	379
486	392
486	393
486	398
486	405
486	409
486	410
486	418
486	426
486	431
486	440
486	452
486	458
486	461
486	464
486	465
486	474
486	483
486	490
487	11
487	13
487	33
487	34
487	57
487	65
487	70
487	105
487	110
487	135
487	141
487	142
487	150
487	152
487	153
487	161
487	185
487	187
487	212
487	249
487	251
487	265
487	278
487	320
487	326
487	330
487	336
487	339
487	350
487	353
487	356
487	368
487	372
487	373
487	382
487	388
487	389
487	413
487	422
487	427
487	442
487	443
487	456
487	464
487	468
487	491
487	499
488	38
488	39
488	45
488	58
488	80
488	93
488	105
488	110
488	152
488	155
488	162
488	165
488	182
488	183
488	221
488	229
488	242
488	269
488	309
488	316
488	328
488	340
488	344
488	351
488	373
488	374
488	381
488	383
488	386
488	389
488	392
488	409
488	411
488	419
488	421
488	428
488	440
488	441
488	450
488	455
488	461
488	463
488	464
488	472
488	485
488	496
488	498
489	35
489	36
489	44
489	55
489	61
489	68
489	70
489	89
489	92
489	101
489	119
489	129
489	160
489	182
489	192
489	209
489	210
489	213
489	227
489	232
489	263
489	268
489	290
489	296
489	301
489	306
489	324
489	329
489	333
489	344
489	346
489	354
489	363
489	373
489	387
489	410
489	424
489	433
489	445
489	454
489	468
489	471
489	478
489	479
489	480
489	483
489	490
489	495
490	106
490	109
490	113
490	139
490	142
490	148
490	158
490	169
490	174
490	176
490	190
490	194
490	198
490	214
490	219
490	220
490	225
490	239
490	266
490	271
490	277
490	298
490	303
490	304
490	305
490	308
490	309
490	324
490	325
490	333
490	344
490	358
490	361
490	368
490	369
490	413
490	416
490	444
490	451
490	455
490	475
490	477
490	481
490	484
490	485
490	486
490	489
490	500
491	3
491	7
491	16
491	23
491	28
491	30
491	38
491	53
491	57
491	61
491	65
491	83
491	91
491	96
491	100
491	128
491	133
491	159
491	164
491	167
491	170
491	171
491	182
491	184
491	211
491	217
491	220
491	232
491	234
491	249
491	279
491	290
491	292
491	314
491	331
491	385
491	388
491	408
491	409
491	413
491	421
491	428
491	439
491	454
491	462
491	467
491	477
491	487
491	498
492	14
492	21
492	61
492	67
492	81
492	84
492	90
492	100
492	101
492	111
492	138
492	143
492	155
492	167
492	169
492	176
492	207
492	210
492	255
492	261
492	267
492	271
492	272
492	276
492	283
492	292
492	329
492	334
492	371
492	374
492	381
492	391
492	399
492	400
492	402
492	405
492	409
492	420
492	429
492	434
492	440
492	443
492	446
492	450
492	452
492	464
492	470
492	480
492	495
493	4
493	6
493	12
493	49
493	57
493	66
493	107
493	112
493	117
493	119
493	124
493	125
493	127
493	156
493	170
493	194
493	208
493	219
493	230
493	253
493	257
493	274
493	283
493	286
493	292
493	307
493	311
493	332
493	341
493	347
493	374
493	375
493	385
493	399
493	405
493	414
493	419
493	422
493	425
493	433
493	439
493	447
493	458
493	460
493	462
493	470
493	480
493	485
493	498
494	21
494	31
494	38
494	45
494	73
494	80
494	115
494	132
494	155
494	162
494	163
494	165
494	193
494	206
494	228
494	229
494	232
494	236
494	241
494	242
494	244
494	246
494	288
494	306
494	309
494	321
494	328
494	333
494	351
494	353
494	373
494	375
494	386
494	393
494	394
494	395
494	402
494	403
494	411
494	419
494	426
494	441
494	445
494	474
494	475
494	481
494	485
494	496
494	500
495	12
495	37
495	45
495	63
495	64
495	82
495	85
495	121
495	127
495	130
495	193
495	202
495	207
495	233
495	249
495	254
495	265
495	270
495	280
495	281
495	306
495	307
495	316
495	321
495	324
495	352
495	354
495	362
495	389
495	398
495	401
495	404
495	407
495	410
495	414
495	433
495	437
495	439
495	448
495	452
495	460
495	462
495	464
495	466
495	468
495	482
495	489
495	492
495	496
496	7
496	29
496	38
496	67
496	72
496	80
496	84
496	86
496	92
496	93
496	103
496	114
496	155
496	162
496	165
496	194
496	206
496	226
496	229
496	242
496	251
496	274
496	309
496	312
496	328
496	333
496	351
496	359
496	373
496	386
496	388
496	409
496	411
496	415
496	417
496	419
496	421
496	423
496	433
496	437
496	441
496	444
496	451
496	456
496	485
496	488
496	494
496	495
496	498
497	10
497	35
497	43
497	47
497	49
497	54
497	59
497	82
497	96
497	98
497	108
497	117
497	125
497	130
497	140
497	163
497	180
497	182
497	189
497	190
497	207
497	256
497	286
497	301
497	307
497	324
497	330
497	334
497	354
497	359
497	360
497	363
497	365
497	386
497	401
497	412
497	421
497	423
497	424
497	428
497	434
497	438
497	439
497	452
497	460
497	468
497	469
497	472
497	500
498	48
498	53
498	98
498	100
498	105
498	108
498	146
498	147
498	154
498	165
498	167
498	179
498	215
498	246
498	252
498	267
498	272
498	273
498	282
498	285
498	287
498	292
498	303
498	318
498	334
498	343
498	357
498	365
498	369
498	374
498	384
498	387
498	389
498	397
498	400
498	402
498	418
498	434
498	443
498	453
498	459
498	465
498	469
498	470
498	481
498	488
498	491
498	493
498	496
499	5
499	10
499	67
499	79
499	107
499	122
499	149
499	157
499	174
499	179
499	202
499	215
499	235
499	237
499	241
499	252
499	258
499	260
499	266
499	271
499	273
499	277
499	295
499	301
499	308
499	310
499	328
499	333
499	336
499	357
499	362
499	366
499	367
499	368
499	380
499	399
499	403
499	413
499	416
499	438
499	439
499	450
499	451
499	455
499	461
499	467
499	470
499	484
499	487
499	500
500	32
500	36
500	81
500	101
500	103
500	113
500	122
500	157
500	179
500	185
500	215
500	228
500	234
500	237
500	245
500	256
500	258
500	260
500	266
500	269
500	271
500	277
500	281
500	293
500	305
500	308
500	314
500	317
500	325
500	328
500	331
500	333
500	341
500	345
500	364
500	369
500	378
500	379
500	391
500	401
500	409
500	416
500	417
500	419
500	451
500	462
500	490
500	494
500	497
500	499
