500 10312
0 37
0 74
0 204
0 232
0 393
0 432
1 5
1 6
1 20
1 62
1 276
1 335
1 342
1 392
1 473
1 499
2 37
2 41
2 77
2 162
2 178
2 183
2 220
3 34
3 47
3 124
3 218
3 250
3 338
3 414
3 439
4 10
4 28
4 32
4 53
4 54
4 115
4 117
4 158
4 220
4 222
4 223
4 246
4 278
4 280
4 322
4 342
4 384
4 390
4 426
4 452
4 472
4 491
4 492
4 498
5 1
5 12
5 87
5 149
5 177
5 208
5 223
5 240
5 263
5 343
5 383
5 442
5 455
5 490
5 499
6 1
6 45
6 57
6 68
6 87
6 206
6 223
6 274
6 283
6 339
6 380
6 403
6 426
6 444
7 10
7 52
7 120
7 180
7 207
7 212
7 213
7 302
7 330
7 337
7 376
7 395
7 403
8 36
8 41
8 90
8 92
8 98
8 99
8 126
8 141
8 151
8 155
8 164
8 171
8 178
8 197
8 203
8 208
8 212
8 218
8 222
8 235
8 242
8 248
8 266
8 270
8 274
8 276
8 298
8 308
8 310
8 324
8 334
8 360
8 403
8 404
8 416
8 443
8 449
8 466
8 498
8 499
9 52
9 72
9 78
9 112
9 165
9 169
9 185
9 217
9 218
9 228
9 238
9 239
9 249
9 336
9 406
9 462
9 481
9 496
10 4
10 7
10 33
10 49
10 104
10 107
10 123
10 181
10 210
10 212
10 213
10 228
10 230
10 289
10 297
10 300
10 304
10 312
10 325
10 330
10 337
10 358
10 359
10 390
10 403
10 430
10 449
10 463
10 473
10 496
11 81
11 156
11 202
11 280
11 296
11 469
12 5
12 61
12 84
12 89
12 122
12 135
12 180
12 207
12 222
12 246
12 283
12 345
12 385
12 412
12 416
12 441
12 447
13 15
13 28
13 53
13 104
13 126
13 127
13 159
13 171
13 178
13 235
13 249
13 255
13 268
13 320
13 337
13 352
13 355
13 386
13 389
13 395
13 419
13 467
14 28
14 61
14 81
14 96
14 155
14 156
14 273
14 429
14 448
14 480
15 13
15 86
15 92
15 99
15 151
15 230
15 248
15 356
15 360
15 371
15 393
15 399
16 22
16 121
16 125
16 126
16 177
16 182
16 230
16 248
16 304
16 342
16 354
16 359
16 404
16 489
16 492
17 103
17 107
17 343
17 363
17 490
17 493
18 20
18 41
18 132
18 186
18 220
18 230
18 274
18 327
18 344
18 352
18 395
18 466
19 204
19 326
19 356
19 373
19 376
19 432
19 449
20 1
20 18
20 30
20 45
20 53
20 68
20 80
20 99
20 105
20 110
20 112
20 132
20 164
20 165
20 191
20 196
20 220
20 238
20 251
20 261
20 268
20 271
20 319
20 334
20 343
20 359
20 381
20 396
20 402
20 411
20 417
20 420
20 440
20 442
20 449
20 451
20 466
20 485
21 38
21 100
21 128
21 157
21 165
21 192
21 211
21 252
21 280
21 324
21 336
21 339
21 379
21 386
21 443
21 477
22 16
22 78
22 125
22 142
22 168
22 180
22 196
22 354
22 356
22 362
22 406
22 438
22 449
22 480
22 483
23 26
23 37
23 48
23 52
23 58
23 60
23 61
23 85
23 96
23 119
23 127
23 141
23 147
23 148
23 156
23 190
23 203
23 204
23 236
23 239
23 242
23 268
23 275
23 295
23 310
23 329
23 339
23 341
23 348
23 355
23 356
23 369
23 390
23 391
23 396
23 412
23 427
23 431
23 454
23 473
24 64
24 149
24 184
24 185
24 216
24 424
24 477
25 100
25 116
25 139
25 244
25 246
25 437
26 23
26 54
26 68
26 69
26 81
26 91
26 103
26 112
26 159
26 169
26 225
26 228
26 232
26 238
26 239
26 286
26 316
26 317
26 340
26 352
26 372
26 381
26 387
26 397
26 460
26 467
26 471
27 103
27 126
27 147
27 175
27 256
27 277
27 340
27 343
27 356
27 393
27 404
27 432
28 4
28 13
28 14
28 29
28 54
28 74
28 89
28 93
28 94
28 101
28 103
28 115
28 121
28 124
28 131
28 141
28 152
28 159
28 171
28 176
28 177
28 184
28 196
28 201
28 210
28 213
28 222
28 230
28 243
28 246
28 248
28 253
28 300
28 312
28 314
28 315
28 320
28 324
28 335
28 340
28 368
28 369
28 395
28 399
28 402
28 406
28 487
28 491
28 492
29 28
29 101
29 112
29 114
29 152
29 167
29 178
29 197
29 203
29 204
29 214
29 257
29 295
29 317
29 355
29 362
29 403
29 428
29 437
29 440
29 447
29 448
29 464
29 483
30 20
30 34
30 46
30 63
30 134
30 137
30 148
30 156
30 172
30 182
30 184
30 194
30 195
30 238
30 242
30 285
30 329
30 380
30 383
30 386
30 440
30 444
30 490
30 499
31 37
31 183
31 189
31 252
31 344
31 438
32 4
32 54
32 64
32 70
32 87
32 115
32 116
32 124
32 125
32 126
32 132
32 141
32 152
32 167
32 171
32 196
32 224
32 230
32 234
32 242
32 246
32 251
32 255
32 281
32 302
32 309
32 320
32 336
32 351
32 358
32 368
32 376
32 404
32 416
32 426
32 428
32 473
32 488
32 492
32 493
32 494
33 10
33 82
33 87
33 88
33 111
33 135
33 146
33 151
33 216
33 218
33 243
33 251
33 255
33 266
33 268
33 270
33 291
33 303
33 304
33 317
33 321
33 359
33 360
33 375
33 382
33 387
33 389
33 395
33 400
33 442
33 471
33 475
33 480
34 3
34 30
34 116
34 182
34 184
34 194
34 195
34 201
34 248
34 314
34 383
34 387
34 437
34 483
35 77
35 115
35 124
35 152
35 263
35 305
35 342
35 348
35 473
36 8
36 75
36 171
36 219
36 332
36 360
37 0
37 2
37 23
37 31
37 77
37 92
37 105
37 107
37 146
37 168
37 172
37 183
37 189
37 194
37 225
37 230
37 259
37 318
37 340
37 386
37 415
37 419
37 422
37 449
37 495
38 21
38 74
38 81
38 96
38 106
38 125
38 154
38 156
38 187
38 202
38 211
38 317
38 351
38 408
38 435
38 438
38 473
38 480
38 483
39 120
39 124
39 151
39 282
39 292
39 325
39 473
39 492
40 41
40 172
40 214
40 222
40 358
40 434
41 2
41 8
41 18
41 40
41 57
41 61
41 92
41 99
41 108
41 109
41 142
41 151
41 156
41 162
41 164
41 172
41 182
41 184
41 189
41 195
41 203
41 222
41 239
41 248
41 249
41 270
41 281
41 294
41 299
41 319
41 359
41 371
41 379
41 397
41 422
41 441
41 443
41 454
41 466
41 494
42 66
42 83
42 109
42 119
42 151
42 155
42 159
42 182
42 183
42 211
42 266
42 278
42 301
42 302
42 308
42 313
42 342
42 353
42 392
42 448
42 460
42 485
43 51
43 83
43 310
43 369
43 478
43 492
44 76
44 80
44 83
44 87
44 91
44 99
44 113
44 141
44 151
44 158
44 183
44 211
44 212
44 214
44 223
44 248
44 249
44 264
44 308
44 342
44 351
44 353
44 360
44 397
44 439
44 482
45 6
45 20
45 46
45 53
45 116
45 117
45 355
45 358
45 359
45 386
45 442
45 444
46 30
46 45
46 182
46 183
46 184
46 195
46 345
46 375
46 393
46 413
47 3
47 92
47 201
47 453
47 482
47 485
48 23
48 70
48 141
48 179
48 284
48 325
48 354
48 355
48 356
48 390
49 10
49 101
49 104
49 230
49 262
49 396
49 425
49 429
49 492
50 60
50 99
50 113
50 126
50 213
50 240
50 282
50 336
50 359
50 408
50 493
51 43
51 55
51 132
51 303
51 345
51 433
52 7
52 9
52 23
52 74
52 78
52 90
52 104
52 105
52 114
52 115
52 130
52 140
52 170
52 173
52 175
52 203
52 301
52 308
52 316
52 322
52 330
52 335
52 340
52 346
52 354
52 356
52 359
52 360
52 361
52 376
52 382
52 383
52 387
52 397
52 449
52 473
52 489
52 496
52 499
53 4
53 13
53 20
53 45
53 55
53 68
53 72
53 77
53 92
53 93
53 97
53 100
53 101
53 104
53 111
53 119
53 126
53 132
53 136
53 172
53 180
53 185
53 213
53 220
53 225
53 228
53 239
53 243
53 248
53 249
53 251
53 252
53 255
53 257
53 268
53 280
53 290
53 301
53 337
53 352
53 369
53 386
53 396
53 437
53 462
53 472
53 485
53 496
54 4
54 26
54 28
54 32
54 58
54 66
54 70
54 74
54 76
54 93
54 105
54 106
54 117
54 129
54 131
54 132
54 158
54 159
54 165
54 167
54 169
54 171
54 196
54 201
54 213
54 246
54 248
54 267
54 293
54 298
54 331
54 335
54 353
54 355
54 356
54 358
54 359
54 361
54 362
54 369
54 378
54 387
54 391
54 412
54 431
54 472
54 475
54 493
55 51
55 53
55 66
55 74
55 80
55 87
55 151
55 179
55 181
55 229
55 230
55 291
55 321
55 341
55 345
55 351
55 363
55 374
55 394
55 434
55 437
55 482
55 490
56 69
56 173
56 199
56 228
56 267
56 320
56 411
56 435
56 454
57 6
57 41
57 135
57 180
57 283
57 444
58 23
58 54
58 119
58 141
58 313
58 374
59 68
59 100
59 126
59 130
59 167
59 220
59 226
59 268
59 280
59 285
59 318
59 339
59 344
59 369
59 395
59 396
59 475
60 23
60 50
60 117
60 226
60 248
60 395
61 12
61 14
61 23
61 41
61 89
61 97
61 122
61 132
61 135
61 154
61 180
61 196
61 207
61 219
61 228
61 244
61 258
61 261
61 267
61 268
61 275
61 283
61 290
61 337
61 366
61 379
61 452
61 479
61 493
61 496
62 1
62 178
62 252
62 264
62 265
62 297
62 315
62 325
62 336
62 370
62 419
62 438
63 30
63 135
63 150
63 159
63 166
63 182
63 184
63 194
63 229
63 263
63 353
63 383
64 24
64 32
64 81
64 106
64 125
64 156
64 159
64 167
64 202
64 243
64 245
64 293
64 296
64 371
64 408
64 409
64 424
64 438
64 446
64 480
65 144
65 156
65 214
65 288
65 353
65 354
65 361
66 42
66 54
66 55
66 69
66 83
66 130
66 155
66 266
66 278
66 392
66 400
66 408
66 418
66 448
66 497
67 70
67 225
67 234
67 240
67 242
67 251
67 453
67 485
68 6
68 20
68 26
68 53
68 59
68 73
68 77
68 96
68 99
68 121
68 131
68 132
68 136
68 156
68 162
68 181
68 185
68 200
68 255
68 257
68 268
68 281
68 328
68 342
68 352
68 369
68 396
68 397
68 403
68 452
68 466
68 475
68 481
68 485
69 26
69 56
69 66
69 95
69 118
69 123
69 150
69 227
69 256
69 262
69 267
69 317
69 326
69 327
69 401
69 403
69 415
69 421
69 438
69 452
69 464
69 498
70 32
70 48
70 54
70 67
70 87
70 93
70 107
70 112
70 124
70 187
70 248
70 308
70 311
70 314
70 317
70 346
70 352
70 376
70 392
70 423
70 424
70 444
70 472
70 492
71 88
71 98
71 105
71 117
71 121
71 126
71 183
71 184
71 192
71 203
71 229
71 232
71 251
71 252
71 297
71 320
71 324
71 336
71 342
71 386
71 390
71 424
71 440
71 476
71 492
72 9
72 53
72 99
72 104
72 131
72 172
72 262
72 274
72 328
72 337
72 403
73 68
73 142
73 165
73 223
73 316
73 395
74 0
74 28
74 38
74 52
74 54
74 55
74 75
74 79
74 92
74 101
74 116
74 121
74 124
74 160
74 169
74 182
74 192
74 195
74 232
74 233
74 252
74 254
74 255
74 261
74 295
74 296
74 303
74 308
74 346
74 347
74 348
74 350
74 360
74 386
74 393
74 424
74 429
74 430
74 432
74 478
75 36
75 74
75 100
75 152
75 196
75 232
75 233
75 240
75 261
75 293
75 324
75 348
75 357
75 373
75 377
75 393
75 425
75 432
75 443
75 478
75 479
75 490
76 44
76 54
76 103
76 112
76 119
76 239
76 251
76 252
76 359
76 381
76 405
76 462
77 2
77 35
77 37
77 53
77 68
77 82
77 107
77 136
77 183
77 189
77 196
77 238
77 259
77 381
77 387
77 415
77 422
77 434
77 444
77 462
77 495
78 9
78 22
78 52
78 91
78 99
78 124
78 127
78 182
78 208
78 209
78 212
78 240
78 261
78 268
78 269
78 278
78 307
78 320
78 334
78 340
78 342
78 354
78 404
78 449
78 474
79 74
79 154
79 202
79 232
79 351
79 372
79 379
79 392
79 393
79 405
79 432
79 478
80 20
80 44
80 55
80 83
80 88
80 101
80 189
80 210
80 215
80 220
80 251
80 254
80 255
80 283
80 292
80 318
80 325
80 342
80 353
80 354
80 358
80 382
80 386
80 387
80 462
80 467
81 11
81 14
81 26
81 38
81 64
81 105
81 125
81 131
81 132
81 156
81 165
81 202
81 212
81 241
81 273
81 317
81 318
81 324
81 346
81 361
81 379
81 383
81 408
81 409
81 435
81 438
81 440
81 442
81 459
81 461
81 480
81 486
81 488
81 492
82 33
82 77
82 92
82 99
82 132
82 146
82 155
82 167
82 174
82 180
82 194
82 203
82 234
82 244
82 269
82 270
82 310
82 360
82 379
82 397
82 444
83 42
83 43
83 44
83 66
83 80
83 101
83 118
83 132
83 155
83 169
83 189
83 212
83 236
83 240
83 261
83 266
83 278
83 374
83 392
83 427
83 433
83 444
83 448
84 12
84 110
84 175
84 330
84 341
84 354
84 362
84 393
84 404
84 462
84 463
84 470
85 23
85 96
85 105
85 119
85 121
85 135
85 141
85 233
85 249
85 299
85 336
85 339
85 355
85 357
85 390
85 395
85 403
85 409
85 493
86 15
86 101
86 169
86 377
86 454
86 484
87 5
87 6
87 32
87 33
87 44
87 55
87 70
87 132
87 144
87 151
87 169
87 174
87 178
87 222
87 225
87 242
87 247
87 265
87 274
87 281
87 288
87 296
87 302
87 316
87 323
87 343
87 354
87 361
87 362
87 383
87 441
87 444
87 462
87 466
87 473
87 490
87 493
87 499
88 33
88 71
88 80
88 152
88 189
88 210
88 212
88 216
88 243
88 255
88 268
88 274
88 320
88 336
88 341
88 359
88 363
88 376
88 387
88 395
88 419
88 442
88 447
88 486
89 12
89 28
89 61
89 131
89 159
89 220
89 246
89 277
89 292
89 432
89 492
90 8
90 52
90 197
90 222
90 363
90 395
90 449
90 473
91 26
91 44
91 78
91 103
91 112
91 169
91 178
91 202
91 222
91 228
91 239
91 255
91 269
91 271
91 272
91 285
91 286
91 345
91 432
91 439
91 447
91 462
91 496
92 8
92 15
92 37
92 41
92 47
92 53
92 74
92 82
92 93
92 97
92 112
92 143
92 151
92 159
92 164
92 178
92 208
92 212
92 216
92 238
92 249
92 255
92 316
92 325
92 332
92 353
92 360
92 439
92 444
92 448
92 499
93 28
93 53
93 54
93 70
93 92
93 100
93 115
93 119
93 131
93 133
93 152
93 158
93 166
93 167
93 171
93 175
93 179
93 180
93 192
93 194
93 196
93 203
93 205
93 226
93 240
93 242
93 246
93 247
93 258
93 298
93 305
93 318
93 320
93 321
93 340
93 351
93 353
93 355
93 361
93 391
93 406
93 416
93 423
93 425
93 445
93 463
93 466
93 472
93 479
93 492
94 28
94 105
94 121
94 200
94 268
94 354
94 373
94 379
94 404
94 444
94 453
94 459
94 474
95 69
95 100
95 152
95 162
95 237
95 267
95 287
95 316
95 321
95 367
95 371
95 461
95 480
95 493
96 14
96 23
96 38
96 68
96 85
96 99
96 119
96 124
96 135
96 141
96 178
96 194
96 195
96 202
96 204
96 236
96 314
96 317
96 335
96 339
96 355
96 367
96 390
96 392
96 399
96 411
96 412
96 431
96 454
97 53
97 61
97 92
97 100
97 143
97 146
97 152
97 165
97 191
97 197
97 213
97 239
97 241
97 287
97 289
97 323
97 333
97 334
97 359
97 378
97 380
97 386
97 428
97 473
97 475
97 478
97 492
98 8
98 71
98 116
98 169
98 225
98 228
98 241
98 260
98 457
98 496
99 8
99 15
99 20
99 41
99 44
99 50
99 68
99 72
99 78
99 82
99 96
99 100
99 105
99 108
99 124
99 138
99 164
99 176
99 203
99 206
99 216
99 225
99 248
99 249
99 294
99 303
99 308
99 339
99 343
99 345
99 353
99 354
99 357
99 358
99 360
99 361
99 364
99 371
99 372
99 384
99 407
99 412
99 417
99 432
99 437
99 439
99 443
99 453
99 488
99 491
100 21
100 25
100 53
100 59
100 75
100 93
100 95
100 97
100 99
100 106
100 136
100 138
100 143
100 152
100 174
100 178
100 185
100 190
100 191
100 194
100 206
100 210
100 228
100 233
100 237
100 238
100 239
100 241
100 251
100 266
100 297
100 317
100 324
100 327
100 334
100 338
100 345
100 349
100 367
100 371
100 422
100 428
100 437
100 444
100 483
100 496
101 28
101 29
101 49
101 53
101 74
101 80
101 83
101 86
101 105
101 109
101 111
101 126
101 132
101 196
101 251
101 252
101 255
101 257
101 261
101 268
101 321
101 338
101 347
101 352
101 357
101 386
101 404
101 444
101 468
101 469
101 472
101 485
101 490
101 496
102 112
102 228
102 266
102 310
102 393
102 419
102 462
102 474
102 496
103 17
103 26
103 27
103 28
103 76
103 91
103 104
103 112
103 127
103 139
103 169
103 197
103 228
103 238
103 239
103 257
103 293
103 295
103 318
103 320
103 324
103 354
103 356
103 375
103 462
103 477
103 490
103 496
104 10
104 13
104 49
104 52
104 53
104 72
104 103
104 120
104 174
104 180
104 196
104 213
104 225
104 230
104 246
104 249
104 274
104 277
104 280
104 304
104 312
104 317
104 318
104 328
104 330
104 337
104 338
104 342
104 367
104 403
104 450
104 463
105 20
105 37
105 52
105 54
105 71
105 81
105 85
105 94
105 99
105 101
105 111
105 124
105 128
105 138
105 151
105 162
105 166
105 212
105 232
105 233
105 248
105 269
105 298
105 308
105 310
105 334
105 353
105 360
105 376
105 379
105 383
105 386
105 398
105 425
105 439
105 441
105 459
105 492
106 38
106 54
106 64
106 100
106 115
106 137
106 171
106 201
106 269
106 274
106 298
106 305
106 320
106 343
106 393
106 406
106 425
106 444
106 449
106 452
106 471
106 481
106 490
107 10
107 17
107 37
107 70
107 77
107 183
107 189
107 238
107 265
107 357
107 394
108 41
108 99
108 145
108 181
108 263
108 390
109 41
109 42
109 101
109 165
109 184
109 306
109 352
109 422
109 453
109 467
109 485
110 20
110 84
110 126
110 171
110 194
110 215
110 236
110 257
110 272
110 288
110 291
110 305
110 376
110 387
110 442
111 33
111 53
111 101
111 105
111 120
111 143
111 152
111 177
111 178
111 180
111 191
111 214
111 239
111 241
111 252
111 266
111 308
111 317
111 329
111 367
111 420
112 9
112 20
112 26
112 29
112 70
112 76
112 91
112 92
112 102
112 103
112 139
112 142
112 151
112 153
112 157
112 182
112 196
112 211
112 218
112 228
112 238
112 239
112 248
112 250
112 251
112 255
112 289
112 305
112 309
112 323
112 355
112 358
112 361
112 372
112 375
112 381
112 396
112 397
112 425
112 462
112 463
112 464
112 468
112 471
112 473
112 496
112 499
113 44
113 50
113 114
113 126
113 132
113 165
113 167
113 182
113 237
113 247
113 255
113 312
113 318
113 321
113 336
113 345
113 359
113 360
113 386
113 387
113 442
113 474
113 480
114 29
114 52
114 113
114 124
114 165
114 182
114 215
114 254
114 308
114 317
114 323
114 335
114 354
114 361
114 366
114 387
114 449
114 467
114 474
115 4
115 28
115 32
115 35
115 52
115 93
115 106
115 133
115 159
115 164
115 169
115 196
115 201
115 203
115 210
115 242
115 246
115 251
115 253
115 262
115 268
115 281
115 299
115 331
115 354
115 359
115 386
115 387
115 399
115 426
115 439
115 441
115 444
115 453
115 466
115 480
115 492
115 499
116 25
116 32
116 34
116 45
116 74
116 98
116 171
116 227
116 232
116 233
116 238
116 261
116 278
116 348
116 393
116 432
116 444
116 457
116 478
116 485
117 4
117 45
117 54
117 60
117 71
117 128
117 151
117 163
117 165
117 176
117 202
117 214
117 222
117 272
117 293
117 297
117 318
117 325
117 357
117 382
117 392
117 412
117 424
117 439
118 69
118 83
118 146
118 155
118 178
118 278
118 306
118 392
118 435
119 23
119 42
119 53
119 58
119 76
119 85
119 93
119 96
119 120
119 141
119 147
119 172
119 191
119 193
119 195
119 196
119 204
119 226
119 236
119 258
119 339
119 342
119 355
119 361
119 367
119 390
119 395
119 402
119 412
119 427
119 431
119 435
119 442
119 448
119 453
119 454
119 461
119 493
120 7
120 39
120 104
120 111
120 119
120 121
120 126
120 142
120 158
120 165
120 185
120 198
120 205
120 212
120 293
120 297
120 309
120 324
120 325
120 326
120 344
120 358
120 402
120 417
120 440
120 473
120 480
120 492
120 496
120 498
121 16
121 28
121 68
121 71
121 74
121 85
121 94
121 120
121 142
121 159
121 165
121 175
121 176
121 192
121 243
121 252
121 262
121 293
121 295
121 311
121 336
121 366
121 367
121 371
121 380
121 411
121 419
121 447
121 466
121 488
122 12
122 61
122 133
122 244
122 283
122 388
123 10
123 69
123 126
123 188
123 213
123 230
123 297
123 330
123 401
123 403
123 442
123 464
124 3
124 28
124 32
124 35
124 39
124 70
124 74
124 78
124 96
124 99
124 105
124 114
124 125
124 130
124 146
124 149
124 152
124 158
124 170
124 175
124 230
124 245
124 267
124 270
124 301
124 302
124 311
124 323
124 324
124 335
124 342
124 348
124 362
124 376
124 397
124 404
124 411
124 422
124 444
124 452
124 453
124 468
124 473
124 478
125 16
125 22
125 32
125 38
125 64
125 81
125 124
125 156
125 202
125 261
125 264
125 271
125 274
125 325
125 338
125 351
125 397
125 409
125 414
125 435
125 476
125 480
125 486
126 8
126 13
126 16
126 27
126 32
126 50
126 53
126 59
126 71
126 101
126 110
126 113
126 120
126 123
126 136
126 176
126 211
126 226
126 239
126 243
126 247
126 251
126 252
126 303
126 327
126 329
126 334
126 339
126 343
126 345
126 348
126 351
126 352
126 356
126 359
126 360
126 379
126 386
126 387
126 396
126 442
126 448
126 462
126 463
126 468
126 475
126 481
126 499
127 13
127 23
127 78
127 103
127 159
127 186
127 201
127 223
127 230
127 240
127 255
127 263
127 277
127 301
127 323
127 335
127 342
127 366
127 442
127 473
127 477
127 480
128 21
128 105
128 117
128 165
128 202
128 231
128 273
128 281
128 285
128 293
128 318
128 320
128 339
128 396
128 402
128 424
128 440
128 453
128 473
128 496
129 54
129 137
129 184
129 233
129 311
129 320
129 364
129 402
129 406
129 421
130 52
130 59
130 66
130 124
130 132
130 177
130 180
130 241
130 274
130 288
130 293
130 323
130 366
130 431
130 437
130 449
131 28
131 54
131 68
131 72
131 81
131 89
131 93
131 135
131 169
131 196
131 201
131 220
131 270
131 279
131 346
131 359
131 402
131 441
131 459
131 492
132 18
132 20
132 32
132 51
132 53
132 54
132 61
132 68
132 81
132 82
132 83
132 87
132 101
132 113
132 130
132 159
132 233
132 255
132 268
132 277
132 344
132 349
132 352
132 356
132 359
132 380
132 416
132 428
132 451
132 485
133 93
133 115
133 122
133 134
133 157
133 172
133 187
133 200
133 214
133 222
133 223
133 235
133 241
133 244
133 245
133 277
133 288
133 296
133 332
133 358
133 404
133 421
133 469
133 472
133 474
133 490
134 30
134 133
134 145
134 278
134 358
134 394
134 475
135 12
135 33
135 57
135 61
135 63
135 85
135 96
135 131
135 141
135 143
135 144
135 145
135 154
135 180
135 207
135 209
135 219
135 220
135 226
135 233
135 258
135 275
135 283
135 290
135 301
135 321
135 328
135 335
135 336
135 383
135 385
135 392
135 419
135 444
135 450
135 463
135 479
135 480
136 53
136 68
136 77
136 100
136 126
136 158
136 269
137 30
137 106
137 129
137 159
137 160
137 172
137 182
137 184
137 195
137 334
137 339
137 383
137 391
137 465
138 99
138 100
138 105
138 164
138 213
138 342
138 360
138 386
138 444
138 465
139 25
139 103
139 112
139 180
139 238
139 239
139 241
139 252
139 305
139 381
139 414
139 442
139 462
139 477
140 52
140 196
140 228
140 239
140 247
140 283
140 462
141 8
141 23
141 28
141 32
141 44
141 48
141 58
141 85
141 96
141 119
141 135
141 147
141 178
141 201
141 202
141 204
141 232
141 236
141 249
141 264
141 295
141 301
141 308
141 334
141 339
141 355
141 356
141 357
141 360
141 369
141 390
141 397
141 400
141 406
141 411
141 412
141 427
141 428
141 431
141 454
141 475
141 476
141 486
142 22
142 41
142 73
142 112
142 120
142 121
142 152
142 159
142 163
142 176
142 186
142 192
142 196
142 225
142 229
142 239
142 242
142 247
142 281
142 288
142 298
142 309
142 318
142 324
142 344
142 348
142 357
142 358
142 371
142 375
142 381
142 419
142 428
142 438
142 462
142 493
143 92
143 97
143 100
143 111
143 135
143 171
143 178
143 190
143 210
143 235
143 242
143 270
143 280
143 323
143 367
143 374
143 443
143 478
143 480
144 65
144 87
144 135
144 238
144 241
144 390
144 466
145 108
145 134
145 135
145 180
145 256
145 289
146 33
146 37
146 82
146 97
146 118
146 124
146 162
146 240
146 245
146 293
146 324
146 354
146 356
146 362
146 396
146 404
146 449
146 470
146 473
146 478
146 480
147 23
147 27
147 119
147 141
147 236
147 259
147 319
147 339
147 341
147 393
147 408
147 422
148 23
148 30
148 173
148 246
148 320
148 322
148 369
148 381
148 475
148 485
149 5
149 24
149 124
149 152
149 180
149 222
149 246
149 248
149 274
149 334
149 351
149 353
149 360
149 443
149 459
149 486
150 63
150 69
150 255
150 256
150 258
150 267
150 328
150 337
150 401
150 411
150 424
150 442
151 8
151 15
151 33
151 39
151 41
151 42
151 44
151 55
151 87
151 92
151 105
151 112
151 117
151 162
151 164
151 165
151 175
151 178
151 191
151 202
151 208
151 237
151 239
151 246
151 259
151 298
151 308
151 335
151 354
151 360
151 365
151 369
151 379
151 384
151 396
151 397
151 439
151 449
151 477
152 28
152 29
152 32
152 35
152 75
152 88
152 93
152 95
152 97
152 100
152 111
152 124
152 142
152 149
152 159
152 160
152 174
152 178
152 196
152 207
152 214
152 226
152 238
152 242
152 246
152 264
152 280
152 287
152 289
152 293
152 308
152 317
152 324
152 351
152 359
152 363
152 447
152 462
152 464
152 474
152 483
152 485
152 491
153 112
153 167
153 220
153 236
153 254
153 279
153 306
153 374
153 405
153 436
153 449
153 485
154 38
154 61
154 79
154 135
154 177
154 180
154 204
154 207
154 238
154 242
154 283
154 345
154 393
154 432
154 479
155 8
155 14
155 42
155 66
155 82
155 83
155 118
155 203
155 225
155 251
155 266
155 278
155 313
155 323
155 340
155 345
155 358
155 392
155 402
155 423
155 432
155 442
155 448
155 467
156 11
156 14
156 23
156 30
156 38
156 41
156 64
156 65
156 68
156 81
156 125
156 164
156 202
156 219
156 240
156 245
156 246
156 257
156 261
156 272
156 335
156 352
156 357
156 365
156 378
156 397
156 408
156 409
156 414
156 435
156 438
156 439
156 442
156 453
156 480
156 486
157 21
157 112
157 133
157 202
157 213
157 273
157 274
157 305
157 480
157 486
158 4
158 44
158 54
158 93
158 120
158 124
158 136
158 213
158 239
158 248
158 255
158 274
158 281
158 305
158 314
158 320
158 327
158 342
158 376
158 383
158 388
158 391
158 401
158 404
158 406
158 446
158 467
158 468
158 472
158 494
159 13
159 26
159 28
159 42
159 54
159 63
159 64
159 89
159 92
159 115
159 121
159 127
159 132
159 137
159 142
159 152
159 167
159 168
159 171
159 178
159 196
159 222
159 246
159 255
159 257
159 281
159 298
159 305
159 314
159 320
159 342
159 346
159 361
159 376
159 386
159 402
159 406
159 416
159 423
159 428
159 429
159 461
159 485
159 492
159 493
159 495
160 74
160 137
160 152
160 202
160 222
160 237
160 241
160 252
160 317
160 341
160 354
160 420
160 437
160 461
160 481
161 248
161 269
161 273
161 328
161 371
161 373
162 2
162 41
162 68
162 95
162 105
162 146
162 151
162 175
162 179
162 212
162 256
162 259
162 263
162 269
162 270
162 278
162 353
162 366
162 397
162 424
162 441
162 444
162 453
162 459
162 469
162 475
162 487
163 117
163 142
163 180
163 209
163 411
163 424
164 8
164 20
164 41
164 92
164 99
164 115
164 138
164 151
164 156
164 175
164 183
164 212
164 218
164 222
164 223
164 234
164 235
164 246
164 249
164 268
164 283
164 303
164 360
164 369
164 379
164 394
164 397
164 418
164 419
164 423
164 450
165 9
165 20
165 21
165 54
165 73
165 81
165 97
165 109
165 113
165 114
165 117
165 120
165 121
165 128
165 151
165 172
165 176
165 186
165 198
165 215
165 246
165 252
165 253
165 255
165 257
165 262
165 274
165 282
165 293
165 297
165 301
165 309
165 318
165 324
165 325
165 354
165 356
165 357
165 390
165 397
165 402
165 404
165 408
165 424
165 440
165 447
165 465
165 478
165 480
165 493
166 63
166 93
166 105
166 268
166 274
166 336
166 343
166 381
166 386
166 391
166 499
167 29
167 32
167 54
167 59
167 64
167 82
167 93
167 113
167 153
167 159
167 266
167 291
167 326
167 346
167 349
167 376
167 381
167 406
167 416
167 474
168 22
168 37
168 159
168 234
168 240
168 274
168 476
168 486
169 9
169 26
169 54
169 74
169 83
169 86
169 87
169 91
169 98
169 103
169 115
169 131
169 178
169 179
169 183
169 201
169 213
169 223
169 228
169 238
169 239
169 251
169 262
169 343
169 344
169 419
169 441
169 462
169 471
169 496
170 52
170 124
170 178
170 239
170 331
170 449
171 8
171 13
171 28
171 32
171 36
171 54
171 93
171 106
171 110
171 116
171 143
171 159
171 187
171 190
171 219
171 220
171 248
171 252
171 278
171 283
171 305
171 312
171 324
171 339
171 369
171 406
171 416
171 425
171 432
171 447
171 492
171 494
172 30
172 37
172 40
172 41
172 53
172 72
172 119
172 133
172 137
172 165
172 192
172 194
172 196
172 200
172 209
172 213
172 214
172 219
172 222
172 245
172 265
172 277
172 292
172 339
172 358
172 396
172 469
173 52
173 56
173 148
173 251
173 261
173 274
173 331
173 335
173 348
173 354
173 356
173 392
173 444
173 473
173 485
173 498
174 82
174 87
174 100
174 104
174 152
174 199
174 255
174 291
174 310
174 317
175 27
175 52
175 84
175 93
175 121
175 124
175 151
175 162
175 164
175 242
175 251
175 276
175 306
175 335
175 355
175 359
175 361
175 362
175 366
175 369
175 404
175 406
175 449
175 464
175 473
175 475
176 28
176 99
176 117
176 121
176 126
176 142
176 165
176 202
176 208
176 215
176 216
176 223
176 224
176 242
176 247
176 248
176 252
176 279
176 320
176 324
176 325
176 336
176 344
176 357
176 406
176 422
176 449
176 457
176 477
176 481
176 486
176 495
177 5
177 16
177 28
177 111
177 130
177 154
177 207
177 238
177 276
177 302
177 317
177 342
177 373
177 387
177 404
177 405
177 410
177 414
177 424
177 453
177 498
178 2
178 8
178 13
178 29
178 62
178 87
178 91
178 92
178 96
178 100
178 111
178 118
178 141
178 143
178 151
178 152
178 159
178 169
178 170
178 182
178 191
178 192
178 197
178 223
178 237
178 274
178 280
178 295
178 297
178 310
178 319
178 329
178 330
178 339
178 351
178 353
178 370
178 371
178 416
178 437
178 447
178 459
178 483
178 496
179 48
179 55
179 93
179 162
179 169
179 291
180 7
180 12
180 22
180 53
180 57
180 61
180 82
180 93
180 104
180 111
180 130
180 135
180 139
180 145
180 149
180 154
180 163
180 197
180 207
180 210
180 258
180 275
180 277
180 283
180 290
180 295
180 345
180 385
180 437
180 438
180 459
180 479
181 10
181 55
181 68
181 108
181 251
181 291
181 353
181 402
181 485
182 16
182 30
182 34
182 41
182 42
182 46
182 63
182 74
182 78
182 112
182 113
182 114
182 137
182 178
182 184
182 194
182 195
182 199
182 207
182 221
182 222
182 285
182 294
182 297
182 364
182 369
182 383
182 385
182 389
182 396
182 446
182 448
182 452
182 458
183 2
183 31
183 37
183 42
183 44
183 46
183 71
183 77
183 107
183 164
183 169
183 189
183 199
183 259
183 288
183 305
183 318
183 415
183 422
183 431
183 438
183 494
183 495
184 24
184 28
184 30
184 34
184 41
184 46
184 63
184 71
184 109
184 129
184 137
184 182
184 193
184 194
184 195
184 199
184 212
184 221
184 279
184 284
184 285
184 324
184 355
184 364
184 383
184 390
184 403
184 406
184 416
184 425
184 446
184 449
184 485
184 496
185 9
185 24
185 53
185 68
185 100
185 120
185 214
185 215
185 230
185 255
185 325
185 335
185 352
185 379
185 478
186 18
186 127
186 142
186 165
186 233
186 239
186 246
186 294
186 318
186 324
186 336
186 419
186 439
186 449
187 38
187 70
187 133
187 171
187 214
187 218
187 222
187 358
187 403
188 123
188 189
188 223
188 225
188 268
188 316
188 324
188 444
189 31
189 37
189 41
189 77
189 80
189 83
189 88
189 107
189 183
189 188
189 192
189 207
189 259
189 322
189 422
189 431
189 494
189 495
189 499
190 23
190 100
190 143
190 171
190 197
190 239
190 251
190 269
190 339
190 366
190 447
190 475
191 20
191 97
191 100
191 111
191 119
191 151
191 178
191 203
191 209
191 210
191 218
191 220
191 275
191 293
191 295
191 310
191 311
191 318
191 351
191 360
191 380
191 423
191 442
191 447
191 449
191 464
191 475
191 483
191 485
191 496
192 21
192 71
192 74
192 93
192 121
192 142
192 172
192 178
192 189
192 223
192 252
192 344
192 357
192 365
192 387
192 389
192 404
192 406
193 119
193 184
193 202
193 269
193 307
193 308
193 379
193 386
193 397
194 30
194 34
194 37
194 63
194 82
194 93
194 96
194 100
194 110
194 172
194 182
194 184
194 195
194 274
194 314
194 353
194 368
194 383
195 30
195 34
195 41
195 46
195 74
195 96
195 119
195 137
195 182
195 184
195 194
195 204
195 213
195 217
195 221
195 259
195 284
195 310
195 320
195 337
195 383
195 407
195 429
195 443
195 446
195 456
195 479
195 492
196 20
196 22
196 28
196 32
196 54
196 61
196 75
196 77
196 93
196 101
196 104
196 112
196 115
196 119
196 131
196 140
196 142
196 152
196 159
196 172
196 241
196 246
196 261
196 269
196 281
196 311
196 318
196 341
196 346
196 353
196 359
196 368
196 371
196 393
196 416
196 438
196 492
196 494
197 8
197 29
197 90
197 97
197 103
197 178
197 180
197 190
197 223
197 252
197 311
197 352
197 371
197 490
198 120
198 165
198 241
198 243
198 293
198 302
198 340
198 354
198 453
198 483
199 56
199 174
199 182
199 183
199 184
199 383
200 68
200 94
200 133
200 172
200 204
200 214
200 221
200 222
200 223
200 240
200 245
200 249
200 252
200 277
200 283
200 288
200 353
200 358
200 445
200 447
200 458
200 459
200 469
200 478
200 486
201 28
201 34
201 47
201 54
201 106
201 115
201 127
201 131
201 141
201 169
201 237
201 246
201 255
201 261
201 274
201 281
201 305
201 318
201 320
201 335
201 337
201 344
201 347
201 360
201 367
201 369
201 379
201 406
201 425
201 458
201 473
201 492
201 498
202 11
202 38
202 64
202 79
202 81
202 91
202 96
202 117
202 125
202 128
202 141
202 151
202 156
202 157
202 160
202 176
202 193
202 208
202 212
202 293
202 311
202 320
202 357
202 408
202 409
202 414
202 438
202 466
202 468
202 480
202 486
202 496
202 498
203 8
203 23
203 29
203 41
203 52
203 71
203 82
203 93
203 99
203 115
203 155
203 191
203 212
203 220
203 233
203 248
203 249
203 255
203 269
203 307
203 308
203 324
203 352
203 353
203 355
203 356
203 359
203 360
203 379
203 426
203 434
203 441
203 464
203 483
203 487
204 0
204 19
204 23
204 29
204 96
204 119
204 141
204 154
204 195
204 200
204 206
204 212
204 236
204 335
204 336
204 339
204 355
204 381
204 387
204 390
204 429
204 459
205 93
205 120
205 223
205 268
205 311
205 492
206 6
206 99
206 100
206 204
206 223
206 225
206 259
206 389
206 391
207 7
207 12
207 61
207 135
207 152
207 154
207 177
207 180
207 182
207 189
207 219
207 258
207 270
207 274
207 283
207 287
207 312
207 331
207 340
207 360
207 382
207 479
208 5
208 8
208 78
208 92
208 151
208 176
208 202
208 248
208 249
208 301
208 335
208 353
208 379
208 386
208 402
208 406
208 444
208 447
208 476
208 487
208 493
209 78
209 135
209 163
209 172
209 191
209 214
209 245
209 262
209 382
210 10
210 28
210 80
210 88
210 100
210 115
210 143
210 180
210 191
210 212
210 220
210 224
210 225
210 237
210 264
210 293
210 297
210 307
210 316
210 344
210 351
210 359
210 367
210 371
210 373
210 383
210 393
210 394
210 428
210 437
210 440
210 446
210 447
210 455
210 459
210 464
210 475
210 480
210 483
210 493
211 21
211 38
211 42
211 44
211 112
211 126
211 228
211 239
211 279
211 297
211 352
211 356
211 372
211 381
211 393
211 462
211 496
212 7
212 8
212 10
212 44
212 78
212 81
212 83
212 88
212 92
212 105
212 120
212 162
212 164
212 184
212 202
212 203
212 204
212 210
212 228
212 230
212 237
212 248
212 249
212 251
212 308
212 324
212 332
212 342
212 360
212 361
212 406
212 440
212 443
212 444
212 457
212 459
212 466
212 493
213 7
213 10
213 28
213 50
213 53
213 54
213 97
213 104
213 123
213 138
213 157
213 158
213 169
213 172
213 195
213 230
213 255
213 282
213 304
213 312
213 328
213 330
213 355
213 370
213 376
213 399
213 403
213 450
213 463
213 491
214 29
214 40
214 44
214 65
214 111
214 117
214 133
214 152
214 172
214 185
214 187
214 200
214 209
214 222
214 245
214 277
214 292
214 306
214 309
214 328
214 358
214 369
214 406
214 413
214 417
214 432
214 458
214 466
214 492
215 80
215 110
215 114
215 165
215 176
215 185
215 251
215 298
215 318
215 382
215 437
215 493
216 24
216 33
216 88
216 92
216 99
216 176
216 221
216 255
216 269
216 274
216 328
216 352
216 355
216 357
216 378
216 387
216 389
216 391
216 397
216 421
216 428
216 442
216 462
217 9
217 195
217 238
217 239
217 273
217 338
217 416
218 3
218 8
218 9
218 33
218 112
218 164
218 187
218 191
218 223
218 225
218 232
218 283
218 288
218 316
218 343
218 354
218 368
218 438
218 441
218 444
218 458
218 466
218 489
218 490
218 493
218 496
218 499
219 36
219 61
219 135
219 156
219 171
219 172
219 207
220 2
220 4
220 18
220 20
220 53
220 59
220 80
220 89
220 131
220 135
220 153
220 171
220 191
220 203
220 210
220 230
220 239
220 246
220 251
220 255
220 257
220 306
220 325
220 359
220 371
220 386
220 410
220 440
220 485
221 182
221 184
221 195
221 200
221 216
221 236
221 383
221 415
222 4
222 8
222 12
222 28
222 40
222 41
222 87
222 90
222 91
222 117
222 133
222 149
222 159
222 160
222 164
222 172
222 182
222 187
222 200
222 214
222 238
222 244
222 245
222 247
222 277
222 292
222 297
222 358
222 387
222 400
222 402
222 404
222 413
222 439
222 445
222 469
223 4
223 5
223 6
223 44
223 73
223 127
223 133
223 164
223 169
223 176
223 178
223 188
223 192
223 197
223 200
223 205
223 206
223 218
223 225
223 232
223 239
223 249
223 274
223 288
223 321
223 328
223 342
223 343
223 353
223 380
223 391
223 401
223 407
223 432
223 444
223 459
223 462
223 493
224 32
224 176
224 210
224 253
224 293
224 386
224 488
225 26
225 37
225 53
225 67
225 87
225 98
225 99
225 104
225 142
225 155
225 188
225 206
225 210
225 218
225 223
225 240
225 243
225 246
225 251
225 253
225 274
225 280
225 309
225 336
225 343
225 361
225 391
225 404
225 411
225 415
225 416
225 419
225 432
225 444
225 481
225 490
225 493
226 59
226 60
226 93
226 119
226 126
226 135
226 152
226 251
226 255
226 300
226 305
226 317
226 359
226 367
226 386
226 442
226 444
226 449
226 483
226 490
227 69
227 116
227 256
227 261
227 401
227 411
227 467
228 9
228 10
228 26
228 53
228 56
228 61
228 91
228 98
228 100
228 102
228 103
228 112
228 140
228 169
228 211
228 212
228 238
228 239
228 240
228 242
228 247
228 280
228 288
228 302
228 317
228 323
228 329
228 337
228 367
228 373
228 375
228 381
228 437
228 439
228 441
228 453
228 456
228 462
228 464
228 484
228 485
228 496
229 55
229 63
229 71
229 142
229 238
229 304
229 318
229 404
229 410
229 421
229 441
229 488
230 10
230 15
230 16
230 18
230 28
230 32
230 37
230 49
230 55
230 104
230 123
230 124
230 127
230 185
230 212
230 213
230 220
230 241
230 251
230 277
230 312
230 328
230 330
230 337
230 380
230 450
230 463
230 490
230 492
231 128
231 240
231 248
231 274
231 342
231 354
231 362
231 426
231 499
232 0
232 26
232 71
232 74
232 75
232 79
232 105
232 116
232 141
232 218
232 223
232 233
232 248
232 261
232 281
232 304
232 310
232 335
232 347
232 348
232 352
232 360
232 369
232 388
232 393
232 419
232 425
232 429
232 432
232 437
232 462
232 466
232 478
233 74
233 75
233 85
233 100
233 105
233 116
233 129
233 132
233 135
233 186
233 203
233 232
233 259
233 261
233 320
233 348
233 350
233 352
233 376
233 390
233 393
233 432
233 453
233 478
233 491
234 32
234 67
234 82
234 164
234 168
234 238
234 242
234 273
234 288
234 342
234 352
234 361
234 374
234 383
234 398
234 458
234 490
235 8
235 13
235 133
235 143
235 164
235 298
235 353
236 23
236 83
236 96
236 110
236 119
236 141
236 147
236 153
236 204
236 221
236 245
236 251
236 255
236 256
236 279
236 297
236 318
236 339
236 354
236 355
236 390
236 397
236 433
237 95
237 100
237 113
237 151
237 160
237 178
237 201
237 210
237 212
237 241
237 293
237 297
237 308
237 335
237 373
237 386
237 437
237 468
237 475
237 498
238 9
238 20
238 26
238 30
238 77
238 92
238 100
238 103
238 107
238 112
238 116
238 139
238 144
238 152
238 154
238 169
238 177
238 217
238 222
238 228
238 229
238 234
238 239
238 250
238 260
238 270
238 305
238 316
238 334
238 375
238 381
238 406
238 413
238 424
238 462
238 463
238 473
238 475
238 496
239 9
239 23
239 26
239 41
239 53
239 76
239 91
239 97
239 100
239 103
239 111
239 112
239 126
239 139
239 140
239 142
239 151
239 158
239 169
239 170
239 186
239 190
239 211
239 217
239 220
239 223
239 228
239 238
239 240
239 250
239 268
239 273
239 307
239 310
239 316
239 317
239 319
239 342
239 367
239 375
239 379
239 381
239 382
239 422
239 453
239 462
239 471
239 496
240 5
240 50
240 67
240 75
240 78
240 83
240 93
240 127
240 146
240 156
240 168
240 200
240 225
240 228
240 231
240 239
240 249
240 253
240 324
240 346
240 353
240 380
240 391
240 444
240 493
241 81
241 97
241 98
241 100
241 111
241 130
241 133
241 139
241 144
241 160
241 196
241 198
241 230
241 237
241 250
241 255
241 257
241 317
241 323
241 333
241 363
241 367
241 371
241 405
241 417
241 438
241 483
241 486
241 491
241 492
242 8
242 23
242 30
242 32
242 67
242 87
242 93
242 115
242 142
242 143
242 152
242 154
242 175
242 176
242 228
242 234
242 265
242 274
242 288
242 316
242 343
242 360
242 362
242 391
242 416
242 444
242 465
242 466
242 493
242 495
243 28
243 33
243 53
243 64
243 88
243 121
243 126
243 198
243 225
243 255
243 264
243 267
243 319
243 345
243 371
243 447
243 468
244 25
244 61
244 82
244 122
244 133
244 222
244 245
244 272
244 277
244 324
244 358
244 393
244 448
245 64
245 124
245 133
245 146
245 156
245 172
245 200
245 209
245 214
245 222
245 236
245 244
245 252
245 277
245 306
245 312
245 318
245 349
245 354
245 358
245 359
245 390
245 403
245 406
245 413
245 418
245 442
245 445
245 453
245 469
246 4
246 12
246 25
246 28
246 32
246 54
246 89
246 93
246 104
246 115
246 148
246 149
246 151
246 152
246 156
246 159
246 164
246 165
246 186
246 196
246 201
246 220
246 225
246 257
246 282
246 300
246 311
246 318
246 320
246 325
246 337
246 350
246 355
246 357
246 383
246 389
246 406
246 411
246 416
246 417
246 423
246 426
246 449
246 459
246 462
246 492
246 493
246 494
246 496
247 87
247 93
247 113
247 126
247 140
247 142
247 176
247 222
247 228
247 291
247 318
247 336
247 343
247 359
247 391
247 419
247 440
247 488
247 492
248 8
248 15
248 16
248 28
248 34
248 41
248 44
248 53
248 54
248 60
248 70
248 99
248 105
248 112
248 149
248 158
248 161
248 171
248 176
248 203
248 208
248 212
248 231
248 232
248 255
248 265
248 269
248 289
248 298
248 303
248 308
248 312
248 318
248 340
248 346
248 348
248 353
248 355
248 360
248 362
248 371
248 379
248 397
248 398
248 441
248 442
248 447
248 473
248 485
249 9
249 13
249 41
249 44
249 53
249 85
249 92
249 99
249 104
249 141
249 164
249 200
249 203
249 208
249 212
249 223
249 240
249 264
249 316
249 342
249 353
249 409
249 411
249 437
249 457
249 466
250 3
250 112
250 238
250 239
250 241
250 278
251 20
251 32
251 33
251 53
251 67
251 71
251 76
251 80
251 100
251 101
251 112
251 115
251 126
251 155
251 169
251 173
251 175
251 181
251 190
251 212
251 215
251 220
251 225
251 226
251 230
251 236
251 252
251 268
251 274
251 320
251 352
251 360
251 379
251 386
251 387
251 390
251 428
251 458
251 467
251 468
251 481
251 483
251 485
251 487
251 488
251 496
252 21
252 31
252 53
252 62
252 71
252 74
252 76
252 101
252 111
252 121
252 126
252 139
252 160
252 165
252 171
252 176
252 192
252 197
252 200
252 245
252 251
252 255
252 256
252 269
252 287
252 290
252 297
252 308
252 318
252 324
252 325
252 357
252 380
252 382
252 424
252 440
252 475
252 488
252 498
253 28
253 115
253 165
253 224
253 225
253 240
253 316
253 359
253 432
253 458
254 74
254 80
254 114
254 153
254 279
254 306
254 317
254 374
254 379
254 398
254 493
255 13
255 32
255 33
255 53
255 68
255 74
255 80
255 88
255 91
255 92
255 101
255 112
255 113
255 127
255 132
255 150
255 158
255 159
255 165
255 174
255 185
255 201
255 203
255 213
255 216
255 220
255 226
255 236
255 241
255 243
255 248
255 252
255 281
255 293
255 319
255 354
255 359
255 369
255 374
255 382
255 386
255 391
255 396
255 397
255 437
255 442
255 449
255 480
255 486
255 495
256 27
256 69
256 145
256 150
256 162
256 227
256 236
256 252
256 386
256 404
256 411
256 421
256 452
256 477
257 29
257 53
257 68
257 101
257 103
257 110
257 156
257 159
257 165
257 220
257 241
257 246
257 305
257 309
257 310
257 321
257 336
257 359
257 379
257 381
257 386
257 442
257 473
257 485
257 488
258 61
258 93
258 119
258 135
258 150
258 180
258 207
258 274
258 283
258 350
258 354
258 406
258 479
258 490
259 37
259 77
259 147
259 151
259 162
259 183
259 189
259 195
259 206
259 233
259 344
259 353
259 387
259 418
259 422
259 495
260 98
260 238
260 339
260 355
260 462
260 491
261 20
261 61
261 74
261 75
261 78
261 83
261 101
261 116
261 125
261 156
261 173
261 196
261 201
261 227
261 232
261 233
261 267
261 296
261 309
261 347
261 348
261 387
261 393
261 414
261 432
261 476
261 478
261 479
262 49
262 69
262 72
262 115
262 121
262 165
262 169
262 209
262 325
262 328
262 436
262 456
263 5
263 35
263 63
263 108
263 127
263 162
263 295
263 356
264 44
264 62
264 125
264 141
264 152
264 210
264 243
264 249
264 310
264 359
264 410
264 428
264 491
265 62
265 87
265 107
265 172
265 242
265 248
265 280
265 343
265 360
265 386
265 407
265 418
265 444
266 8
266 33
266 42
266 66
266 83
266 100
266 102
266 111
266 155
266 167
266 278
266 283
266 316
266 392
266 448
266 456
267 54
267 56
267 61
267 69
267 95
267 124
267 150
267 243
267 261
267 326
267 337
267 353
267 411
267 452
267 479
268 13
268 20
268 23
268 33
268 53
268 59
268 61
268 68
268 78
268 88
268 94
268 101
268 115
268 132
268 164
268 166
268 188
268 205
268 239
268 251
268 288
268 293
268 309
268 319
268 335
268 340
268 353
268 359
268 386
268 387
268 396
268 404
268 406
268 440
268 442
268 447
268 449
268 468
268 472
268 473
268 487
269 78
269 82
269 91
269 105
269 106
269 136
269 161
269 162
269 190
269 193
269 196
269 203
269 216
269 248
269 252
269 283
269 310
269 339
269 355
269 407
269 439
269 457
270 8
270 33
270 41
270 82
270 124
270 131
270 143
270 162
270 207
270 238
270 303
270 347
270 354
270 360
271 20
271 91
271 125
271 274
271 373
271 402
271 444
272 91
272 110
272 117
272 156
272 244
272 291
272 303
272 345
272 363
272 394
272 434
272 448
273 14
273 81
273 128
273 157
273 161
273 217
273 234
273 239
273 275
273 346
273 392
273 431
273 438
273 480
273 486
274 6
274 8
274 18
274 72
274 87
274 88
274 104
274 106
274 125
274 130
274 149
274 157
274 158
274 165
274 166
274 168
274 173
274 178
274 194
274 201
274 207
274 216
274 223
274 225
274 231
274 242
274 251
274 258
274 271
274 301
274 330
274 343
274 354
274 360
274 361
274 362
274 365
274 373
274 391
274 416
274 436
274 444
274 455
274 458
274 476
274 490
274 493
274 499
275 23
275 61
275 135
275 180
275 191
275 273
275 280
275 283
275 300
275 398
276 1
276 8
276 175
276 177
276 289
276 342
276 344
276 395
276 434
277 27
277 89
277 104
277 127
277 132
277 133
277 172
277 180
277 200
277 214
277 222
277 230
277 244
277 245
277 323
277 343
277 358
277 413
277 444
277 453
277 467
277 479
278 4
278 42
278 66
278 78
278 83
278 116
278 118
278 134
278 155
278 162
278 171
278 250
278 266
278 287
278 313
278 359
278 392
278 440
278 448
278 459
278 465
279 131
279 153
279 176
279 184
279 211
279 236
279 254
279 306
279 374
279 379
279 382
279 405
280 4
280 11
280 21
280 53
280 59
280 104
280 143
280 152
280 178
280 225
280 228
280 265
280 275
280 283
280 317
280 327
280 339
280 351
280 370
280 398
280 437
280 464
280 475
280 492
280 494
281 32
281 41
281 68
281 87
281 115
281 128
281 142
281 158
281 159
281 196
281 201
281 232
281 255
281 305
281 356
281 367
281 388
281 391
281 416
281 458
281 462
281 480
282 39
282 50
282 165
282 213
282 246
282 324
282 350
282 386
282 402
282 483
283 6
283 12
283 57
283 61
283 80
283 122
283 135
283 140
283 154
283 164
283 171
283 180
283 200
283 207
283 218
283 258
283 266
283 269
283 275
283 280
283 317
283 323
283 377
283 442
283 447
283 473
283 479
283 493
284 48
284 184
284 195
284 304
284 383
284 397
284 478
285 30
285 59
285 91
285 128
285 182
285 184
285 383
285 476
285 497
286 26
286 91
286 312
286 317
286 343
286 354
287 95
287 97
287 152
287 207
287 252
287 278
287 317
287 397
287 405
287 453
288 65
288 87
288 110
288 130
288 133
288 142
288 183
288 200
288 218
288 223
288 228
288 234
288 242
288 268
288 297
288 316
288 327
288 342
288 361
288 404
288 406
288 419
288 442
288 443
288 444
288 466
288 490
288 493
289 10
289 97
289 112
289 145
289 152
289 248
289 276
289 342
289 402
289 428
289 433
289 437
289 447
289 483
289 498
290 53
290 61
290 135
290 180
290 252
290 348
290 479
291 33
291 55
291 110
291 167
291 174
291 179
291 181
291 247
291 272
291 324
291 341
291 345
291 360
291 363
291 394
291 430
291 434
291 439
291 453
291 473
291 482
291 494
292 39
292 80
292 89
292 172
292 214
292 222
292 390
293 54
293 64
293 75
293 103
293 117
293 120
293 121
293 128
293 130
293 146
293 152
293 165
293 191
293 198
293 202
293 210
293 224
293 237
293 255
293 268
293 309
293 317
293 318
293 324
293 325
293 344
293 356
293 357
293 387
293 396
293 402
293 440
293 442
293 466
293 473
293 477
293 478
294 41
294 99
294 182
294 186
294 325
294 333
294 379
295 23
295 29
295 74
295 103
295 121
295 141
295 178
295 180
295 191
295 263
295 310
295 315
295 317
295 343
295 365
295 388
295 394
295 417
295 428
295 475
295 483
295 492
296 11
296 64
296 74
296 87
296 133
296 261
296 326
296 393
296 415
296 432
297 10
297 62
297 71
297 100
297 117
297 120
297 123
297 165
297 178
297 182
297 210
297 211
297 222
297 236
297 237
297 252
297 288
297 318
297 325
297 330
297 358
297 402
297 419
297 440
297 456
297 469
297 479
297 480
297 486
297 487
297 499
298 8
298 54
298 93
298 105
298 106
298 142
298 151
298 159
298 215
298 235
298 248
298 369
298 442
299 41
299 85
299 115
299 320
299 346
299 348
299 374
299 385
300 10
300 28
300 226
300 246
300 275
300 305
300 481
301 42
301 52
301 53
301 124
301 127
301 135
301 141
301 165
301 208
301 274
301 318
301 339
301 357
301 366
301 397
301 404
301 416
301 441
301 453
301 460
301 473
301 491
301 498
302 7
302 32
302 42
302 87
302 124
302 177
302 198
302 228
302 325
302 336
303 33
303 51
303 74
303 99
303 126
303 164
303 248
303 270
303 272
303 334
303 369
303 379
303 440
303 495
304 10
304 16
304 33
304 104
304 213
304 229
304 232
304 284
304 312
304 337
304 475
304 485
305 35
305 93
305 106
305 110
305 112
305 139
305 157
305 158
305 159
305 171
305 183
305 201
305 226
305 238
305 257
305 281
305 300
305 306
305 316
305 320
305 343
305 353
305 376
305 395
305 473
305 476
306 109
306 118
306 153
306 175
306 214
306 220
306 245
306 254
306 279
306 305
306 363
306 374
306 398
306 405
306 416
306 418
306 427
306 439
306 451
306 477
306 497
306 499
307 78
307 193
307 203
307 210
307 239
307 327
307 367
307 377
307 472
307 475
308 8
308 42
308 44
308 52
308 70
308 74
308 99
308 105
308 111
308 114
308 141
308 151
308 152
308 193
308 203
308 212
308 237
308 248
308 252
308 343
308 353
308 356
308 360
308 361
308 367
308 376
308 379
308 397
308 456
308 468
308 483
308 499
309 32
309 112
309 120
309 142
309 165
309 214
309 225
309 257
309 261
309 268
309 293
309 335
309 357
309 393
309 440
310 8
310 23
310 43
310 82
310 102
310 105
310 174
310 178
310 191
310 195
310 232
310 239
310 257
310 264
310 269
310 295
310 314
310 316
310 317
310 351
310 379
310 437
310 475
311 70
311 121
311 124
311 129
311 191
311 196
311 197
311 202
311 205
311 246
311 317
311 357
311 369
311 386
311 395
311 457
311 492
312 10
312 28
312 104
312 113
312 171
312 207
312 213
312 230
312 245
312 248
312 286
312 304
312 316
312 330
312 337
312 378
312 403
312 424
312 488
313 42
313 58
313 155
313 278
313 392
313 404
314 28
314 34
314 70
314 96
314 158
314 159
314 194
314 310
314 343
314 360
314 448
315 28
315 62
315 295
315 331
315 406
315 432
315 444
316 26
316 52
316 73
316 87
316 92
316 95
316 188
316 210
316 218
316 238
316 239
316 242
316 249
316 253
316 266
316 288
316 305
316 310
316 312
316 343
316 346
316 360
316 361
316 362
316 378
316 391
316 393
316 437
316 442
316 444
316 466
316 471
316 476
316 486
316 490
316 493
317 26
317 29
317 33
317 38
317 69
317 70
317 81
317 96
317 100
317 104
317 111
317 114
317 152
317 160
317 174
317 177
317 226
317 228
317 239
317 241
317 254
317 280
317 283
317 286
317 287
317 293
317 295
317 310
317 311
317 324
317 327
317 329
317 338
317 351
317 354
317 355
317 356
317 358
317 371
317 404
317 411
317 417
317 420
317 475
317 479
317 482
317 491
318 37
318 59
318 80
318 81
318 93
318 103
318 104
318 113
318 117
318 128
318 142
318 165
318 183
318 186
318 191
318 196
318 201
318 215
318 229
318 236
318 245
318 246
318 247
318 248
318 252
318 293
318 297
318 301
318 324
318 325
318 356
318 357
318 366
318 368
318 371
318 372
318 397
318 402
318 405
318 419
318 424
318 436
318 449
318 456
318 485
319 20
319 41
319 147
319 178
319 239
319 243
319 255
319 268
319 392
320 13
320 28
320 32
320 56
320 71
320 78
320 88
320 93
320 103
320 106
320 128
320 129
320 148
320 158
320 159
320 176
320 195
320 201
320 202
320 233
320 246
320 251
320 299
320 305
320 346
320 353
320 369
320 376
320 381
320 386
320 393
320 403
320 404
320 405
320 406
320 408
320 416
320 426
320 428
320 436
320 453
320 457
320 467
320 475
320 478
320 492
321 33
321 55
321 93
321 95
321 101
321 113
321 135
321 223
321 257
321 354
321 374
321 386
321 409
321 492
322 4
322 52
322 148
322 189
322 352
322 416
323 87
323 97
323 112
323 114
323 124
323 127
323 130
323 143
323 155
323 228
323 241
323 277
323 283
323 424
323 449
323 453
323 473
323 498
324 8
324 21
324 28
324 71
324 75
324 81
324 100
324 103
324 120
324 124
324 142
324 146
324 152
324 165
324 171
324 176
324 184
324 186
324 188
324 203
324 212
324 240
324 244
324 252
324 282
324 291
324 293
324 317
324 318
324 325
324 343
324 344
324 346
324 357
324 359
324 360
324 402
324 440
324 473
324 479
325 10
325 39
325 48
325 62
325 80
325 92
325 117
325 120
325 125
325 165
325 176
325 185
325 220
325 246
325 252
325 262
325 293
325 294
325 297
325 302
325 318
325 324
325 327
325 336
325 342
325 348
325 356
325 387
325 396
325 402
325 412
325 436
325 440
325 448
325 449
325 453
325 461
325 474
325 479
325 498
326 19
326 69
326 120
326 167
326 267
326 296
326 369
326 411
326 437
326 452
327 18
327 69
327 100
327 126
327 158
327 280
327 288
327 307
327 317
327 325
327 464
327 469
328 68
328 72
328 104
328 135
328 150
328 161
328 213
328 214
328 216
328 223
328 230
328 262
328 337
328 369
328 403
328 463
328 486
329 23
329 30
329 111
329 126
329 178
329 228
329 317
329 368
329 498
330 7
330 10
330 52
330 84
330 104
330 123
330 178
330 213
330 230
330 274
330 297
330 312
330 336
330 337
330 354
330 371
330 402
330 403
330 447
330 463
330 470
330 480
331 54
331 115
331 170
331 173
331 207
331 315
331 359
331 360
331 406
331 432
332 36
332 92
332 133
332 212
332 407
332 488
333 97
333 241
333 294
333 334
333 353
333 406
334 8
334 20
334 78
334 97
334 100
334 105
334 126
334 137
334 141
334 149
334 238
334 303
334 333
334 379
334 391
334 397
334 420
335 1
335 28
335 52
335 54
335 96
335 114
335 124
335 127
335 135
335 151
335 156
335 173
335 175
335 185
335 201
335 204
335 208
335 232
335 237
335 268
335 309
335 342
335 354
335 356
335 376
335 390
335 397
335 404
335 406
335 437
335 449
335 461
335 473
335 478
335 485
336 9
336 21
336 32
336 50
336 62
336 71
336 85
336 88
336 113
336 121
336 135
336 166
336 176
336 186
336 204
336 225
336 247
336 257
336 302
336 325
336 330
336 344
336 453
336 493
337 7
337 10
337 13
337 53
337 61
337 72
337 104
337 150
337 195
337 201
337 228
337 230
337 246
337 267
337 304
337 312
337 328
337 330
337 343
337 351
337 352
337 376
337 392
337 403
337 404
338 3
338 100
338 101
338 104
338 125
338 217
338 317
338 354
338 361
338 362
338 453
338 463
338 466
338 470
338 474
339 6
339 21
339 23
339 59
339 85
339 96
339 99
339 119
339 126
339 128
339 137
339 141
339 147
339 171
339 172
339 178
339 190
339 204
339 236
339 260
339 269
339 280
339 301
339 343
339 355
339 359
339 362
339 383
339 390
339 400
339 404
339 412
339 433
339 449
339 477
340 26
340 27
340 28
340 37
340 52
340 78
340 93
340 155
340 198
340 207
340 248
340 268
340 352
340 356
340 373
340 386
340 447
340 449
340 460
340 466
340 496
341 23
341 55
341 84
341 88
341 147
341 160
341 196
341 291
341 345
341 363
341 394
342 1
342 4
342 16
342 35
342 42
342 44
342 68
342 71
342 78
342 80
342 104
342 119
342 124
342 127
342 138
342 158
342 159
342 177
342 212
342 223
342 231
342 234
342 239
342 249
342 276
342 288
342 289
342 325
342 335
342 366
342 373
342 390
342 404
342 411
342 449
342 453
342 458
342 461
342 473
342 483
343 5
343 17
343 20
343 27
343 87
343 99
343 106
343 126
343 166
343 169
343 218
343 223
343 225
343 242
343 247
343 265
343 274
343 277
343 286
343 295
343 305
343 308
343 314
343 316
343 324
343 337
343 339
343 351
343 352
343 361
343 366
343 406
343 412
343 436
343 444
343 445
343 458
343 459
343 466
343 478
343 490
343 493
344 18
344 31
344 59
344 120
344 132
344 142
344 169
344 176
344 192
344 201
344 210
344 259
344 276
344 293
344 324
344 336
344 357
344 359
344 419
344 442
344 477
344 480
344 490
344 493
345 12
345 46
345 51
345 55
345 91
345 99
345 100
345 113
345 126
345 154
345 155
345 180
345 243
345 272
345 291
345 341
345 363
345 394
345 420
345 482
346 52
346 70
346 74
346 81
346 131
346 159
346 167
346 196
346 240
346 248
346 273
346 299
346 316
346 320
346 324
346 376
346 379
346 406
346 442
346 468
346 470
346 496
347 74
347 101
347 201
347 232
347 261
347 270
347 393
347 432
347 433
347 446
347 478
348 23
348 35
348 74
348 75
348 116
348 124
348 126
348 142
348 173
348 232
348 233
348 248
348 261
348 290
348 299
348 325
348 358
348 366
348 377
348 393
348 432
348 440
348 471
348 478
348 491
349 100
349 132
349 167
349 245
349 387
349 409
349 442
350 74
350 233
350 246
350 258
350 282
350 392
350 393
350 432
351 32
351 38
351 44
351 55
351 79
351 93
351 125
351 126
351 149
351 152
351 178
351 191
351 210
351 280
351 310
351 317
351 337
351 343
351 360
351 408
351 455
351 468
351 475
351 483
352 13
352 18
352 26
352 53
352 68
352 70
352 101
352 109
352 126
352 132
352 156
352 185
352 197
352 203
352 211
352 216
352 232
352 233
352 234
352 251
352 322
352 337
352 340
352 343
352 353
352 356
352 359
352 379
352 381
352 382
352 390
352 391
352 396
352 403
352 423
352 426
352 444
352 485
352 489
353 42
353 44
353 54
353 63
353 65
353 80
353 92
353 93
353 99
353 105
353 149
353 162
353 178
353 181
353 194
353 196
353 200
353 203
353 208
353 223
353 235
353 240
353 248
353 249
353 259
353 267
353 268
353 305
353 308
353 320
353 333
353 352
353 356
353 366
353 386
353 397
353 412
353 439
353 443
353 459
354 16
354 22
354 48
354 52
354 65
354 78
354 80
354 84
354 87
354 94
354 99
354 103
354 114
354 115
354 146
354 151
354 160
354 165
354 173
354 198
354 218
354 231
354 236
354 245
354 255
354 258
354 270
354 274
354 286
354 317
354 321
354 330
354 335
354 338
354 358
354 359
354 360
354 397
354 404
354 453
354 460
354 461
354 466
354 473
354 498
355 13
355 23
355 29
355 45
355 48
355 54
355 85
355 93
355 96
355 112
355 119
355 141
355 175
355 184
355 203
355 204
355 213
355 216
355 236
355 246
355 248
355 260
355 269
355 317
355 339
355 390
355 393
355 400
355 403
355 405
355 412
355 416
355 419
355 431
355 433
355 441
355 446
355 454
355 475
355 485
355 490
356 15
356 19
356 22
356 23
356 27
356 48
356 52
356 54
356 103
356 126
356 132
356 141
356 146
356 165
356 173
356 203
356 211
356 263
356 281
356 293
356 308
356 317
356 318
356 325
356 335
356 340
356 352
356 353
356 361
356 362
356 453
356 458
356 461
356 464
356 473
356 489
356 498
356 499
357 75
357 85
357 99
357 101
357 107
357 117
357 141
357 142
357 156
357 165
357 176
357 192
357 202
357 216
357 246
357 252
357 293
357 301
357 309
357 311
357 318
357 324
357 344
357 359
357 379
357 381
357 386
357 419
357 439
357 440
357 451
357 453
357 477
357 488
357 493
357 496
358 10
358 32
358 40
358 45
358 54
358 80
358 99
358 112
358 120
358 133
358 134
358 142
358 155
358 172
358 187
358 200
358 214
358 222
358 244
358 245
358 277
358 297
358 317
358 348
358 354
358 383
358 392
358 397
358 437
358 445
358 453
358 469
359 10
359 16
359 20
359 33
359 41
359 45
359 50
359 52
359 54
359 76
359 88
359 97
359 113
359 115
359 126
359 131
359 132
359 152
359 175
359 196
359 203
359 210
359 220
359 226
359 245
359 247
359 253
359 255
359 257
359 264
359 268
359 278
359 324
359 331
359 339
359 344
359 352
359 354
359 357
359 382
359 466
359 467
360 8
360 15
360 33
360 36
360 44
360 52
360 74
360 82
360 92
360 99
360 105
360 113
360 126
360 138
360 141
360 149
360 151
360 164
360 191
360 201
360 203
360 207
360 212
360 232
360 242
360 248
360 251
360 265
360 270
360 274
360 291
360 308
360 314
360 316
360 324
360 331
360 351
360 354
360 373
360 374
360 392
360 397
360 441
360 447
360 449
360 459
360 464
360 473
360 479
360 488
361 52
361 54
361 65
361 81
361 87
361 93
361 99
361 112
361 114
361 119
361 159
361 175
361 212
361 225
361 234
361 274
361 288
361 308
361 316
361 338
361 343
361 356
361 365
361 383
361 391
361 425
361 426
361 458
361 462
361 466
361 483
361 485
361 490
361 493
362 22
362 29
362 54
362 84
362 87
362 124
362 146
362 175
362 231
362 242
362 248
362 274
362 316
362 338
362 339
362 356
362 371
362 393
362 437
362 473
363 17
363 55
363 88
363 90
363 152
363 241
363 272
363 291
363 306
363 341
363 345
363 371
363 394
363 448
363 453
363 454
363 482
364 99
364 129
364 182
364 184
364 466
364 490
364 493
365 151
365 156
365 192
365 274
365 295
365 361
365 406
365 444
365 458
366 61
366 114
366 121
366 127
366 130
366 162
366 175
366 190
366 301
366 318
366 342
366 343
366 348
366 353
366 368
366 373
366 376
366 379
366 449
366 453
366 483
367 95
367 96
367 100
367 104
367 111
367 119
367 121
367 143
367 201
367 210
367 226
367 228
367 239
367 241
367 281
367 307
367 308
367 417
367 426
367 428
367 440
367 464
367 478
367 488
368 28
368 32
368 194
368 196
368 218
368 318
368 329
368 366
368 494
369 23
369 28
369 43
369 53
369 54
369 59
369 68
369 141
369 148
369 151
369 164
369 171
369 175
369 182
369 201
369 214
369 232
369 255
369 298
369 303
369 311
369 320
369 326
369 328
369 388
369 406
369 425
369 437
369 440
369 473
370 62
370 178
370 213
370 280
370 434
370 447
371 15
371 41
371 64
371 95
371 99
371 100
371 121
371 142
371 161
371 178
371 196
371 197
371 210
371 220
371 241
371 243
371 248
371 317
371 318
371 330
371 362
371 363
371 428
371 437
371 447
371 469
371 483
372 26
372 79
372 99
372 112
372 211
372 318
372 462
372 488
373 19
373 75
373 94
373 161
373 177
373 210
373 228
373 237
373 271
373 274
373 340
373 342
373 360
373 366
373 388
373 391
374 55
374 58
374 83
374 143
374 153
374 234
374 254
374 255
374 279
374 299
374 306
374 321
374 360
374 405
374 418
374 428
374 462
375 33
375 46
375 103
375 112
375 142
375 228
375 238
375 239
375 396
375 415
375 446
375 492
375 493
375 496
376 7
376 19
376 32
376 52
376 70
376 88
376 105
376 110
376 124
376 158
376 159
376 167
376 213
376 233
376 305
376 308
376 320
376 335
376 337
376 346
376 366
376 387
376 406
376 425
376 473
377 75
377 86
377 283
377 307
377 348
377 393
377 432
378 54
378 97
378 156
378 216
378 312
378 316
378 395
378 442
378 453
378 485
379 21
379 41
379 61
379 79
379 81
379 82
379 94
379 105
379 126
379 151
379 164
379 185
379 193
379 201
379 203
379 208
379 239
379 248
379 251
379 254
379 257
379 279
379 294
379 303
379 308
379 310
379 334
379 346
379 352
379 357
379 366
379 386
379 397
379 408
379 409
379 442
379 459
379 495
380 6
380 30
380 97
380 121
380 132
380 191
380 223
380 230
380 240
380 252
380 492
380 493
381 20
381 26
381 76
381 77
381 112
381 139
381 142
381 148
381 166
381 167
381 204
381 211
381 228
381 238
381 239
381 257
381 320
381 352
381 357
381 383
381 404
381 416
381 490
381 496
382 33
382 52
382 80
382 117
382 207
382 209
382 215
382 239
382 252
382 255
382 279
382 352
382 359
382 431
382 438
382 453
382 471
382 485
383 5
383 30
383 34
383 52
383 63
383 81
383 87
383 105
383 135
383 137
383 158
383 182
383 184
383 194
383 195
383 199
383 210
383 221
383 234
383 246
383 284
383 285
383 339
383 358
383 361
383 381
383 406
383 417
383 439
383 446
383 480
384 4
384 99
384 151
384 405
384 408
384 428
385 12
385 135
385 180
385 182
385 299
385 391
386 13
386 21
386 30
386 37
386 45
386 53
386 71
386 74
386 80
386 97
386 101
386 105
386 113
386 115
386 126
386 138
386 159
386 166
386 193
386 208
386 220
386 224
386 226
386 237
386 251
386 255
386 256
386 257
386 265
386 268
386 282
386 311
386 320
386 321
386 340
386 353
386 357
386 379
386 387
386 403
386 406
386 442
386 444
386 464
386 481
386 485
387 26
387 33
387 34
387 52
387 54
387 77
387 80
387 88
387 110
387 113
387 114
387 115
387 126
387 177
387 192
387 204
387 216
387 222
387 251
387 259
387 261
387 268
387 293
387 325
387 349
387 376
387 386
387 395
387 396
387 402
387 410
387 414
387 437
387 441
387 462
387 467
387 481
387 486
387 490
387 495
388 122
388 158
388 232
388 281
388 295
388 369
388 373
389 13
389 33
389 182
389 192
389 206
389 216
389 246
390 4
390 10
390 23
390 48
390 71
390 85
390 96
390 108
390 119
390 141
390 144
390 165
390 184
390 204
390 233
390 236
390 245
390 251
390 292
390 335
390 339
390 342
390 352
390 355
390 412
390 431
390 438
390 439
390 445
390 461
391 23
391 54
391 93
391 137
391 158
391 166
391 206
391 216
391 223
391 225
391 240
391 242
391 247
391 255
391 274
391 281
391 316
391 334
391 352
391 361
391 373
391 385
391 407
391 431
391 449
391 468
391 475
391 499
392 1
392 42
392 66
392 70
392 79
392 83
392 96
392 117
392 118
392 135
392 155
392 173
392 266
392 273
392 278
392 313
392 319
392 337
392 350
392 358
392 360
392 422
392 448
393 0
393 15
393 27
393 46
393 74
393 75
393 79
393 84
393 102
393 106
393 116
393 147
393 154
393 196
393 210
393 211
393 232
393 233
393 244
393 261
393 296
393 309
393 316
393 320
393 347
393 348
393 350
393 355
393 362
393 377
393 406
393 412
393 425
393 429
393 430
393 432
393 439
393 440
393 457
393 461
393 462
393 478
393 483
394 55
394 107
394 134
394 164
394 210
394 272
394 291
394 295
394 341
394 345
394 363
394 415
394 444
394 487
394 493
395 7
395 13
395 18
395 28
395 33
395 59
395 60
395 73
395 85
395 88
395 90
395 119
395 276
395 305
395 311
395 378
395 387
395 432
395 440
395 442
395 473
395 492
395 494
396 20
396 23
396 49
396 53
396 59
396 68
396 112
396 126
396 128
396 146
396 151
396 172
396 182
396 255
396 268
396 293
396 325
396 352
396 375
396 387
396 419
396 483
396 496
397 26
397 41
397 44
397 52
397 68
397 82
397 112
397 124
397 125
397 141
397 151
397 156
397 162
397 164
397 165
397 193
397 216
397 236
397 248
397 255
397 284
397 287
397 301
397 308
397 318
397 334
397 335
397 353
397 354
397 358
397 360
397 379
397 406
397 439
397 441
397 458
397 459
397 469
397 471
397 492
397 498
398 105
398 234
398 248
398 254
398 275
398 280
398 306
398 405
398 418
399 15
399 28
399 96
399 115
399 213
399 406
399 409
400 33
400 66
400 141
400 222
400 339
400 355
400 469
401 69
401 123
401 150
401 158
401 223
401 227
401 411
401 425
401 467
402 20
402 28
402 119
402 120
402 128
402 129
402 131
402 155
402 159
402 165
402 181
402 208
402 222
402 271
402 282
402 289
402 293
402 297
402 318
402 324
402 325
402 330
402 387
402 449
402 477
402 488
402 499
403 6
403 7
403 8
403 10
403 29
403 68
403 69
403 72
403 85
403 104
403 123
403 184
403 187
403 213
403 245
403 312
403 320
403 328
403 330
403 337
403 352
403 355
403 386
403 408
403 442
403 450
403 459
403 484
404 8
404 16
404 27
404 32
404 78
404 84
404 94
404 101
404 124
404 133
404 146
404 158
404 165
404 175
404 177
404 192
404 222
404 225
404 229
404 256
404 268
404 288
404 301
404 313
404 317
404 320
404 335
404 337
404 339
404 342
404 354
404 381
404 449
404 450
404 453
404 475
404 485
404 495
405 76
405 79
405 153
405 177
405 241
405 279
405 287
405 306
405 318
405 320
405 355
405 374
405 384
405 398
405 418
405 451
405 497
406 9
406 22
406 28
406 93
406 106
406 129
406 141
406 158
406 159
406 167
406 171
406 175
406 176
406 184
406 192
406 201
406 208
406 212
406 214
406 238
406 245
406 246
406 258
406 268
406 288
406 315
406 320
406 331
406 333
406 335
406 343
406 346
406 365
406 369
406 376
406 383
406 386
406 393
406 397
406 399
406 408
406 414
406 425
406 438
406 496
407 99
407 195
407 223
407 265
407 269
407 332
407 391
407 463
407 493
408 38
408 50
408 64
408 66
408 81
408 147
408 156
408 165
408 202
408 320
408 351
408 379
408 384
408 403
408 406
408 432
408 438
408 459
408 462
408 480
408 486
409 64
409 81
409 85
409 125
409 156
409 202
409 249
409 321
409 349
409 379
409 399
409 477
409 480
409 494
410 177
410 220
410 229
410 264
410 387
410 435
411 20
411 56
411 96
411 121
411 124
411 141
411 150
411 163
411 225
411 227
411 246
411 249
411 256
411 267
411 317
411 326
411 342
411 401
411 421
411 432
411 452
411 455
411 473
412 12
412 23
412 54
412 96
412 99
412 117
412 119
412 141
412 325
412 339
412 343
412 353
412 355
412 390
412 393
412 449
412 453
412 472
412 496
413 46
413 214
413 222
413 238
413 245
413 277
414 3
414 125
414 139
414 156
414 177
414 202
414 261
414 387
414 406
414 415
414 480
414 486
415 37
415 69
415 77
415 183
415 221
415 225
415 296
415 375
415 394
415 414
416 8
416 12
416 32
416 93
416 132
416 159
416 167
416 171
416 178
416 184
416 196
416 217
416 225
416 242
416 246
416 274
416 281
416 301
416 306
416 320
416 322
416 355
416 381
416 445
416 461
416 473
416 492
417 20
417 99
417 120
417 214
417 241
417 246
417 295
417 317
417 367
417 383
417 491
417 492
418 66
418 164
418 245
418 259
418 265
418 306
418 374
418 398
418 405
418 441
419 13
419 37
419 62
419 88
419 102
419 121
419 135
419 142
419 164
419 169
419 186
419 225
419 232
419 247
419 288
419 297
419 318
419 344
419 355
419 357
419 396
419 420
419 450
419 462
419 477
419 492
420 20
420 111
420 160
420 317
420 334
420 345
420 419
420 437
420 442
420 454
420 483
420 488
421 69
421 129
421 133
421 216
421 229
421 256
421 411
421 478
422 37
422 41
422 77
422 100
422 109
422 124
422 147
422 176
422 183
422 189
422 239
422 259
422 392
422 430
422 437
422 495
423 70
423 93
423 155
423 159
423 164
423 191
423 246
423 352
423 432
423 460
424 24
424 64
424 70
424 71
424 74
424 117
424 128
424 150
424 162
424 163
424 165
424 177
424 238
424 252
424 312
424 318
424 323
424 425
424 467
425 49
425 75
425 93
425 105
425 106
425 112
425 171
425 184
425 201
425 232
425 361
425 369
425 376
425 393
425 401
425 406
425 424
426 4
426 6
426 32
426 115
426 203
426 231
426 246
426 320
426 352
426 361
426 367
426 482
427 23
427 83
427 119
427 141
427 306
427 469
428 29
428 32
428 97
428 100
428 132
428 141
428 142
428 159
428 210
428 216
428 251
428 264
428 289
428 295
428 320
428 367
428 371
428 374
428 384
428 432
428 447
428 458
428 493
429 14
429 49
429 74
429 159
429 195
429 204
429 232
429 393
429 432
429 448
429 449
429 478
429 479
429 484
430 10
430 74
430 291
430 393
430 422
430 432
431 23
431 54
431 96
431 119
431 130
431 141
431 183
431 189
431 273
431 355
431 382
431 390
431 391
431 442
431 458
431 488
432 0
432 19
432 27
432 74
432 75
432 79
432 89
432 91
432 99
432 116
432 154
432 155
432 171
432 214
432 223
432 225
432 232
432 233
432 253
432 261
432 296
432 315
432 331
432 347
432 348
432 350
432 377
432 393
432 395
432 408
432 411
432 423
432 428
432 429
432 430
432 442
432 456
432 478
432 480
432 486
432 490
432 492
433 51
433 83
433 236
433 289
433 339
433 347
433 355
434 40
434 55
434 77
434 203
434 272
434 276
434 291
434 370
435 38
435 56
435 81
435 118
435 119
435 125
435 156
435 410
435 462
435 474
435 480
436 153
436 262
436 274
436 318
436 320
436 325
436 343
436 480
437 25
437 29
437 34
437 53
437 55
437 99
437 100
437 130
437 160
437 178
437 180
437 210
437 215
437 228
437 232
437 237
437 249
437 255
437 280
437 289
437 310
437 316
437 326
437 335
437 358
437 362
437 369
437 371
437 387
437 420
437 422
437 452
437 455
437 462
437 475
438 22
438 31
438 38
438 62
438 64
438 69
438 81
438 142
438 156
438 180
438 183
438 196
438 202
438 218
438 241
438 273
438 382
438 390
438 406
438 408
438 480
438 486
438 490
439 3
439 44
439 91
439 92
439 99
439 105
439 115
439 117
439 151
439 156
439 186
439 222
439 228
439 269
439 291
439 306
439 353
439 357
439 383
439 390
439 393
439 397
439 441
439 447
440 20
440 29
440 30
440 71
440 81
440 120
440 128
440 165
440 210
440 212
440 220
440 247
440 252
440 268
440 278
440 293
440 297
440 303
440 309
440 324
440 325
440 348
440 357
440 367
440 369
440 393
440 395
440 480
440 484
440 488
440 492
440 496
441 12
441 41
441 87
441 105
441 115
441 131
441 162
441 169
441 203
441 218
441 228
441 229
441 248
441 301
441 355
441 360
441 387
441 397
441 418
441 439
442 5
442 20
442 33
442 45
442 81
442 88
442 110
442 113
442 119
442 123
442 126
442 127
442 139
442 150
442 155
442 156
442 191
442 216
442 226
442 245
442 248
442 255
442 257
442 268
442 283
442 288
442 293
442 298
442 316
442 344
442 346
442 349
442 378
442 379
442 386
442 395
442 403
442 420
442 431
442 432
442 443
442 482
442 485
443 8
443 21
443 41
443 75
443 99
443 143
443 149
443 195
443 212
443 288
443 353
443 442
443 453
444 6
444 30
444 45
444 57
444 70
444 77
444 82
444 83
444 87
444 92
444 94
444 100
444 101
444 106
444 115
444 116
444 124
444 135
444 138
444 162
444 173
444 188
444 208
444 212
444 218
444 223
444 225
444 226
444 240
444 242
444 265
444 271
444 274
444 277
444 288
444 315
444 316
444 343
444 352
444 365
444 386
444 394
444 464
444 466
444 476
444 489
444 490
444 493
444 494
444 499
445 93
445 200
445 222
445 245
445 343
445 358
445 390
445 416
446 64
446 158
446 182
446 184
446 195
446 210
446 347
446 355
446 375
446 383
446 492
446 497
447 12
447 29
447 88
447 91
447 121
447 152
447 165
447 171
447 178
447 190
447 191
447 200
447 208
447 210
447 243
447 248
447 268
447 283
447 289
447 330
447 340
447 360
447 370
447 371
447 428
447 439
447 475
447 478
447 491
447 493
448 14
448 29
448 42
448 66
448 83
448 92
448 119
448 126
448 155
448 182
448 244
448 266
448 272
448 278
448 314
448 325
448 363
448 392
448 429
449 8
449 10
449 19
449 20
449 22
449 37
449 52
449 78
449 90
449 106
449 114
449 130
449 146
449 151
449 153
449 170
449 175
449 176
449 184
449 186
449 191
449 226
449 246
449 255
449 268
449 318
449 323
449 325
449 335
449 339
449 340
449 342
449 360
449 366
449 391
449 402
449 404
449 412
449 429
449 458
449 465
450 104
450 135
450 164
450 213
450 230
450 403
450 404
450 419
451 20
451 132
451 306
451 357
451 405
451 470
452 4
452 61
452 68
452 69
452 106
452 124
452 182
452 256
452 267
452 326
452 411
452 437
452 454
453 47
453 67
453 94
453 99
453 109
453 115
453 119
453 124
453 128
453 156
453 162
453 177
453 198
453 228
453 233
453 239
453 245
453 277
453 287
453 291
453 301
453 320
453 323
453 325
453 336
453 338
453 342
453 354
453 356
453 357
453 358
453 363
453 366
453 378
453 382
453 404
453 412
453 443
453 454
453 461
453 465
453 473
453 498
454 23
454 41
454 56
454 86
454 96
454 119
454 141
454 355
454 363
454 420
454 452
454 453
455 5
455 210
455 274
455 351
455 411
455 437
456 195
456 228
456 262
456 266
456 297
456 308
456 318
456 432
457 98
457 116
457 176
457 212
457 249
457 269
457 311
457 320
457 393
457 459
458 182
458 200
458 201
458 214
458 218
458 234
458 251
458 253
458 274
458 281
458 342
458 343
458 356
458 361
458 365
458 397
458 428
458 431
458 449
458 466
459 81
459 94
459 105
459 131
459 149
459 162
459 178
459 180
459 200
459 204
459 210
459 212
459 223
459 246
459 278
459 343
459 353
459 360
459 379
459 397
459 403
459 408
459 457
460 26
460 42
460 301
460 340
460 354
460 423
460 463
461 81
461 95
461 119
461 159
461 160
461 325
461 335
461 342
461 354
461 356
461 390
461 393
461 416
461 453
461 474
462 9
462 53
462 76
462 77
462 80
462 84
462 87
462 91
462 102
462 103
462 112
462 126
462 139
462 140
462 142
462 152
462 169
462 211
462 216
462 223
462 228
462 232
462 238
462 239
462 246
462 260
462 281
462 361
462 372
462 374
462 387
462 393
462 408
462 419
462 435
462 437
462 485
462 486
462 489
462 496
463 10
463 84
463 93
463 104
463 112
463 126
463 135
463 213
463 230
463 238
463 328
463 330
463 338
463 407
463 460
464 29
464 69
464 112
464 123
464 152
464 175
464 191
464 203
464 210
464 228
464 280
464 327
464 356
464 360
464 367
464 386
464 444
465 137
465 138
465 165
465 242
465 278
465 449
465 453
465 473
466 8
466 18
466 20
466 41
466 68
466 87
466 93
466 115
466 121
466 144
466 202
466 212
466 214
466 218
466 232
466 242
466 249
466 288
466 293
466 316
466 338
466 340
466 343
466 354
466 359
466 361
466 364
466 444
466 458
466 499
467 13
467 26
467 80
467 109
467 114
467 155
467 158
467 227
467 251
467 277
467 320
467 359
467 387
467 401
467 424
468 101
468 112
468 124
468 126
468 158
468 202
468 237
468 243
468 251
468 268
468 308
468 346
468 351
468 391
469 11
469 101
469 133
469 162
469 172
469 200
469 222
469 245
469 297
469 327
469 358
469 371
469 397
469 400
469 427
470 84
470 146
470 330
470 338
470 346
470 451
471 26
471 33
471 106
471 112
471 169
471 239
471 316
471 348
471 382
471 397
471 477
471 483
471 496
472 4
472 53
472 54
472 70
472 93
472 101
472 133
472 158
472 268
472 307
472 412
473 1
473 10
473 23
473 32
473 35
473 38
473 39
473 52
473 87
473 90
473 97
473 112
473 120
473 124
473 127
473 128
473 146
473 173
473 175
473 201
473 238
473 248
473 257
473 268
473 283
473 291
473 293
473 301
473 305
473 323
473 324
473 335
473 342
473 354
473 356
473 360
473 362
473 369
473 376
473 395
473 411
473 416
473 453
473 465
473 477
473 483
473 489
474 78
474 94
474 102
474 113
474 114
474 133
474 152
474 167
474 325
474 338
474 435
474 461
474 490
475 33
475 54
475 59
475 68
475 97
475 126
475 134
475 141
475 148
475 162
475 175
475 190
475 191
475 210
475 237
475 238
475 252
475 280
475 295
475 304
475 307
475 310
475 317
475 320
475 351
475 355
475 391
475 404
475 437
475 447
475 479
475 485
475 496
476 71
476 125
476 141
476 168
476 208
476 261
476 274
476 285
476 305
476 316
476 444
477 21
477 24
477 103
477 127
477 139
477 151
477 176
477 256
477 293
477 306
477 339
477 344
477 357
477 402
477 409
477 419
477 471
477 473
478 43
478 74
478 75
478 79
478 97
478 116
478 124
478 143
478 146
478 165
478 185
478 200
478 232
478 233
478 261
478 284
478 293
478 320
478 335
478 343
478 347
478 348
478 367
478 393
478 421
478 429
478 432
478 447
478 483
478 486
479 61
479 75
479 93
479 135
479 154
479 180
479 195
479 207
479 258
479 261
479 267
479 277
479 283
479 290
479 297
479 317
479 324
479 325
479 360
479 429
479 475
479 480
480 14
480 22
480 33
480 38
480 64
480 81
480 95
480 113
480 115
480 120
480 125
480 127
480 135
480 143
480 146
480 156
480 157
480 165
480 202
480 210
480 255
480 273
480 281
480 297
480 330
480 344
480 383
480 408
480 409
480 414
480 432
480 435
480 436
480 438
480 440
480 479
480 486
481 9
481 68
481 106
481 126
481 160
481 176
481 225
481 251
481 300
481 386
481 387
482 44
482 47
482 55
482 291
482 317
482 345
482 363
482 426
482 442
483 22
483 29
483 34
483 38
483 100
483 152
483 178
483 191
483 198
483 203
483 210
483 226
483 241
483 251
483 282
483 289
483 295
483 308
483 342
483 351
483 361
483 366
483 371
483 393
483 396
483 420
483 471
483 473
483 478
484 86
484 228
484 403
484 429
484 440
484 496
485 20
485 42
485 47
485 53
485 67
485 68
485 101
485 109
485 116
485 132
485 148
485 152
485 153
485 159
485 173
485 181
485 184
485 191
485 220
485 228
485 248
485 251
485 257
485 304
485 318
485 335
485 352
485 355
485 361
485 378
485 382
485 386
485 404
485 442
485 462
485 475
485 497
486 81
486 88
486 125
486 141
486 149
486 156
486 157
486 168
486 176
486 200
486 202
486 241
486 255
486 273
486 297
486 316
486 328
486 387
486 408
486 414
486 432
486 438
486 462
486 478
486 480
486 490
486 492
487 28
487 162
487 203
487 208
487 251
487 268
487 297
487 394
488 32
488 81
488 99
488 121
488 224
488 229
488 247
488 251
488 252
488 257
488 312
488 332
488 357
488 360
488 367
488 372
488 402
488 420
488 431
488 440
489 16
489 52
489 218
489 352
489 356
489 444
489 462
489 473
489 490
489 493
490 5
490 17
490 30
490 55
490 75
490 87
490 101
490 103
490 106
490 133
490 197
490 218
490 225
490 226
490 230
490 234
490 258
490 274
490 288
490 316
490 343
490 344
490 355
490 361
490 364
490 381
490 387
490 432
490 438
490 444
490 474
490 486
490 489
490 493
490 494
490 499
491 4
491 28
491 99
491 152
491 213
491 233
491 241
491 260
491 264
491 301
491 317
491 348
491 417
491 447
491 499
492 4
492 16
492 28
492 32
492 39
492 43
492 49
492 70
492 71
492 81
492 89
492 93
492 97
492 105
492 115
492 120
492 131
492 159
492 171
492 195
492 196
492 201
492 205
492 214
492 230
492 241
492 246
492 247
492 280
492 295
492 311
492 320
492 321
492 375
492 380
492 395
492 397
492 416
492 417
492 419
492 432
492 440
492 446
492 486
493 17
493 32
493 50
493 54
493 61
493 85
493 87
493 95
493 119
493 142
493 159
493 165
493 208
493 210
493 212
493 215
493 218
493 223
493 225
493 240
493 242
493 246
493 254
493 274
493 283
493 288
493 316
493 336
493 343
493 344
493 357
493 361
493 364
493 375
493 380
493 394
493 407
493 428
493 444
493 447
493 489
493 490
494 32
494 41
494 158
494 171
494 183
494 189
494 196
494 246
494 280
494 291
494 368
494 395
494 409
494 444
494 490
495 37
495 77
495 159
495 176
495 183
495 189
495 242
495 255
495 259
495 303
495 379
495 387
495 404
495 422
496 9
496 10
496 52
496 53
496 61
496 91
496 98
496 100
496 101
496 102
496 103
496 112
496 120
496 128
496 169
496 178
496 184
496 191
496 202
496 211
496 218
496 228
496 238
496 239
496 246
496 251
496 340
496 346
496 357
496 375
496 381
496 396
496 406
496 412
496 440
496 462
496 471
496 475
496 484
497 66
497 285
497 306
497 405
497 446
497 485
498 4
498 8
498 69
498 120
498 173
498 177
498 201
498 202
498 237
498 252
498 289
498 301
498 323
498 325
498 329
498 354
498 356
498 397
498 453
499 1
499 5
499 8
499 30
499 52
499 87
499 92
499 112
499 115
499 126
499 166
499 189
499 218
499 231
499 274
499 297
499 306
499 308
499 356
499 391
499 402
499 444
499 466
499 490
499 491
