500 9894
1	6
1	145
1	324
1	374
1	377
1	395
1	445
1	467
1	479
1	491
2	153
2	274
2	279
2	425
2	433
2	453
2	467
2	478
2	483
2	494
3	124
3	263
3	293
3	405
3	406
3	408
3	413
3	429
3	439
3	440
4	162
4	200
4	230
4	376
4	388
4	426
4	428
4	446
4	452
4	488
5	16
5	44
5	119
5	315
5	337
5	364
5	418
5	436
5	446
5	456
6	1
6	207
6	227
6	283
6	304
6	349
6	398
6	429
6	479
6	498
7	96
7	341
7	350
7	380
7	423
7	440
7	453
7	472
7	483
7	497
8	181
8	214
8	248
8	299
8	307
8	357
8	362
8	382
8	392
8	394
9	161
9	188
9	225
9	256
9	291
9	351
9	356
9	391
9	452
9	476
10	148
10	240
10	242
10	331
10	379
10	421
10	422
10	459
10	474
10	486
11	158
11	160
11	388
11	423
11	437
11	462
11	472
11	491
11	497
11	500
12	79
12	98
12	140
12	298
12	315
12	438
12	449
12	469
12	493
12	499
13	89
13	197
13	249
13	402
13	415
13	445
13	453
13	476
13	483
13	494
14	211
14	278
14	345
14	347
14	381
14	403
14	442
14	477
14	492
14	500
15	276
15	348
15	393
15	403
15	408
15	435
15	438
15	444
15	487
15	491
16	5
16	137
16	344
16	371
16	403
16	437
16	476
16	490
16	491
16	494
17	92
17	96
17	206
17	333
17	415
17	431
17	470
17	476
17	485
17	494
18	22
18	42
18	343
18	363
18	397
18	437
18	478
18	489
18	493
18	500
19	73
19	108
19	156
19	321
19	330
19	363
19	376
19	393
19	426
19	428
20	81
20	108
20	277
20	324
20	383
20	432
20	456
20	463
20	468
20	495
21	106
21	164
21	366
21	386
21	388
21	404
21	433
21	468
21	483
21	497
22	18
22	37
22	66
22	121
22	221
22	407
22	420
22	430
22	439
22	447
23	157
23	167
23	206
23	259
23	316
23	381
23	389
23	397
23	489
23	493
24	222
24	240
24	246
24	370
24	391
24	393
24	413
24	419
24	422
24	460
25	29
25	84
25	91
25	228
25	249
25	390
25	399
25	418
25	435
25	482
26	223
26	237
26	302
26	342
26	352
26	396
26	414
26	460
26	493
26	494
27	104
27	173
27	248
27	310
27	385
27	399
27	442
27	466
27	480
27	484
28	44
28	195
28	342
28	372
28	397
28	469
28	478
28	486
28	489
28	493
29	25
29	30
29	186
29	191
29	291
29	333
29	397
29	422
29	485
29	486
30	29
30	196
30	248
30	291
30	301
30	421
30	482
30	486
30	490
30	495
31	115
31	195
31	217
31	253
31	323
31	326
31	339
31	362
31	387
31	394
32	115
32	241
32	309
32	314
32	330
32	337
32	351
32	356
32	358
32	499
33	44
33	256
33	285
33	302
33	342
33	350
33	352
33	386
33	414
33	496
34	39
34	251
34	407
34	451
34	455
34	458
34	480
34	482
34	484
34	488
35	142
35	246
35	271
35	287
35	378
35	399
35	438
35	449
35	475
35	476
36	42
36	71
36	308
36	343
36	378
36	412
36	414
36	438
36	449
36	473
37	22
37	159
37	160
37	185
37	308
37	328
37	348
37	390
37	399
37	430
38	220
38	247
38	271
38	295
38	330
38	420
38	433
38	491
38	492
38	495
39	34
39	237
39	281
39	316
39	334
39	431
39	437
39	448
39	456
39	463
40	150
40	285
40	354
40	358
40	420
40	441
40	447
40	489
40	495
40	498
41	131
41	158
41	170
41	242
41	267
41	291
41	366
41	391
41	422
41	486
42	18
42	36
42	329
42	355
42	418
42	440
42	469
42	478
42	485
42	493
43	101
43	264
43	273
43	310
43	428
43	432
43	447
43	489
43	498
43	500
44	5
44	28
44	33
44	277
44	357
44	425
44	456
44	463
44	465
44	478
45	97
45	99
45	246
45	301
45	371
45	396
45	425
45	428
45	471
45	486
46	51
46	70
46	150
46	169
46	187
46	291
46	327
46	340
46	365
46	369
47	199
47	333
47	353
47	364
47	418
47	435
47	436
47	440
47	446
47	475
48	61
48	110
48	166
48	208
48	312
48	329
48	451
48	491
48	497
48	499
49	304
49	349
49	437
49	448
49	456
49	461
49	463
49	478
49	491
49	499
50	122
50	152
50	176
50	395
50	410
50	431
50	457
50	479
50	480
50	485
51	46
51	131
51	195
51	299
51	302
51	326
51	392
51	394
51	415
51	432
52	65
52	253
52	302
52	314
52	316
52	464
52	471
52	478
52	493
52	498
53	193
53	300
53	305
53	324
53	334
53	352
53	357
53	365
53	448
53	493
54	70
54	209
54	289
54	314
54	325
54	365
54	369
54	433
54	471
54	488
55	275
55	338
55	341
55	349
55	357
55	361
55	383
55	395
55	404
55	465
56	156
56	168
56	181
56	226
56	279
56	317
56	319
56	399
56	419
56	443
57	182
57	251
57	290
57	347
57	351
57	430
57	475
57	492
57	493
57	500
58	269
58	358
58	377
58	400
58	433
58	437
58	456
58	468
58	492
58	495
58	500
59	138
59	312
59	367
59	385
59	417
59	434
59	439
59	454
59	466
59	471
59	485
60	63
60	177
60	272
60	277
60	334
60	388
60	390
60	413
60	455
60	465
60	497
61	48
61	72
61	123
61	138
61	212
61	307
61	382
61	443
61	457
61	470
61	487
62	74
62	191
62	261
62	276
62	334
62	361
62	383
62	421
62	425
62	448
62	481
63	60
63	179
63	292
63	348
63	388
63	413
63	464
63	466
63	475
63	483
63	497
64	140
64	143
64	265
64	281
64	313
64	326
64	368
64	372
64	441
64	447
64	500
65	52
65	88
65	138
65	235
65	356
65	386
65	440
65	459
65	466
65	472
65	497
66	22
66	249
66	311
66	335
66	360
66	389
66	392
66	399
66	430
66	435
66	456
67	70
67	296
67	395
67	405
67	409
67	410
67	440
67	457
67	472
67	474
67	497
68	337
68	339
68	403
68	424
68	452
68	470
68	479
68	486
68	490
68	494
68	499
69	191
69	278
69	307
69	337
69	349
69	410
69	471
69	492
69	496
69	498
69	500
70	46
70	54
70	67
70	112
70	117
70	286
70	340
70	365
70	369
70	393
70	447
71	36
71	234
71	270
71	401
71	412
71	427
71	438
71	449
71	453
71	476
71	490
72	61
72	131
72	209
72	266
72	340
72	365
72	369
72	410
72	414
72	435
72	500
73	19
73	77
73	275
73	286
73	343
73	364
73	384
73	418
73	436
73	446
73	450
74	62
74	108
74	176
74	372
74	400
74	457
74	467
74	468
74	471
74	477
74	487
75	227
75	236
75	247
75	312
75	360
75	389
75	390
75	430
75	440
75	465
75	483
76	172
76	188
76	193
76	225
76	264
76	361
76	382
76	383
76	456
76	493
76	498
77	73
77	167
77	274
77	389
77	423
77	453
77	458
77	470
77	476
77	493
77	494
78	86
78	244
78	288
78	379
78	463
78	466
78	477
78	495
78	496
78	498
78	500
79	12
79	213
79	282
79	287
79	321
79	377
79	412
79	438
79	449
79	460
79	474
80	100
80	112
80	129
80	158
80	263
80	356
80	383
80	461
80	472
80	483
80	497
81	20
81	359
81	384
81	403
81	425
81	442
81	452
81	461
81	470
81	488
81	492
82	99
82	149
82	204
82	299
82	362
82	392
82	394
82	475
82	482
82	487
82	490
83	105
83	161
83	278
83	304
83	318
83	375
83	447
83	464
83	492
83	496
83	498
84	25
84	263
84	294
84	312
84	360
84	390
84	399
84	430
84	445
84	487
84	496
85	168
85	181
85	190
85	289
85	317
85	319
85	345
85	406
85	420
85	436
85	479
86	78
86	106
86	120
86	205
86	250
86	308
86	324
86	389
86	399
86	417
86	430
87	295
87	305
87	313
87	323
87	332
87	338
87	368
87	372
87	460
87	464
87	477
88	65
88	186
88	282
88	334
88	339
88	361
88	408
88	446
88	448
88	456
88	478
89	13
89	240
89	241
89	272
89	389
89	453
89	458
89	476
89	483
89	488
89	490
90	198
90	259
90	267
90	281
90	405
90	409
90	417
90	440
90	452
90	459
90	483
91	25
91	221
91	308
91	312
91	390
91	406
91	429
91	436
91	485
91	496
91	497
92	17
92	125
92	367
92	370
92	437
92	454
92	471
92	485
92	489
92	490
92	500
93	111
93	232
93	242
93	279
93	282
93	335
93	387
93	422
93	442
93	471
93	486
94	140
94	345
94	395
94	400
94	417
94	432
94	435
94	455
94	468
94	481
94	499
95	111
95	189
95	194
95	261
95	309
95	347
95	376
95	417
95	426
95	428
95	499
96	7
96	17
96	120
96	366
96	400
96	444
96	445
96	462
96	471
96	487
96	498
97	45
97	248
97	302
97	334
97	335
97	387
97	396
97	421
97	462
97	464
97	486
98	12
98	121
98	255
98	278
98	397
98	447
98	450
98	460
98	495
98	496
98	500
99	45
99	82
99	171
99	392
99	396
99	398
99	421
99	422
99	443
99	463
99	486
100	80
100	246
100	254
100	266
100	342
100	378
100	405
100	412
100	438
100	449
100	483
101	43
101	230
101	276
101	307
101	373
101	417
101	451
101	484
101	492
101	495
101	498
102	142
102	229
102	341
102	390
102	417
102	439
102	469
102	478
102	485
102	489
102	496
103	297
103	309
103	322
103	343
103	377
103	384
103	394
103	415
103	466
103	473
103	487
104	27
104	212
104	264
104	329
104	349
104	361
104	367
104	383
104	448
104	453
104	481
105	83
105	133
105	177
105	215
105	271
105	370
105	391
105	393
105	419
105	470
105	478
106	21
106	86
106	268
106	320
106	374
106	377
106	398
106	431
106	445
106	449
106	479
107	180
107	194
107	258
107	341
107	354
107	355
107	359
107	385
107	389
107	405
107	470
108	19
108	20
108	74
108	119
108	300
108	351
108	386
108	411
108	413
108	439
108	459
108	472
109	223
109	278
109	328
109	355
109	385
109	413
109	420
109	447
109	454
109	460
109	485
109	487
110	48
110	283
110	291
110	385
110	388
110	408
110	443
110	458
110	463
110	477
110	491
110	499
111	93
111	95
111	167
111	212
111	253
111	344
111	346
111	425
111	426
111	428
111	443
111	489
112	70
112	80
112	169
112	228
112	249
112	254
112	266
112	340
112	365
112	369
112	374
112	441
113	166
113	190
113	206
113	210
113	260
113	354
113	385
113	402
113	413
113	416
113	460
113	480
114	118
114	373
114	428
114	432
114	442
114	451
114	474
114	475
114	482
114	484
114	495
114	499
115	31
115	32
115	144
115	184
115	250
115	309
115	318
115	351
115	356
115	435
115	468
115	500
116	198
116	270
116	333
116	378
116	396
116	412
116	429
116	438
116	446
116	449
116	493
116	495
117	70
117	265
117	272
117	289
117	297
117	313
117	323
117	368
117	372
117	420
117	448
117	477
118	114
118	264
118	265
118	313
118	323
118	332
118	368
118	372
118	410
118	436
118	445
118	462
119	5
119	108
119	158
119	211
119	306
119	394
119	409
119	459
119	471
119	477
119	480
119	497
120	86
120	96
120	356
120	444
120	455
120	460
120	468
120	471
120	477
120	480
120	487
120	494
121	22
121	98
121	249
121	250
121	302
121	374
121	389
121	390
121	398
121	399
121	448
121	492
122	50
122	208
122	344
122	347
122	371
122	383
122	398
122	419
122	431
122	445
122	473
122	479
123	61
123	359
123	419
123	430
123	439
123	454
123	473
123	478
123	485
123	489
123	490
123	493
124	3
124	203
124	299
124	326
124	362
124	369
124	392
124	394
124	418
124	451
124	476
124	494
125	92
125	154
125	179
125	219
125	332
125	358
125	391
125	393
125	402
125	419
125	447
125	488
126	299
126	357
126	358
126	396
126	451
126	461
126	466
126	471
126	474
126	482
126	488
126	498
127	206
127	241
127	292
127	344
127	380
127	384
127	459
127	469
127	474
127	481
127	488
127	491
128	184
128	316
128	330
128	346
128	376
128	405
128	426
128	428
128	466
128	468
128	488
128	491
129	80
129	160
129	246
129	287
129	316
129	361
129	378
129	390
129	412
129	438
129	442
129	449
130	133
130	238
130	293
130	370
130	372
130	391
130	393
130	408
130	419
130	441
130	454
130	463
131	41
131	51
131	72
131	202
131	224
131	236
131	290
131	300
131	417
131	495
131	496
131	500
132	316
132	324
132	349
132	361
132	370
132	374
132	375
132	424
132	437
132	448
132	465
132	473
133	105
133	130
133	238
133	355
133	370
133	375
133	391
133	419
133	428
133	486
133	491
133	499
134	142
134	209
134	262
134	266
134	278
134	325
134	340
134	365
134	369
134	381
134	396
134	480
135	188
135	264
135	311
135	349
135	350
135	359
135	383
135	437
135	448
135	456
135	475
135	489
136	162
136	229
136	259
136	310
136	335
136	392
136	396
136	421
136	452
136	484
136	486
136	498
137	16
137	218
137	245
137	251
137	300
137	327
137	398
137	408
137	448
137	462
137	474
137	499
138	59
138	61
138	65
138	150
138	185
138	229
138	371
138	404
138	409
138	459
138	483
138	497
139	153
139	161
139	225
139	232
139	241
139	318
139	351
139	356
139	403
139	409
139	479
139	494
140	12
140	64
140	94
140	198
140	227
140	234
140	258
140	412
140	438
140	449
140	462
140	489
141	292
141	423
141	434
141	442
141	454
141	464
141	469
141	474
141	478
141	481
141	489
141	497
142	35
142	102
142	134
142	169
142	266
142	340
142	342
142	365
142	369
142	415
142	470
142	478
143	64
143	148
143	274
143	281
143	297
143	332
143	368
143	372
143	378
143	385
143	394
143	478
144	115
144	188
144	241
144	309
144	318
144	351
144	356
144	375
144	388
144	459
144	488
144	494
145	1
145	192
145	224
145	241
145	315
145	353
145	364
145	404
145	436
145	446
145	450
145	462
146	156
146	174
146	225
146	279
146	289
146	290
146	313
146	317
146	319
146	397
146	433
146	484
147	171
147	276
147	288
147	315
147	342
147	352
147	358
147	384
147	391
147	397
147	405
147	414
148	10
148	143
148	168
148	186
148	195
148	244
148	254
148	387
148	396
148	422
148	486
148	496
149	82
149	197
149	206
149	237
149	397
149	454
149	467
149	471
149	478
149	489
149	493
149	496
149	499
150	40
150	46
150	138
150	273
150	331
150	393
150	408
150	413
150	416
150	425
150	458
150	476
150	490
151	216
151	221
151	242
151	272
151	312
151	330
151	360
151	389
151	390
151	423
151	430
151	474
151	489
152	50
152	207
152	283
152	342
152	347
152	362
152	374
152	396
152	398
152	431
152	445
152	479
152	484
153	2
153	139
153	202
153	247
153	285
153	288
153	342
153	352
153	414
153	424
153	446
153	469
153	498
154	125
154	258
154	333
154	370
154	389
154	391
154	393
154	414
154	419
154	424
154	425
154	437
154	444
155	308
155	343
155	360
155	379
155	410
155	417
155	464
155	465
155	469
155	490
155	492
155	496
155	498
156	19
156	56
156	146
156	165
156	174
156	206
156	262
156	279
156	289
156	317
156	319
156	404
156	486
157	23
157	183
157	256
157	260
157	319
157	328
157	333
157	371
157	419
157	420
157	434
157	460
157	473
158	11
158	41
158	80
158	119
158	319
158	334
158	348
158	386
158	404
158	416
158	422
158	470
158	497
159	37
159	192
159	205
159	272
159	386
159	409
159	410
159	423
159	433
159	456
159	483
159	484
159	487
160	11
160	37
160	129
160	277
160	282
160	287
160	288
160	402
160	437
160	445
160	456
160	463
160	465
161	9
161	83
161	139
161	196
161	237
161	309
161	318
161	351
161	356
161	444
161	457
161	479
161	498
162	4
162	136
162	197
162	301
162	310
162	335
162	340
162	349
162	387
162	405
162	422
162	458
162	486
163	194
163	254
163	308
163	316
163	345
163	364
163	380
163	424
163	441
163	466
163	473
163	484
163	492
164	21
164	216
164	285
164	310
164	368
164	384
164	408
164	426
164	435
164	457
164	477
164	491
164	496
165	156
165	189
165	237
165	322
165	360
165	382
165	435
165	464
165	469
165	471
165	473
165	485
165	493
166	48
166	113
166	205
166	290
166	318
166	351
166	435
166	444
166	455
166	466
166	477
166	487
166	491
167	23
167	77
167	111
167	266
167	282
167	366
167	416
167	439
167	454
167	469
167	489
167	493
167	497
168	56
168	85
168	148
168	266
168	279
168	289
168	317
168	319
168	350
168	411
168	415
168	477
168	497
169	46
169	112
169	142
169	211
169	263
169	266
169	340
169	360
169	365
169	369
169	438
169	439
169	454
170	41
170	275
170	290
170	303
170	304
170	328
170	336
170	436
170	447
170	450
170	477
170	495
170	499
171	99
171	147
171	201
171	219
171	285
171	296
171	300
171	302
171	352
171	380
171	414
171	458
171	495
172	76
172	217
172	231
172	284
172	323
172	329
172	339
172	475
172	480
172	481
172	482
172	484
172	496
173	27
173	203
173	219
173	264
173	341
173	357
173	443
173	448
173	456
173	463
173	465
173	494
173	500
174	146
174	156
174	181
174	193
174	279
174	280
174	289
174	317
174	319
174	337
174	382
174	454
174	467
175	263
175	271
175	277
175	299
175	363
175	386
175	388
175	397
175	405
175	409
175	448
175	459
175	465
176	50
176	74
176	265
176	281
176	297
176	313
176	323
176	349
176	368
176	372
176	374
176	486
176	495
177	60
177	105
177	289
177	348
177	360
177	373
177	405
177	413
177	426
177	427
177	458
177	483
177	497
178	217
178	274
178	293
178	336
178	343
178	365
178	423
178	429
178	480
178	481
178	488
178	498
178	499
179	63
179	125
179	209
179	219
179	220
179	333
179	356
179	370
179	391
179	393
179	419
179	430
179	431
179	495
180	107
180	259
180	306
180	359
180	392
180	401
180	402
180	411
180	420
180	455
180	460
180	482
180	489
180	493
181	8
181	56
181	85
181	174
181	279
181	289
181	307
181	317
181	319
181	383
181	425
181	449
181	487
181	493
182	57
182	226
182	247
182	273
182	433
182	437
182	440
182	453
182	479
182	484
182	485
182	496
182	498
182	500
183	157
183	223
183	229
183	250
183	256
183	273
183	306
183	359
183	401
183	424
183	438
183	456
183	458
183	460
184	115
184	128
184	204
184	212
184	221
184	269
184	295
184	321
184	330
184	346
184	426
184	428
184	478
184	488
185	37
185	138
185	225
185	230
185	342
185	361
185	415
185	424
185	427
185	453
185	470
185	476
185	490
185	494
186	29
186	88
186	148
186	232
186	244
186	263
186	301
186	322
186	372
186	387
186	421
186	430
186	440
186	486
187	46
187	251
187	336
187	353
187	383
187	411
187	418
187	432
187	435
187	436
187	446
187	450
187	495
187	499
188	9
188	76
188	135
188	144
188	225
188	255
188	309
188	318
188	349
188	351
188	356
188	393
188	398
188	495
189	95
189	165
189	200
189	232
189	261
189	322
189	330
189	344
189	354
189	385
189	426
189	428
189	485
189	495
190	85
190	113
190	194
190	240
190	254
190	370
190	401
190	402
190	425
190	427
190	453
190	458
190	480
190	490
191	29
191	62
191	69
191	254
191	303
191	329
191	334
191	409
191	433
191	437
191	456
191	463
191	465
191	495
192	145
192	159
192	208
192	327
192	340
192	374
192	395
192	398
192	431
192	445
192	459
192	469
192	474
192	479
193	53
193	76
193	174
193	224
193	313
193	329
193	349
193	357
193	376
193	450
193	451
193	462
193	463
193	465
194	95
194	107
194	163
194	190
194	210
194	294
194	338
194	374
194	375
194	398
194	426
194	431
194	445
194	479
195	28
195	31
195	51
195	148
195	214
195	220
195	253
195	299
195	326
195	329
195	392
195	394
195	465
195	500
196	30
196	161
196	206
196	214
196	303
196	371
196	375
196	392
196	394
196	407
196	415
196	467
196	470
196	490
197	13
197	149
197	162
197	376
197	377
197	384
197	390
197	418
197	442
197	475
197	481
197	482
197	488
197	496
198	90
198	116
198	140
198	243
198	270
198	378
198	403
198	412
198	431
198	438
198	449
198	450
198	453
198	461
199	47
199	244
199	257
199	369
199	372
199	387
199	404
199	412
199	425
199	458
199	470
199	490
199	494
199	496
200	4
200	189
200	284
200	300
200	311
200	344
200	345
200	346
200	376
200	423
200	426
200	428
200	447
200	452
201	171
201	252
201	276
201	288
201	342
201	343
201	352
201	375
201	414
201	455
201	481
201	488
201	491
201	494
202	131
202	153
202	254
202	255
202	259
202	276
202	285
202	288
202	302
202	320
202	352
202	414
202	434
202	467
203	124
203	173
203	214
203	253
203	297
203	315
203	326
203	332
203	343
203	362
203	392
203	394
203	456
203	464
204	82
204	184
204	222
204	253
204	272
204	299
204	326
204	331
204	362
204	392
204	394
204	430
204	450
204	463
205	86
205	159
205	166
205	224
205	269
205	279
205	300
205	314
205	359
205	363
205	384
205	388
205	420
205	459
205	483
206	17
206	23
206	113
206	127
206	149
206	156
206	196
206	371
206	381
206	407
206	431
206	434
206	470
206	476
206	494
207	6
207	152
207	305
207	364
207	373
207	381
207	406
207	407
207	441
207	479
207	489
207	495
207	496
207	498
207	500
208	48
208	122
208	192
208	236
208	258
208	316
208	374
208	380
208	388
208	395
208	445
208	450
208	456
208	470
208	479
209	54
209	72
209	134
209	179
209	266
209	327
209	336
209	338
209	340
209	365
209	369
209	446
209	467
209	475
209	478
210	113
210	194
210	260
210	320
210	329
210	336
210	341
210	355
210	365
210	385
210	417
210	420
210	460
210	461
210	475
211	14
211	119
211	169
211	284
211	293
211	300
211	359
211	374
211	395
211	398
211	404
211	423
211	440
211	459
211	497
212	61
212	104
212	111
212	184
212	262
212	301
212	321
212	344
212	346
212	376
212	421
212	426
212	477
212	482
212	484
213	79
213	227
213	294
213	338
213	380
213	395
213	404
213	427
213	430
213	431
213	437
213	445
213	475
213	479
213	481
214	8
214	195
214	196
214	203
214	253
214	259
214	301
214	326
214	362
214	385
214	392
214	394
214	404
214	492
214	496
215	105
215	219
215	222
215	224
215	321
215	323
215	333
215	391
215	393
215	410
215	419
215	470
215	476
215	495
215	499
216	151
216	164
216	250
216	308
216	312
216	387
216	389
216	390
216	399
216	420
216	430
216	444
216	456
216	487
216	489
217	31
217	172
217	178
217	250
217	298
217	300
217	354
217	367
217	395
217	442
217	464
217	473
217	475
217	482
217	488
218	137
218	255
218	259
218	264
218	319
218	320
218	327
218	424
218	430
218	451
218	457
218	487
218	488
218	491
218	499
219	125
219	171
219	173
219	179
219	215
219	304
219	330
219	333
219	364
219	370
219	378
219	393
219	419
219	426
219	481
220	38
220	179
220	195
220	233
220	275
220	298
220	349
220	424
220	458
220	461
220	466
220	474
220	475
220	482
220	486
221	22
221	91
221	151
221	184
221	249
221	250
221	290
221	308
221	339
221	360
221	362
221	366
221	404
221	430
221	482
222	24
222	204
222	215
222	238
222	270
222	333
222	343
222	370
222	380
222	393
222	419
222	448
222	462
222	474
222	494
223	26
223	109
223	183
223	225
223	244
223	260
223	332
223	359
223	375
223	377
223	401
223	417
223	454
223	460
223	497
224	131
224	145
224	193
224	205
224	215
224	286
224	356
224	379
224	437
224	441
224	454
224	492
224	495
224	496
224	498
225	9
225	76
225	139
225	146
225	185
225	188
225	223
225	241
225	309
225	318
225	351
225	356
225	440
225	467
225	471
226	56
226	182
226	231
226	273
226	282
226	316
226	336
226	370
226	388
226	411
226	419
226	464
226	469
226	485
226	493
227	6
227	75
227	140
227	213
227	263
227	279
227	283
227	294
227	325
227	334
227	338
227	363
227	431
227	445
227	479
228	25
228	112
228	258
228	268
228	338
228	374
228	395
228	398
228	438
228	445
228	461
228	473
228	476
228	479
228	489
229	102
229	136
229	138
229	183
229	317
229	325
229	366
229	379
229	411
229	469
229	471
229	478
229	479
229	482
229	493
230	4
230	101
230	185
230	252
230	261
230	275
230	299
230	321
230	330
230	344
230	360
230	376
230	426
230	428
230	488
230	491
231	172
231	226
231	281
231	358
231	367
231	408
231	411
231	427
231	434
231	447
231	458
231	464
231	469
231	485
231	493
231	497
232	93
232	139
232	186
232	189
232	259
232	260
232	267
232	335
232	387
232	412
232	417
232	422
232	452
232	455
232	486
232	500
233	220
233	326
233	345
233	355
233	392
233	415
233	421
233	429
233	446
233	453
233	461
233	474
233	475
233	480
233	482
233	485
234	71
234	140
234	250
234	270
234	271
234	287
234	342
234	378
234	397
234	412
234	419
234	422
234	438
234	449
234	459
234	486
235	65
235	283
235	296
235	310
235	345
235	352
235	364
235	377
235	433
235	448
235	472
235	473
235	474
235	481
235	484
235	488
236	75
236	131
236	208
236	377
236	400
236	408
236	419
236	428
236	432
236	436
236	444
236	450
236	462
236	468
236	477
236	499
237	26
237	39
237	149
237	161
237	165
237	276
237	285
237	288
237	302
237	322
237	342
237	352
237	414
237	429
237	433
237	465
238	130
238	133
238	222
238	324
238	333
238	340
238	370
238	391
238	393
238	398
238	419
238	420
238	433
238	461
238	463
238	466
239	243
239	248
239	293
239	306
239	341
239	355
239	359
239	361
239	397
239	401
239	402
239	420
239	438
239	460
239	467
239	477
240	10
240	24
240	89
240	190
240	346
240	371
240	405
240	410
240	458
240	464
240	467
240	470
240	482
240	483
240	490
240	494
241	32
241	89
241	127
241	139
241	144
241	145
241	225
241	251
241	309
241	318
241	351
241	356
241	391
241	451
241	487
241	499
242	10
242	41
242	93
242	151
242	259
242	261
242	285
242	291
242	360
242	368
242	396
242	421
242	422
242	462
242	486
242	494
243	198
243	239
243	286
243	324
243	365
243	366
243	394
243	411
243	424
243	434
243	439
243	454
243	471
243	475
243	481
243	489
244	78
244	148
244	186
244	199
244	223
244	326
244	337
244	350
244	381
244	407
244	427
244	447
244	467
244	481
244	490
244	494
245	137
245	277
245	320
245	376
245	380
245	400
245	408
245	409
245	455
245	467
245	477
245	481
245	482
245	490
245	491
245	499
246	24
246	35
246	45
246	100
246	129
246	263
246	270
246	277
246	287
246	298
246	316
246	412
246	435
246	438
246	449
246	487
247	38
247	75
247	153
247	182
247	297
247	305
247	368
247	387
247	389
247	404
247	410
247	417
247	441
247	447
247	489
247	500
248	8
248	27
248	30
248	97
248	239
248	292
248	298
248	302
248	323
248	339
248	389
248	407
248	442
248	452
248	474
248	488
249	13
249	25
249	66
249	112
249	121
249	221
249	315
249	337
249	360
249	389
249	396
249	399
249	430
249	470
249	487
249	497
250	86
250	115
250	121
250	183
250	216
250	217
250	221
250	234
250	279
250	312
250	360
250	362
250	389
250	399
250	438
250	451
251	34
251	57
251	137
251	187
251	241
251	262
251	280
251	284
251	311
251	315
251	336
251	364
251	418
251	446
251	450
251	475
252	201
252	230
252	306
252	320
252	385
252	388
252	411
252	438
252	457
252	462
252	468
252	472
252	477
252	487
252	491
252	499
253	31
253	52
253	111
253	195
253	203
253	204
253	214
253	335
253	362
253	377
253	389
253	392
253	394
253	425
253	446
253	451
254	100
254	112
254	148
254	163
254	190
254	191
254	202
254	331
254	403
254	445
254	453
254	458
254	470
254	476
254	490
254	493
254	495
255	98
255	188
255	202
255	218
255	310
255	345
255	392
255	408
255	432
255	435
255	443
255	446
255	474
255	481
255	491
255	494
255	499
256	9
256	33
256	157
256	183
256	328
256	338
256	347
256	375
256	385
256	396
256	400
256	401
256	402
256	425
256	437
256	460
256	485
257	199
257	331
257	335
257	371
257	397
257	401
257	406
257	407
257	415
257	416
257	427
257	454
257	479
257	490
257	494
257	498
257	500
258	107
258	140
258	154
258	208
258	228
258	268
258	283
258	297
258	307
258	374
258	395
258	431
258	445
258	454
258	466
258	479
258	496
259	23
259	90
259	136
259	180
259	202
259	214
259	218
259	232
259	242
259	265
259	292
259	387
259	396
259	421
259	422
259	484
259	486
260	113
260	157
260	210
260	223
260	232
260	268
260	306
260	325
260	354
260	355
260	358
260	380
260	388
260	395
260	402
260	419
260	460
261	62
261	95
261	189
261	230
261	242
261	282
261	300
261	309
261	321
261	328
261	330
261	344
261	346
261	374
261	426
261	428
261	449
262	134
262	156
262	212
262	251
262	275
262	303
262	304
262	336
262	371
262	382
262	388
262	428
262	436
262	446
262	450
262	455
262	497
263	3
263	80
263	84
263	169
263	175
263	186
263	227
263	246
263	272
263	357
263	404
263	414
263	440
263	466
263	472
263	481
263	483
264	43
264	76
264	104
264	118
264	135
264	173
264	218
264	277
264	284
264	295
264	320
264	324
264	329
264	357
264	386
264	465
264	484
265	64
265	117
265	118
265	176
265	259
265	272
265	297
265	306
265	323
265	331
265	332
265	368
265	372
265	373
265	381
265	434
265	485
266	72
266	100
266	112
266	134
266	142
266	167
266	168
266	169
266	209
266	309
266	340
266	365
266	369
266	421
266	429
266	431
266	453
267	41
267	90
267	232
267	279
267	335
267	357
267	379
267	387
267	396
267	421
267	422
267	444
267	447
267	454
267	465
267	470
267	486
268	106
268	228
268	258
268	260
268	283
268	292
268	294
268	301
268	341
268	355
268	371
268	395
268	398
268	431
268	445
268	449
268	473
269	58
269	184
269	205
269	272
269	290
269	370
269	382
269	432
269	433
269	436
269	441
269	447
269	473
269	484
269	495
269	498
269	500
270	71
270	116
270	198
270	222
270	234
270	246
270	296
270	312
270	357
270	361
270	365
270	375
270	378
270	412
270	438
270	449
270	469
271	35
271	38
271	105
271	175
271	234
271	318
271	327
271	339
271	432
271	443
271	455
271	459
271	468
271	477
271	478
271	487
271	499
272	60
272	89
272	117
272	151
272	159
272	204
272	263
272	265
272	269
272	312
272	314
272	348
272	385
272	423
272	424
272	459
272	472
272	497
273	43
273	150
273	182
273	183
273	226
273	321
273	323
273	379
273	410
273	417
273	433
273	442
273	464
273	466
273	480
273	492
273	496
273	498
274	2
274	77
274	143
274	178
274	283
274	287
274	298
274	351
274	374
274	425
274	427
274	453
274	466
274	467
274	470
274	476
274	486
274	490
275	55
275	73
275	170
275	220
275	230
275	262
275	282
275	315
275	327
275	336
275	364
275	372
275	418
275	429
275	446
275	450
275	452
275	454
276	15
276	62
276	101
276	147
276	201
276	202
276	237
276	285
276	288
276	302
276	342
276	380
276	385
276	407
276	414
276	418
276	436
276	482
277	20
277	44
277	60
277	160
277	175
277	245
277	246
277	264
277	314
277	357
277	369
277	409
277	437
277	446
277	456
277	463
277	465
277	500
278	14
278	69
278	83
278	98
278	109
278	134
278	280
278	286
278	331
278	358
278	381
278	406
278	419
278	442
278	449
278	492
278	498
278	500
279	2
279	56
279	93
279	146
279	156
279	168
279	174
279	181
279	205
279	227
279	250
279	267
279	280
279	289
279	317
279	319
279	353
279	426
280	174
280	251
280	278
280	279
280	286
280	318
280	326
280	400
280	408
280	432
280	443
280	462
280	468
280	477
280	487
280	488
280	491
280	492
281	39
281	64
281	90
281	143
281	176
281	231
281	297
281	313
281	323
281	331
281	332
281	368
281	372
281	395
281	424
281	446
281	486
281	497
282	79
282	88
282	93
282	160
282	167
282	226
282	261
282	275
282	324
282	330
282	334
282	357
282	383
282	437
282	444
282	463
282	465
282	494
283	6
283	110
283	152
283	227
283	235
283	258
283	268
283	274
283	315
283	338
283	340
283	395
283	408
283	443
283	445
283	473
283	479
283	480
284	172
284	200
284	211
284	251
284	264
284	304
284	378
284	388
284	408
284	427
284	435
284	444
284	457
284	462
284	468
284	473
284	477
284	499
285	33
285	40
285	153
285	164
285	171
285	202
285	237
285	242
285	276
285	342
285	352
285	391
285	414
285	425
285	442
285	467
285	473
285	488
286	70
286	73
286	224
286	243
286	278
286	280
286	329
286	335
286	362
286	367
286	382
286	434
286	469
286	478
286	485
286	489
286	490
286	493
287	35
287	79
287	129
287	160
287	234
287	246
287	274
287	378
287	399
287	408
287	412
287	438
287	439
287	449
287	456
287	476
287	480
287	488
288	78
288	147
288	153
288	160
288	201
288	202
288	237
288	276
288	342
288	352
288	354
288	363
288	373
288	414
288	436
288	438
288	441
288	443
289	54
289	85
289	117
289	146
289	156
289	168
289	174
289	177
289	181
289	279
289	294
289	317
289	319
289	321
289	369
289	425
289	449
289	487
290	57
290	131
290	146
290	166
290	170
290	221
290	269
290	305
290	339
290	351
290	358
290	407
290	468
290	488
290	495
290	496
290	498
290	500
291	9
291	29
291	30
291	41
291	46
291	110
291	242
291	301
291	311
291	317
291	372
291	387
291	396
291	397
291	403
291	421
291	472
291	486
292	63
292	127
292	141
292	248
292	259
292	268
292	298
292	328
292	330
292	336
292	384
292	406
292	452
292	481
292	484
292	487
292	488
292	489
293	3
293	130
293	178
293	211
293	239
293	330
293	346
293	363
293	368
293	392
293	409
293	413
293	423
293	438
293	440
293	472
293	483
293	493
294	84
294	194
294	213
294	227
294	268
294	289
294	296
294	328
294	336
294	374
294	395
294	398
294	405
294	431
294	438
294	479
294	486
294	492
295	38
295	87
295	184
295	264
295	311
295	331
295	332
295	371
295	379
295	400
295	416
295	433
295	447
295	451
295	491
295	492
295	495
295	496
295	498
296	67
296	171
296	235
296	270
296	294
296	345
296	375
296	380
296	394
296	423
296	427
296	442
296	451
296	457
296	473
296	475
296	481
296	482
296	484
297	103
297	117
297	143
297	176
297	203
297	247
297	258
297	265
297	281
297	308
297	313
297	323
297	332
297	340
297	368
297	372
297	388
297	422
297	441
298	12
298	217
298	220
298	246
298	248
298	274
298	292
298	303
298	328
298	351
298	359
298	380
298	424
298	426
298	434
298	436
298	461
298	466
298	484
299	8
299	51
299	82
299	124
299	126
299	175
299	195
299	204
299	230
299	313
299	326
299	352
299	362
299	392
299	394
299	435
299	439
299	468
299	483
300	53
300	108
300	131
300	137
300	171
300	200
300	205
300	211
300	217
300	261
300	314
300	385
300	388
300	390
300	404
300	405
300	451
300	459
300	497
301	30
301	45
301	162
301	186
301	212
301	214
301	268
301	291
301	335
301	396
301	421
301	424
301	427
301	428
301	431
301	451
301	474
301	486
301	497
302	26
302	33
302	51
302	52
302	97
302	121
302	171
302	202
302	237
302	248
302	276
302	317
302	342
302	352
302	368
302	414
302	473
302	488
302	498
303	170
303	191
303	196
303	262
303	298
303	305
303	315
303	336
303	353
303	378
303	407
303	418
303	436
303	439
303	446
303	450
303	460
303	469
303	486
304	6
304	49
304	83
304	170
304	219
304	262
304	284
304	315
304	324
304	333
304	353
304	364
304	416
304	418
304	427
304	434
304	436
304	446
304	450
305	53
305	87
305	207
305	247
305	290
305	303
305	310
305	311
305	373
305	384
305	391
305	400
305	410
305	417
305	432
305	433
305	441
305	461
305	480
306	119
306	180
306	183
306	239
306	252
306	260
306	265
306	327
306	341
306	352
306	359
306	375
306	385
306	402
306	440
306	457
306	460
306	462
306	469
307	8
307	61
307	69
307	101
307	181
307	258
307	333
307	373
307	393
307	435
307	441
307	444
307	455
307	457
307	462
307	465
307	477
307	487
307	491
308	36
308	37
308	86
308	91
308	155
308	163
308	216
308	221
308	297
308	311
308	328
308	360
308	361
308	364
308	389
308	390
308	401
308	430
308	476
309	32
309	95
309	103
309	115
309	144
309	161
309	188
309	225
309	241
309	261
309	266
309	318
309	320
309	351
309	356
309	405
309	411
309	429
309	447
309	497
310	27
310	43
310	136
310	162
310	164
310	235
310	255
310	305
310	378
310	396
310	408
310	412
310	432
310	435
310	446
310	468
310	477
310	487
310	491
310	499
311	66
311	135
311	200
311	251
311	291
311	295
311	305
311	308
311	328
311	347
311	358
311	373
311	376
311	410
311	415
311	487
311	492
311	495
311	496
311	500
312	48
312	59
312	75
312	84
312	91
312	151
312	216
312	250
312	270
312	272
312	360
312	389
312	390
312	399
312	409
312	431
312	465
312	482
312	486
312	490
313	64
313	87
313	117
313	118
313	146
313	176
313	193
313	281
313	297
313	299
313	323
313	330
313	332
313	368
313	376
313	380
313	448
313	468
313	483
313	490
314	32
314	52
314	54
314	205
314	272
314	277
314	300
314	335
314	354
314	364
314	386
314	404
314	409
314	436
314	439
314	440
314	459
314	461
314	483
314	497
315	5
315	12
315	145
315	147
315	203
315	249
315	251
315	275
315	283
315	303
315	304
315	358
315	414
315	418
315	429
315	436
315	446
315	450
315	478
315	490
316	23
316	39
316	52
316	128
316	129
316	132
316	163
316	208
316	226
316	246
316	325
316	439
316	446
316	454
316	464
316	471
316	485
316	489
316	494
316	497
317	56
317	85
317	146
317	156
317	168
317	174
317	181
317	229
317	279
317	289
317	291
317	302
317	319
317	325
317	342
317	412
317	413
317	450
317	474
317	480
318	83
318	115
318	139
318	144
318	161
318	166
318	188
318	225
318	241
318	271
318	280
318	309
318	323
318	328
318	351
318	356
318	359
318	409
318	464
318	495
319	56
319	85
319	146
319	156
319	157
319	158
319	168
319	174
319	181
319	218
319	279
319	289
319	317
319	353
319	362
319	367
319	424
319	439
319	481
319	492
320	106
320	202
320	210
320	218
320	245
320	252
320	264
320	309
320	327
320	398
320	400
320	411
320	433
320	443
320	444
320	484
320	487
320	491
320	493
320	499
321	19
321	79
321	184
321	212
321	215
321	230
321	261
321	273
321	289
321	330
321	341
321	344
321	346
321	348
321	376
321	395
321	427
321	428
321	458
321	476
322	103
322	165
322	186
322	189
322	237
322	371
322	377
322	380
322	406
322	429
322	435
322	451
322	466
322	467
322	473
322	484
322	488
322	490
322	492
322	498
323	31
323	87
323	117
323	118
323	172
323	176
323	215
323	248
323	265
323	273
323	281
323	297
323	313
323	318
323	332
323	347
323	352
323	372
323	402
323	457
324	1
324	20
324	53
324	86
324	132
324	238
324	243
324	264
324	282
324	304
324	329
324	334
324	358
324	381
324	400
324	437
324	448
324	456
324	463
324	472
324	494
325	54
325	134
325	227
325	229
325	260
325	316
325	317
325	366
325	367
325	368
325	397
325	428
325	439
325	459
325	464
325	466
325	469
325	471
325	472
325	478
325	489
326	31
326	51
326	64
326	124
326	195
326	203
326	204
326	214
326	233
326	244
326	280
326	299
326	335
326	356
326	362
326	392
326	394
326	401
326	408
326	448
326	472
327	46
327	137
327	192
327	209
327	218
327	271
327	275
327	306
327	320
327	362
327	373
327	400
327	412
327	417
327	440
327	455
327	457
327	462
327	468
327	487
327	497
328	37
328	109
328	157
328	170
328	256
328	261
328	292
328	294
328	298
328	308
328	311
328	318
328	341
328	355
328	362
328	375
328	401
328	402
328	420
328	421
328	460
329	42
329	48
329	104
329	172
329	191
329	193
329	195
329	210
329	264
329	286
329	324
329	357
329	363
329	387
329	400
329	437
329	442
329	448
329	463
329	465
329	494
330	19
330	32
330	38
330	128
330	151
330	184
330	189
330	219
330	230
330	261
330	282
330	292
330	293
330	313
330	321
330	344
330	346
330	358
330	393
330	426
330	428
331	10
331	150
331	204
331	254
331	257
331	265
331	278
331	281
331	295
331	337
331	366
331	403
331	407
331	412
331	415
331	416
331	463
331	467
331	470
331	485
331	487
332	87
332	118
332	125
332	143
332	203
332	223
332	265
332	281
332	295
332	297
332	313
332	323
332	353
332	362
332	368
332	372
332	388
332	403
332	462
332	476
332	489
333	17
333	29
333	47
333	116
333	154
333	157
333	179
333	215
333	219
333	222
333	238
333	304
333	307
333	370
333	391
333	393
333	411
333	413
333	418
333	419
333	462
334	39
334	53
334	60
334	62
334	88
334	97
334	158
334	191
334	227
334	282
334	324
334	417
334	420
334	443
334	445
334	448
334	463
334	465
334	471
334	474
334	498
335	66
335	93
335	97
335	136
335	162
335	232
335	253
335	257
335	267
335	286
335	301
335	314
335	326
335	352
335	383
335	387
335	396
335	422
335	472
335	486
335	490
336	170
336	178
336	187
336	209
336	210
336	226
336	251
336	262
336	275
336	292
336	294
336	303
336	353
336	368
336	370
336	418
336	435
336	436
336	445
336	446
336	450
336	494
337	5
337	32
337	68
337	69
337	174
337	244
337	249
337	331
337	350
337	353
337	371
337	392
337	394
337	407
337	409
337	422
337	467
337	470
337	476
337	482
337	490
337	494
338	55
338	87
338	194
338	209
338	213
338	227
338	228
338	256
338	283
338	355
338	374
338	376
338	382
338	395
338	398
338	400
338	412
338	431
338	436
338	445
338	479
338	491
339	31
339	68
339	88
339	172
339	221
339	248
339	271
339	290
339	345
339	349
339	360
339	378
339	406
339	419
339	424
339	451
339	457
339	474
339	475
339	480
339	481
339	484
340	46
340	70
340	72
340	112
340	134
340	142
340	162
340	169
340	192
340	209
340	238
340	266
340	283
340	297
340	365
340	369
340	404
340	414
340	442
340	446
340	452
340	489
341	7
341	55
341	102
341	107
341	173
341	210
341	239
341	268
341	306
341	321
341	328
341	345
341	354
341	355
341	358
341	375
341	390
341	401
341	402
341	420
341	454
341	494
342	26
342	28
342	33
342	100
342	142
342	147
342	152
342	153
342	185
342	201
342	234
342	237
342	276
342	285
342	288
342	302
342	317
342	344
342	391
342	403
342	409
342	414
343	18
343	36
343	73
343	103
343	155
343	178
343	201
343	203
343	222
343	380
343	406
343	407
343	424
343	451
343	452
343	459
343	461
343	464
343	475
343	478
343	480
343	484
344	16
344	111
344	122
344	127
344	189
344	200
344	212
344	230
344	261
344	321
344	330
344	342
344	356
344	372
344	373
344	376
344	415
344	424
344	426
344	428
344	447
344	487
345	14
345	85
345	94
345	163
345	200
345	233
345	235
345	255
345	296
345	339
345	341
345	353
345	383
345	385
345	446
345	450
345	452
345	466
345	473
345	480
345	484
345	488
346	111
346	128
346	184
346	200
346	212
346	240
346	261
346	293
346	321
346	330
346	351
346	363
346	366
346	376
346	389
346	421
346	426
346	428
346	438
346	461
346	472
346	496
347	14
347	57
347	95
347	122
347	152
347	256
347	311
347	323
347	373
347	379
347	381
347	395
347	408
347	433
347	437
347	441
347	454
347	460
347	487
347	492
347	495
347	496
347	497
348	15
348	37
348	63
348	158
348	177
348	272
348	321
348	353
348	363
348	388
348	401
348	409
348	417
348	423
348	435
348	459
348	461
348	468
348	472
348	483
348	489
348	497
348	499
349	6
349	49
349	55
349	69
349	104
349	132
349	135
349	162
349	176
349	188
349	193
349	220
349	339
349	356
349	361
349	374
349	413
349	437
349	456
349	460
349	463
349	465
349	483
350	7
350	33
350	135
350	168
350	244
350	337
350	365
350	403
350	407
350	415
350	416
350	420
350	425
350	430
350	444
350	467
350	469
350	470
350	472
350	490
350	493
350	494
350	496
351	9
351	32
351	57
351	108
351	115
351	139
351	144
351	161
351	166
351	188
351	225
351	241
351	274
351	290
351	298
351	309
351	318
351	346
351	356
351	377
351	445
351	459
351	483
352	26
352	33
352	53
352	147
352	153
352	171
352	201
352	202
352	235
352	237
352	285
352	288
352	299
352	302
352	306
352	323
352	335
352	369
352	382
352	384
352	414
352	415
352	422
353	47
353	145
353	187
353	279
353	303
353	304
353	319
353	332
353	336
353	337
353	345
353	348
353	364
353	379
353	397
353	402
353	418
353	436
353	446
353	450
353	474
353	482
353	491
354	40
354	107
354	113
354	189
354	217
354	260
354	288
354	314
354	341
354	359
354	375
354	385
354	398
354	401
354	402
354	420
354	436
354	455
354	460
354	472
354	484
354	487
354	497
355	42
355	107
355	109
355	133
355	210
355	233
355	239
355	260
355	268
355	328
355	338
355	341
355	375
355	385
355	402
355	404
355	420
355	428
355	460
355	469
355	478
355	480
355	499
356	9
356	32
356	65
356	80
356	115
356	120
356	139
356	144
356	161
356	179
356	188
356	224
356	225
356	241
356	309
356	318
356	326
356	344
356	349
356	351
356	359
356	466
356	468
356	492
357	8
357	44
357	53
357	55
357	126
357	173
357	193
357	263
357	264
357	267
357	270
357	277
357	282
357	329
357	381
357	383
357	385
357	434
357	437
357	440
357	445
357	463
357	483
357	499
358	32
358	40
358	58
358	125
358	126
358	147
358	231
358	260
358	278
358	290
358	311
358	315
358	324
358	330
358	341
358	361
358	381
358	410
358	422
358	433
358	492
358	495
358	498
358	500
359	81
359	107
359	123
359	135
359	180
359	183
359	205
359	211
359	223
359	239
359	298
359	306
359	318
359	354
359	356
359	366
359	375
359	385
359	401
359	420
359	429
359	460
359	486
359	498
360	66
360	75
360	84
360	151
360	155
360	165
360	169
360	177
360	221
360	230
360	242
360	249
360	250
360	308
360	312
360	339
360	361
360	389
360	399
360	413
360	430
360	449
360	485
360	493
361	55
361	62
361	76
361	88
361	104
361	129
361	132
361	185
361	239
361	270
361	308
361	349
361	358
361	360
361	383
361	389
361	414
361	418
361	448
361	456
361	463
361	465
361	479
361	497
362	8
362	31
362	82
362	124
362	152
362	203
362	204
362	214
362	221
362	250
362	253
362	286
362	299
362	319
362	326
362	327
362	328
362	332
362	366
362	387
362	392
362	394
362	462
362	499
363	18
363	19
363	175
363	205
363	227
363	288
363	293
363	329
363	346
363	348
363	369
363	383
363	386
363	388
363	405
363	423
363	440
363	444
363	453
363	459
363	460
363	472
363	483
363	492
364	5
364	47
364	73
364	145
364	163
364	207
364	219
364	235
364	251
364	275
364	304
364	308
364	314
364	353
364	382
364	394
364	418
364	430
364	436
364	439
364	446
364	450
364	452
364	482
365	46
365	53
365	54
365	70
365	72
365	112
365	134
365	142
365	169
365	178
365	209
365	210
365	243
365	266
365	270
365	340
365	350
365	369
365	394
365	396
365	427
365	453
365	454
365	482
366	21
366	41
366	96
366	167
366	221
366	229
366	243
366	325
366	331
366	346
366	359
366	362
366	382
366	405
366	439
366	440
366	454
366	455
366	464
366	471
366	478
366	485
366	489
366	500
367	59
367	92
367	104
367	217
367	231
367	286
367	319
367	325
367	382
367	400
367	405
367	411
367	413
367	434
367	458
367	469
367	471
367	478
367	485
367	486
367	492
367	497
367	499
367	500
368	64
368	87
368	117
368	118
368	143
368	164
368	176
368	242
368	247
368	265
368	281
368	293
368	297
368	302
368	313
368	325
368	332
368	336
368	372
368	387
368	426
368	452
368	456
368	497
369	46
369	54
369	70
369	72
369	112
369	124
369	134
369	142
369	169
369	199
369	209
369	266
369	277
369	289
369	340
369	352
369	363
369	365
369	411
369	421
369	450
369	487
369	489
369	493
370	24
370	92
370	105
370	130
370	132
370	133
370	154
370	179
370	190
370	219
370	222
370	226
370	238
370	269
370	333
370	336
370	391
370	393
370	419
370	430
370	451
370	455
370	474
370	487
370	489
371	16
371	45
371	122
371	138
371	157
371	196
371	206
371	240
371	257
371	262
371	268
371	295
371	322
371	337
371	395
371	396
371	407
371	415
371	426
371	458
371	459
371	470
371	476
371	490
371	494
372	28
372	64
372	74
372	87
372	117
372	118
372	130
372	143
372	176
372	186
372	199
372	265
372	275
372	281
372	291
372	297
372	323
372	332
372	344
372	368
372	377
372	439
372	440
372	450
372	457
373	101
373	114
373	177
373	207
373	265
373	288
373	305
373	307
373	311
373	327
373	344
373	347
373	374
373	379
373	381
373	382
373	407
373	414
373	417
373	419
373	441
373	447
373	492
373	495
373	496
374	1
374	106
374	112
374	121
374	132
374	152
374	176
374	192
374	194
374	208
374	211
374	228
374	258
374	261
374	274
374	294
374	338
374	349
374	373
374	378
374	417
374	423
374	431
374	445
374	479
375	83
375	132
375	133
375	144
375	194
375	196
375	201
375	223
375	256
375	270
375	296
375	306
375	328
375	341
375	354
375	355
375	359
375	385
375	401
375	402
375	420
375	434
375	456
375	472
375	500
376	4
376	19
376	95
376	128
376	193
376	197
376	200
376	212
376	230
376	245
376	311
376	313
376	321
376	338
376	344
376	346
376	415
376	426
376	428
376	451
376	471
376	478
376	486
376	490
376	496
377	1
377	58
377	79
377	103
377	106
377	197
377	223
377	235
377	236
377	253
377	322
377	351
377	372
377	390
377	429
377	449
377	451
377	461
377	473
377	474
377	475
377	480
377	481
377	482
377	490
378	35
378	36
378	100
378	116
378	129
378	143
378	198
378	219
378	234
378	270
378	284
378	287
378	303
378	310
378	339
378	374
378	398
378	412
378	417
378	431
378	432
378	438
378	449
378	458
378	479
379	10
379	78
379	155
379	224
379	229
379	267
379	273
379	295
379	347
379	353
379	373
379	380
379	381
379	412
379	417
379	424
379	428
379	444
379	447
379	455
379	465
379	473
379	491
379	495
379	498
379	500
380	7
380	127
380	163
380	171
380	208
380	213
380	222
380	245
380	260
380	276
380	296
380	298
380	313
380	322
380	343
380	379
380	402
380	429
380	451
380	461
380	469
380	473
380	475
380	480
380	481
380	500
381	14
381	23
381	134
381	206
381	207
381	244
381	265
381	278
381	324
381	347
381	357
381	358
381	373
381	379
381	399
381	409
381	416
381	417
381	422
381	440
381	441
381	447
381	472
381	495
381	496
381	500
382	8
382	61
382	76
382	165
382	174
382	262
382	269
382	286
382	338
382	352
382	364
382	366
382	367
382	373
382	411
382	429
382	434
382	439
382	445
382	448
382	454
382	464
382	471
382	478
382	485
382	493
383	20
383	55
383	62
383	76
383	80
383	104
383	122
383	135
383	181
383	187
383	282
383	335
383	345
383	357
383	361
383	363
383	419
383	420
383	437
383	448
383	455
383	456
383	458
383	465
383	471
383	476
384	73
384	81
384	103
384	127
384	147
384	164
384	197
384	205
384	292
384	305
384	352
384	406
384	411
384	436
384	452
384	457
384	461
384	467
384	471
384	473
384	475
384	480
384	482
384	488
384	492
384	496
385	27
385	59
385	107
385	109
385	110
385	113
385	143
385	189
385	210
385	214
385	252
385	256
385	272
385	276
385	300
385	306
385	345
385	354
385	355
385	357
385	359
385	375
385	401
385	410
385	420
385	460
385	464
386	21
386	33
386	65
386	108
386	158
386	159
386	175
386	264
386	314
386	363
386	395
386	402
386	404
386	409
386	412
386	413
386	415
386	423
386	433
386	449
386	463
386	468
386	474
386	478
386	480
386	486
386	497
387	31
387	93
387	97
387	148
387	162
387	186
387	199
387	216
387	232
387	247
387	259
387	267
387	291
387	329
387	335
387	362
387	368
387	393
387	396
387	415
387	421
387	422
387	428
387	472
387	485
387	486
387	493
388	4
388	11
388	21
388	60
388	63
388	110
388	144
388	175
388	205
388	208
388	226
388	252
388	260
388	262
388	284
388	297
388	300
388	332
388	348
388	363
388	404
388	405
388	413
388	445
388	475
388	483
388	497
389	23
389	66
389	75
389	77
389	86
389	89
389	107
389	121
389	151
389	154
389	216
389	247
389	248
389	249
389	250
389	253
389	308
389	312
389	346
389	360
389	361
389	390
389	399
389	403
389	430
389	458
389	459
390	25
390	37
390	60
390	75
390	84
390	91
390	102
390	121
390	129
390	151
390	197
390	216
390	300
390	308
390	312
390	341
390	377
390	389
390	399
390	401
390	430
390	435
390	440
390	456
390	465
390	476
390	484
391	9
391	24
391	41
391	105
391	125
391	130
391	133
391	147
391	154
391	179
391	215
391	238
391	241
391	285
391	305
391	333
391	342
391	370
391	393
391	415
391	419
391	421
391	444
391	451
391	452
391	476
391	483
392	8
392	51
392	66
392	82
392	99
392	124
392	136
392	180
392	195
392	196
392	203
392	204
392	214
392	233
392	253
392	255
392	293
392	299
392	326
392	337
392	362
392	394
392	430
392	433
392	460
392	477
392	495
393	15
393	19
393	24
393	70
393	105
393	125
393	130
393	150
393	154
393	179
393	188
393	215
393	219
393	222
393	238
393	307
393	330
393	333
393	370
393	387
393	391
393	413
393	419
393	421
393	479
393	480
393	483
393	484
394	8
394	31
394	51
394	82
394	103
394	119
394	124
394	143
394	195
394	196
394	203
394	204
394	214
394	243
394	253
394	296
394	299
394	326
394	337
394	362
394	364
394	365
394	392
394	426
394	456
394	461
394	484
394	490
395	1
395	50
395	55
395	67
395	94
395	192
395	208
395	211
395	213
395	217
395	228
395	258
395	260
395	268
395	281
395	283
395	294
395	321
395	338
395	347
395	371
395	386
395	398
395	410
395	422
395	431
395	479
395	485
396	26
396	45
396	97
396	99
396	116
396	126
396	134
396	136
396	148
396	152
396	242
396	249
396	256
396	259
396	267
396	291
396	301
396	310
396	335
396	365
396	371
396	387
396	406
396	418
396	421
396	477
396	486
396	490
397	18
397	23
397	28
397	29
397	98
397	146
397	147
397	149
397	175
397	234
397	239
397	257
397	291
397	325
397	353
397	403
397	409
397	411
397	419
397	434
397	439
397	464
397	469
397	478
397	485
397	489
397	491
397	493
398	6
398	99
398	106
398	121
398	122
398	137
398	152
398	188
398	192
398	194
398	211
398	228
398	238
398	268
398	294
398	320
398	338
398	354
398	378
398	395
398	408
398	431
398	437
398	441
398	445
398	459
398	468
398	479
399	25
399	27
399	35
399	37
399	56
399	66
399	84
399	86
399	121
399	216
399	249
399	250
399	287
399	312
399	360
399	381
399	389
399	390
399	410
399	430
399	431
399	432
399	443
399	449
399	453
399	466
399	487
399	493
400	58
400	74
400	94
400	96
400	236
400	245
400	256
400	280
400	295
400	305
400	320
400	324
400	327
400	329
400	338
400	367
400	403
400	405
400	408
400	422
400	430
400	443
400	444
400	461
400	462
400	464
400	468
400	487
401	71
401	180
401	183
401	190
401	223
401	239
401	256
401	257
401	308
401	326
401	328
401	341
401	348
401	354
401	359
401	375
401	385
401	390
401	402
401	405
401	406
401	420
401	460
401	461
401	463
401	472
401	474
401	482
402	13
402	113
402	125
402	160
402	180
402	190
402	239
402	256
402	260
402	306
402	323
402	328
402	341
402	353
402	354
402	355
402	375
402	380
402	386
402	401
402	409
402	420
402	435
402	460
402	461
402	464
402	470
402	477
403	14
403	15
403	16
403	68
403	81
403	139
403	198
403	254
403	291
403	331
403	332
403	342
403	350
403	389
403	397
403	400
403	406
403	416
403	425
403	427
403	438
403	453
403	458
403	464
403	467
403	470
403	476
403	484
403	494
404	21
404	55
404	138
404	145
404	156
404	158
404	199
404	211
404	213
404	214
404	221
404	247
404	263
404	300
404	314
404	340
404	355
404	386
404	388
404	409
404	423
404	427
404	440
404	455
404	459
404	470
404	472
404	483
404	494
405	3
405	67
405	90
405	100
405	107
405	128
405	147
405	162
405	175
405	177
405	240
405	294
405	300
405	309
405	363
405	366
405	367
405	388
405	400
405	401
405	409
405	413
405	419
405	423
405	432
405	440
405	472
405	483
405	497
406	3
406	85
406	91
406	207
406	257
406	278
406	292
406	322
406	339
406	343
406	384
406	396
406	401
406	403
406	408
406	414
406	424
406	429
406	466
406	473
406	475
406	480
406	481
406	482
406	483
406	488
406	490
406	497
406	498
407	22
407	34
407	196
407	206
407	207
407	244
407	248
407	257
407	276
407	290
407	303
407	331
407	337
407	343
407	350
407	371
407	373
407	425
407	427
407	435
407	453
407	458
407	467
407	473
407	476
407	488
407	492
407	493
407	494
408	3
408	15
408	88
408	110
408	130
408	137
408	150
408	164
408	231
408	236
408	245
408	255
408	280
408	283
408	284
408	287
408	310
408	326
408	347
408	398
408	400
408	406
408	414
408	423
408	430
408	443
408	455
408	457
408	499
409	67
409	90
409	119
409	138
409	139
409	159
409	175
409	191
409	245
409	277
409	293
409	312
409	314
409	318
409	337
409	342
409	348
409	381
409	386
409	397
409	402
409	404
409	405
409	440
409	441
409	472
409	479
409	492
409	497
410	50
410	67
410	69
410	72
410	118
410	155
410	159
410	215
410	240
410	247
410	273
410	305
410	311
410	358
410	385
410	395
410	399
410	416
410	417
410	420
410	433
410	441
410	447
410	456
410	463
410	489
410	492
410	495
410	498
411	108
411	168
411	180
411	187
411	226
411	229
411	231
411	243
411	252
411	309
411	320
411	333
411	367
411	369
411	382
411	384
411	397
411	421
411	434
411	448
411	454
411	464
411	471
411	478
411	481
411	483
411	485
411	489
411	497
412	36
412	71
412	79
412	100
412	116
412	129
412	140
412	198
412	199
412	232
412	234
412	246
412	270
412	287
412	310
412	317
412	327
412	331
412	338
412	378
412	379
412	386
412	432
412	437
412	438
412	449
412	452
412	485
412	500
413	3
413	24
413	60
413	63
413	108
413	109
413	113
413	150
413	177
413	293
413	317
413	333
413	349
413	360
413	367
413	386
413	388
413	393
413	405
413	423
413	440
413	443
413	446
413	459
413	465
413	472
413	483
413	497
413	498
414	26
414	33
414	36
414	72
414	147
414	153
414	154
414	171
414	201
414	202
414	237
414	263
414	276
414	285
414	288
414	302
414	315
414	340
414	342
414	352
414	361
414	373
414	406
414	408
414	444
414	470
414	476
414	498
414	500
415	13
415	17
415	51
415	103
415	142
415	168
415	185
415	196
415	233
415	257
415	311
415	331
415	344
415	350
415	352
415	371
415	376
415	386
415	387
415	391
415	416
415	427
415	448
415	453
415	454
415	467
415	470
415	476
415	488
415	494
416	113
416	150
416	158
416	167
416	257
416	295
416	304
416	331
416	350
416	381
416	403
416	410
416	415
416	425
416	427
416	428
416	433
416	440
416	444
416	445
416	449
416	453
416	458
416	467
416	470
416	471
416	476
416	485
416	490
416	494
417	59
417	86
417	90
417	94
417	95
417	101
417	102
417	131
417	155
417	210
417	223
417	232
417	247
417	273
417	305
417	327
417	334
417	348
417	373
417	374
417	378
417	379
417	381
417	410
417	441
417	447
417	460
417	496
417	498
417	500
418	5
418	25
418	42
418	47
418	73
418	124
418	187
418	197
418	251
418	275
418	276
418	303
418	304
418	315
418	333
418	336
418	353
418	361
418	364
418	396
418	434
418	436
418	442
418	446
418	450
418	452
418	472
418	477
418	493
418	494
419	24
419	56
419	105
419	122
419	123
419	125
419	130
419	133
419	154
419	157
419	179
419	215
419	219
419	222
419	226
419	234
419	236
419	238
419	260
419	278
419	333
419	339
419	370
419	373
419	383
419	391
419	393
419	397
419	405
419	421
420	22
420	38
420	40
420	85
420	109
420	117
420	157
420	180
420	205
420	210
420	216
420	238
420	239
420	328
420	334
420	341
420	350
420	354
420	355
420	359
420	375
420	383
420	385
420	401
420	402
420	410
420	425
420	426
420	460
420	500
421	10
421	30
421	62
421	97
421	99
421	136
421	186
421	212
421	233
421	242
421	259
421	266
421	267
421	291
421	301
421	328
421	346
421	369
421	387
421	391
421	393
421	396
421	411
421	419
421	422
421	432
421	467
421	472
421	486
421	496
422	10
422	24
422	29
422	41
422	93
422	99
422	148
422	158
422	162
422	232
422	234
422	242
422	259
422	267
422	297
422	335
422	337
422	352
422	358
422	381
422	387
422	395
422	400
422	421
422	432
422	442
422	472
422	475
422	478
422	486
422	489
423	7
423	11
423	77
423	141
423	151
423	159
423	178
423	200
423	211
423	272
423	293
423	296
423	348
423	363
423	374
423	386
423	404
423	405
423	408
423	413
423	427
423	429
423	430
423	439
423	442
423	459
423	463
423	472
423	483
423	492
423	497
424	68
424	132
424	153
424	154
424	163
424	183
424	185
424	218
424	220
424	243
424	272
424	281
424	298
424	301
424	319
424	339
424	343
424	344
424	379
424	406
424	447
424	452
424	461
424	466
424	473
424	474
424	480
424	482
424	484
424	488
424	493
425	2
425	44
425	45
425	62
425	81
425	111
425	150
425	154
425	181
425	190
425	199
425	253
425	256
425	274
425	285
425	289
425	350
425	403
425	407
425	416
425	420
425	427
425	434
425	450
425	458
425	464
425	467
425	469
425	476
425	490
425	494
426	4
426	19
426	95
426	111
426	128
426	164
426	177
426	184
426	189
426	194
426	200
426	212
426	219
426	230
426	261
426	279
426	298
426	330
426	344
426	346
426	368
426	371
426	376
426	394
426	420
426	428
426	431
426	471
426	474
426	489
426	499
427	71
427	177
427	185
427	190
427	213
427	231
427	244
427	257
427	274
427	284
427	296
427	301
427	304
427	321
427	365
427	403
427	404
427	407
427	415
427	416
427	423
427	425
427	442
427	453
427	458
427	459
427	464
427	467
427	476
427	490
427	494
427	496
428	4
428	19
428	43
428	45
428	95
428	111
428	114
428	128
428	133
428	184
428	189
428	200
428	230
428	236
428	261
428	262
428	301
428	321
428	325
428	330
428	344
428	346
428	355
428	376
428	379
428	387
428	416
428	426
428	438
428	443
428	447
428	458
429	3
429	6
429	91
429	116
429	178
429	233
429	237
429	266
429	275
429	309
429	315
429	322
429	359
429	377
429	380
429	382
429	406
429	423
429	431
429	442
429	451
429	452
429	461
429	465
429	466
429	473
429	474
429	480
429	481
429	482
429	492
429	498
430	22
430	37
430	57
430	66
430	75
430	84
430	86
430	123
430	151
430	179
430	186
430	204
430	213
430	216
430	218
430	221
430	249
430	308
430	350
430	360
430	364
430	370
430	389
430	390
430	392
430	399
430	400
430	408
430	423
430	453
430	455
430	494
431	17
431	39
431	50
431	106
431	122
431	152
431	179
431	192
431	194
431	198
431	206
431	213
431	227
431	258
431	266
431	268
431	294
431	301
431	312
431	338
431	374
431	378
431	395
431	398
431	399
431	426
431	429
431	443
431	444
431	459
431	465
431	479
432	20
432	43
432	51
432	94
432	114
432	187
432	236
432	255
432	269
432	271
432	280
432	305
432	310
432	378
432	399
432	405
432	412
432	421
432	422
432	435
432	444
432	455
432	457
432	461
432	462
432	468
432	477
432	480
432	481
432	487
432	491
432	499
433	2
433	21
433	38
433	54
433	58
433	146
433	159
433	182
433	191
433	235
433	237
433	238
433	269
433	273
433	295
433	305
433	320
433	347
433	358
433	386
433	392
433	410
433	416
433	436
433	441
433	446
433	458
433	492
433	495
433	496
433	498
433	500
434	59
434	141
434	157
434	202
434	206
434	231
434	243
434	265
434	286
434	298
434	304
434	357
434	367
434	375
434	382
434	397
434	411
434	418
434	425
434	436
434	454
434	460
434	463
434	464
434	471
434	474
434	478
434	483
434	485
434	486
434	489
434	493
435	15
435	25
435	47
435	66
435	72
435	94
435	115
435	164
435	165
435	166
435	187
435	246
435	255
435	284
435	299
435	307
435	310
435	322
435	336
435	348
435	390
435	402
435	407
435	432
435	443
435	448
435	455
435	457
435	462
435	477
435	491
435	499
436	5
436	47
436	73
436	85
436	91
436	118
436	145
436	170
436	187
436	236
436	262
436	269
436	276
436	288
436	298
436	303
436	304
436	314
436	315
436	336
436	338
436	353
436	354
436	364
436	384
436	418
436	433
436	434
436	446
436	450
436	453
436	463
437	11
437	16
437	18
437	39
437	49
437	58
437	92
437	132
437	135
437	154
437	160
437	182
437	191
437	213
437	224
437	256
437	277
437	282
437	324
437	329
437	347
437	349
437	357
437	383
437	398
437	412
437	448
437	456
437	459
437	465
437	477
437	480
438	12
438	15
438	35
438	36
438	71
438	79
438	100
438	116
438	129
438	140
438	169
438	183
438	198
438	228
438	234
438	239
438	246
438	250
438	252
438	270
438	287
438	288
438	293
438	294
438	346
438	378
438	403
438	412
438	428
438	449
438	453
438	491
438	495
439	3
439	22
439	59
439	102
439	108
439	123
439	167
439	169
439	243
439	287
439	299
439	303
439	314
439	316
439	319
439	325
439	364
439	366
439	372
439	382
439	397
439	423
439	442
439	453
439	454
439	464
439	469
439	471
439	485
439	488
439	489
439	493
439	498
440	3
440	7
440	42
440	47
440	65
440	67
440	75
440	90
440	182
440	186
440	211
440	225
440	263
440	293
440	306
440	314
440	327
440	357
440	363
440	366
440	372
440	381
440	390
440	404
440	405
440	409
440	413
440	416
440	469
440	475
440	479
440	483
440	497
441	40
441	64
441	112
441	130
441	163
441	207
441	224
441	247
441	269
441	288
441	297
441	305
441	307
441	347
441	373
441	381
441	398
441	409
441	410
441	417
441	433
441	447
441	469
441	481
441	482
441	483
441	489
441	490
441	491
441	492
441	495
441	496
441	500
442	14
442	27
442	81
442	93
442	114
442	129
442	141
442	197
442	217
442	248
442	273
442	278
442	285
442	296
442	329
442	340
442	418
442	422
442	423
442	427
442	429
442	439
442	452
442	462
442	466
442	467
442	473
442	475
442	479
442	480
442	481
442	482
442	488
443	56
443	61
443	99
443	110
443	111
443	173
443	255
443	271
443	280
443	283
443	288
443	320
443	334
443	399
443	400
443	408
443	413
443	428
443	431
443	435
443	447
443	448
443	449
443	457
443	462
443	467
443	468
443	475
443	477
443	487
443	491
443	499
443	500
444	15
444	96
444	120
444	154
444	161
444	166
444	216
444	236
444	267
444	282
444	284
444	307
444	320
444	350
444	363
444	379
444	391
444	400
444	414
444	416
444	431
444	432
444	453
444	455
444	457
444	461
444	462
444	464
444	468
444	484
444	491
444	496
444	499
445	1
445	13
445	84
445	96
445	106
445	118
445	122
445	152
445	160
445	192
445	194
445	208
445	213
445	227
445	228
445	254
445	258
445	268
445	283
445	334
445	336
445	338
445	351
445	357
445	374
445	382
445	388
445	398
445	416
445	457
445	466
445	467
445	479
445	496
446	4
446	5
446	47
446	73
446	88
446	116
446	145
446	153
446	187
446	209
446	233
446	251
446	253
446	255
446	262
446	275
446	277
446	281
446	303
446	304
446	310
446	315
446	316
446	336
446	340
446	345
446	353
446	364
446	413
446	418
446	433
446	436
446	450
446	462
447	22
447	40
447	43
447	64
447	70
447	83
447	98
447	109
447	125
447	170
447	200
447	231
447	244
447	247
447	267
447	269
447	295
447	309
447	344
447	373
447	379
447	381
447	410
447	417
447	424
447	428
447	441
447	443
447	488
447	492
447	493
447	496
447	498
447	500
448	39
448	49
448	53
448	62
448	88
448	104
448	117
448	121
448	132
448	135
448	137
448	173
448	175
448	222
448	235
448	313
448	324
448	326
448	329
448	334
448	361
448	382
448	383
448	411
448	415
448	435
448	437
448	443
448	449
448	455
448	463
448	465
448	482
448	494
449	12
449	35
449	36
449	71
449	79
449	100
449	106
449	116
449	129
449	140
449	181
449	198
449	234
449	246
449	261
449	268
449	270
449	278
449	287
449	289
449	360
449	377
449	378
449	386
449	399
449	412
449	416
449	438
449	443
449	448
449	481
449	484
449	489
449	500
450	73
450	98
450	145
450	170
450	187
450	193
450	198
450	204
450	208
450	236
450	251
450	262
450	275
450	303
450	304
450	315
450	317
450	336
450	345
450	353
450	364
450	369
450	372
450	418
450	425
450	436
450	446
450	460
450	467
450	477
450	480
450	485
450	494
450	498
451	34
451	48
451	101
451	114
451	124
451	126
451	193
451	218
451	241
451	250
451	253
451	295
451	296
451	300
451	301
451	322
451	339
451	343
451	370
451	376
451	377
451	380
451	391
451	429
451	461
451	468
451	474
451	475
451	480
451	481
451	482
451	484
451	490
451	496
452	4
452	9
452	68
452	81
452	90
452	136
452	200
452	232
452	248
452	275
452	292
452	340
452	343
452	345
452	364
452	368
452	384
452	391
452	412
452	418
452	424
452	429
452	442
452	456
452	461
452	462
452	473
452	474
452	475
452	477
452	481
452	482
452	484
452	488
453	2
453	7
453	13
453	71
453	77
453	89
453	104
453	182
453	185
453	190
453	198
453	233
453	254
453	266
453	274
453	363
453	365
453	399
453	403
453	407
453	415
453	416
453	427
453	430
453	436
453	438
453	439
453	444
453	458
453	466
453	467
453	470
453	475
453	487
453	490
454	59
454	92
454	109
454	123
454	130
454	141
454	149
454	167
454	169
454	174
454	223
454	224
454	243
454	257
454	258
454	267
454	275
454	316
454	341
454	347
454	365
454	366
454	382
454	411
454	415
454	434
454	439
454	463
454	464
454	471
454	482
454	485
454	492
454	493
454	500
455	34
455	60
455	94
455	120
455	166
455	180
455	201
455	232
455	245
455	262
455	271
455	307
455	327
455	354
455	366
455	370
455	379
455	383
455	404
455	408
455	430
455	432
455	435
455	444
455	448
455	457
455	460
455	462
455	465
455	468
455	469
455	477
455	487
455	491
455	499
456	5
456	20
456	39
456	44
456	49
456	58
456	66
456	76
456	88
456	135
456	159
456	160
456	173
456	183
456	191
456	203
456	208
456	216
456	277
456	287
456	324
456	349
456	361
456	368
456	375
456	383
456	390
456	394
456	410
456	437
456	452
456	463
456	465
456	466
456	476
456	477
457	50
457	61
457	67
457	74
457	161
457	164
457	218
457	252
457	284
457	296
457	306
457	307
457	323
457	327
457	339
457	372
457	384
457	408
457	432
457	435
457	443
457	444
457	445
457	455
457	460
457	462
457	464
457	465
457	482
457	484
457	487
457	491
457	492
457	496
457	498
457	499
458	34
458	77
458	89
458	110
458	150
458	162
458	171
458	177
458	183
458	190
458	199
458	220
458	231
458	240
458	254
458	321
458	367
458	371
458	378
458	383
458	389
458	403
458	407
458	416
458	425
458	427
458	428
458	433
458	453
458	467
458	468
458	470
458	473
458	476
458	489
458	494
459	10
459	65
459	90
459	108
459	119
459	127
459	138
459	144
459	175
459	192
459	205
459	211
459	234
459	271
459	272
459	300
459	314
459	325
459	343
459	348
459	351
459	363
459	371
459	389
459	398
459	404
459	413
459	423
459	427
459	431
459	437
459	470
459	472
459	478
459	483
459	498
459	500
460	24
460	26
460	79
460	87
460	98
460	109
460	113
460	120
460	157
460	180
460	183
460	210
460	223
460	239
460	256
460	260
460	303
460	306
460	328
460	347
460	349
460	354
460	355
460	359
460	363
460	385
460	392
460	401
460	402
460	417
460	420
460	434
460	450
460	455
460	457
460	468
460	470
461	49
461	80
461	81
461	126
461	198
461	210
461	220
461	228
461	233
461	238
461	298
461	305
461	314
461	343
461	346
461	348
461	377
461	380
461	384
461	394
461	400
461	401
461	402
461	424
461	429
461	432
461	444
461	451
461	452
461	466
461	467
461	473
461	474
461	475
461	479
461	482
461	484
462	11
462	96
462	97
462	118
462	137
462	140
462	145
462	193
462	222
462	236
462	242
462	252
462	280
462	284
462	306
462	307
462	327
462	332
462	333
462	362
462	400
462	432
462	435
462	442
462	443
462	444
462	446
462	452
462	455
462	457
462	468
462	477
462	478
462	481
462	491
462	496
462	499
463	20
463	39
463	44
463	49
463	78
463	99
463	110
463	130
463	160
463	173
463	191
463	193
463	204
463	238
463	277
463	282
463	324
463	329
463	331
463	334
463	349
463	357
463	361
463	386
463	401
463	410
463	423
463	434
463	436
463	448
463	454
463	456
463	465
463	483
463	485
463	486
463	492
464	52
464	63
464	83
464	87
464	97
464	141
464	155
464	165
464	203
464	217
464	226
464	231
464	240
464	273
464	316
464	318
464	325
464	343
464	366
464	382
464	385
464	397
464	400
464	402
464	403
464	411
464	425
464	427
464	434
464	439
464	444
464	454
464	457
464	469
464	478
464	485
464	489
464	493
465	44
465	55
465	60
465	75
465	132
465	155
465	160
465	173
465	175
465	191
465	193
465	195
465	237
465	264
465	267
465	277
465	282
465	307
465	312
465	329
465	334
465	349
465	361
465	379
465	383
465	390
465	413
465	429
465	431
465	437
465	448
465	455
465	456
465	457
465	463
465	466
465	478
465	484
466	27
466	59
466	63
466	65
466	78
466	103
466	126
466	128
466	163
466	166
466	220
466	238
466	258
466	263
466	273
466	274
466	298
466	322
466	325
466	345
466	356
466	399
466	406
466	424
466	429
466	442
466	445
466	453
466	456
466	461
466	465
466	474
466	476
466	480
466	481
466	482
466	484
466	488
467	1
467	2
467	74
467	149
467	174
467	196
467	202
467	209
467	225
467	239
467	240
467	244
467	245
467	274
467	285
467	322
467	331
467	337
467	350
467	384
467	403
467	407
467	415
467	416
467	421
467	425
467	427
467	442
467	443
467	445
467	450
467	453
467	458
467	461
467	470
467	490
467	494
467	498
468	20
468	21
468	58
468	74
468	94
468	115
468	120
468	128
468	236
468	252
468	271
468	280
468	284
468	290
468	299
468	310
468	313
468	327
468	348
468	356
468	386
468	398
468	400
468	432
468	443
468	444
468	451
468	455
468	458
468	460
468	462
468	476
468	481
468	486
468	487
468	491
468	492
468	499
469	12
469	28
469	42
469	102
469	127
469	141
469	153
469	155
469	165
469	167
469	192
469	226
469	229
469	231
469	270
469	286
469	303
469	306
469	325
469	350
469	355
469	367
469	380
469	397
469	425
469	439
469	440
469	441
469	455
469	464
469	477
469	478
469	479
469	485
469	489
469	490
469	493
469	500
470	17
470	61
470	68
470	77
470	81
470	105
470	107
470	142
470	158
470	185
470	196
470	199
470	206
470	208
470	215
470	240
470	249
470	254
470	267
470	274
470	331
470	337
470	350
470	371
470	402
470	403
470	404
470	414
470	415
470	416
470	453
470	458
470	459
470	460
470	467
470	471
470	485
470	492
471	45
471	52
471	54
471	59
471	69
471	74
471	92
471	93
471	96
471	119
471	120
471	126
471	149
471	165
471	225
471	229
471	243
471	316
471	325
471	334
471	366
471	367
471	376
471	382
471	383
471	384
471	411
471	416
471	426
471	434
471	439
471	454
471	470
471	478
471	480
471	486
471	489
471	493
471	500
472	7
472	11
472	65
472	67
472	80
472	108
472	235
472	252
472	263
472	272
472	291
472	293
472	324
472	325
472	326
472	335
472	346
472	348
472	350
472	354
472	363
472	375
472	381
472	387
472	401
472	404
472	405
472	409
472	413
472	418
472	421
472	422
472	423
472	459
472	475
472	481
472	483
472	492
472	497
473	36
473	103
473	122
473	123
473	132
473	157
473	163
473	165
473	217
473	228
473	235
473	268
473	269
473	283
473	284
473	285
473	296
473	302
473	322
473	345
473	377
473	379
473	380
473	384
473	406
473	407
473	424
473	429
473	442
473	452
473	458
473	461
473	474
473	478
473	480
473	484
473	488
473	492
473	493
473	495
474	10
474	67
474	79
474	114
474	126
474	127
474	137
474	141
474	151
474	192
474	220
474	222
474	233
474	235
474	248
474	255
474	301
474	317
474	334
474	339
474	353
474	370
474	377
474	386
474	401
474	424
474	426
474	429
474	434
474	451
474	452
474	461
474	466
474	473
474	475
474	480
474	481
474	484
474	494
474	497
475	35
475	47
475	57
475	63
475	82
475	114
475	135
475	172
475	197
475	209
475	210
475	213
475	217
475	220
475	233
475	243
475	251
475	296
475	339
475	343
475	377
475	380
475	384
475	388
475	406
475	422
475	440
475	442
475	443
475	451
475	452
475	453
475	461
475	472
475	474
475	481
475	485
475	488
475	491
475	500
476	9
476	13
476	16
476	17
476	35
476	71
476	77
476	89
476	124
476	150
476	185
476	206
476	215
476	228
476	254
476	274
476	287
476	308
476	321
476	332
476	337
476	371
476	383
476	390
476	391
476	403
476	407
476	414
476	415
476	416
476	425
476	427
476	456
476	458
476	466
476	468
476	479
476	480
476	490
476	491
477	14
477	74
477	78
477	87
477	110
477	117
477	119
477	120
477	164
477	166
477	168
477	170
477	212
477	236
477	239
477	245
477	252
477	271
477	280
477	284
477	307
477	310
477	392
477	396
477	402
477	418
477	432
477	435
477	437
477	443
477	450
477	452
477	455
477	456
477	462
477	469
477	479
477	487
477	491
477	495
477	499
478	2
478	18
478	28
478	42
478	44
478	49
478	52
478	88
478	102
478	105
478	123
478	141
478	142
478	143
478	149
478	184
478	209
478	229
478	271
478	286
478	315
478	325
478	343
478	355
478	366
478	367
478	376
478	382
478	386
478	397
478	411
478	422
478	434
478	459
478	462
478	464
478	465
478	469
478	471
478	473
478	493
479	1
479	6
479	50
479	68
479	85
479	106
479	122
479	139
479	152
479	161
479	182
479	192
479	194
479	207
479	208
479	213
479	227
479	228
479	229
479	257
479	258
479	283
479	294
479	338
479	361
479	374
479	378
479	393
479	395
479	398
479	409
479	431
479	440
479	442
479	445
479	461
479	469
479	476
479	477
479	481
479	488
479	496
480	27
480	34
480	50
480	113
480	119
480	120
480	134
480	172
480	178
480	190
480	233
480	273
480	283
480	287
480	305
480	317
480	339
480	343
480	345
480	355
480	377
480	380
480	384
480	386
480	393
480	406
480	424
480	429
480	432
480	437
480	442
480	450
480	451
480	466
480	471
480	473
480	474
480	476
480	481
480	482
480	484
480	493
480	499
481	62
481	94
481	104
481	127
481	141
481	172
481	178
481	197
481	201
481	213
481	219
481	235
481	243
481	244
481	245
481	255
481	263
481	292
481	296
481	319
481	339
481	377
481	380
481	406
481	411
481	429
481	432
481	441
481	442
481	449
481	451
481	452
481	462
481	466
481	468
481	472
481	474
481	475
481	479
481	480
481	484
481	487
481	488
482	25
482	30
482	34
482	82
482	114
482	126
482	172
482	180
482	197
482	212
482	217
482	220
482	221
482	229
482	233
482	240
482	245
482	276
482	296
482	312
482	337
482	353
482	364
482	365
482	377
482	384
482	401
482	406
482	424
482	429
482	441
482	442
482	448
482	451
482	452
482	454
482	457
482	461
482	466
482	480
482	485
482	486
482	488
483	2
483	7
483	13
483	21
483	63
483	75
483	80
483	89
483	90
483	100
483	138
483	159
483	177
483	205
483	240
483	263
483	293
483	299
483	313
483	314
483	348
483	349
483	351
483	357
483	363
483	388
483	391
483	393
483	404
483	405
483	406
483	411
483	413
483	423
483	434
483	440
483	441
483	459
483	463
483	472
483	484
483	487
483	495
483	499
484	27
484	34
484	101
484	114
484	136
484	146
484	152
484	159
484	163
484	172
484	182
484	212
484	235
484	259
484	264
484	269
484	292
484	296
484	298
484	320
484	322
484	339
484	343
484	345
484	354
484	390
484	393
484	394
484	403
484	424
484	444
484	449
484	451
484	452
484	457
484	461
484	465
484	466
484	473
484	474
484	480
484	481
484	483
484	488
485	17
485	29
485	42
485	50
485	59
485	91
485	92
485	102
485	109
485	123
485	165
485	182
485	189
485	226
485	231
485	233
485	256
485	265
485	286
485	316
485	331
485	360
485	366
485	367
485	382
485	387
485	395
485	397
485	411
485	412
485	416
485	434
485	439
485	450
485	454
485	463
485	464
485	469
485	470
485	475
485	482
485	488
485	489
485	493
486	10
486	28
486	29
486	30
486	41
486	45
486	68
486	93
486	97
486	99
486	133
486	136
486	148
486	156
486	162
486	176
486	186
486	220
486	232
486	234
486	242
486	259
486	267
486	274
486	281
486	291
486	294
486	301
486	303
486	312
486	335
486	359
486	367
486	376
486	386
486	387
486	396
486	421
486	422
486	434
486	463
486	468
486	471
486	482
486	495
487	15
487	61
487	74
487	82
487	84
487	96
487	103
487	109
487	120
487	159
487	166
487	181
487	216
487	218
487	241
487	246
487	249
487	252
487	271
487	280
487	289
487	292
487	307
487	310
487	311
487	320
487	327
487	331
487	344
487	347
487	354
487	369
487	370
487	399
487	400
487	432
487	443
487	453
487	455
487	457
487	468
487	477
487	481
487	483
487	499
488	4
488	34
488	54
488	81
488	89
488	125
488	126
488	127
488	128
488	144
488	178
488	184
488	197
488	201
488	217
488	218
488	230
488	235
488	248
488	280
488	285
488	287
488	290
488	292
488	302
488	322
488	345
488	384
488	406
488	407
488	415
488	424
488	439
488	442
488	447
488	452
488	466
488	473
488	475
488	479
488	481
488	482
488	484
488	485
488	491
488	499
489	18
489	23
489	28
489	40
489	43
489	92
489	102
489	111
489	123
489	135
489	140
489	141
489	149
489	151
489	167
489	180
489	207
489	216
489	228
489	243
489	247
489	286
489	292
489	316
489	325
489	332
489	340
489	348
489	366
489	369
489	370
489	397
489	410
489	411
489	422
489	426
489	434
489	439
489	441
489	449
489	458
489	464
489	469
489	471
489	485
489	490
489	493
490	16
490	30
490	68
490	71
490	82
490	89
490	92
490	123
490	150
490	155
490	185
490	190
490	196
490	199
490	240
490	244
490	245
490	254
490	257
490	274
490	286
490	312
490	313
490	315
490	322
490	335
490	337
490	350
490	371
490	376
490	377
490	394
490	396
490	406
490	416
490	425
490	427
490	441
490	451
490	453
490	467
490	469
490	476
490	489
490	491
490	494
490	495
491	1
491	11
491	15
491	16
491	38
491	48
491	49
491	110
491	127
491	128
491	133
491	164
491	166
491	201
491	218
491	230
491	245
491	252
491	255
491	280
491	295
491	307
491	310
491	320
491	338
491	353
491	379
491	397
491	432
491	435
491	438
491	441
491	443
491	444
491	455
491	457
491	462
491	468
491	475
491	476
491	477
491	488
491	490
491	494
491	495
491	497
491	499
492	14
492	38
492	57
492	58
492	69
492	81
492	83
492	101
492	121
492	155
492	163
492	214
492	224
492	273
492	278
492	280
492	294
492	295
492	311
492	319
492	322
492	347
492	356
492	358
492	363
492	367
492	373
492	384
492	407
492	409
492	410
492	423
492	429
492	433
492	441
492	447
492	454
492	457
492	463
492	468
492	470
492	472
492	473
492	493
492	495
492	496
492	498
492	500
493	12
493	18
493	23
493	26
493	28
493	42
493	52
493	53
493	57
493	76
493	77
493	116
493	123
493	149
493	165
493	167
493	180
493	181
493	226
493	229
493	231
493	254
493	286
493	293
493	320
493	350
493	360
493	369
493	382
493	387
493	397
493	399
493	407
493	418
493	424
493	434
493	439
493	447
493	454
493	464
493	469
493	471
493	473
493	478
493	480
493	485
493	489
493	492
494	2
494	13
494	16
494	17
494	26
494	68
494	77
494	120
494	124
494	139
494	144
494	173
494	185
494	199
494	201
494	206
494	222
494	240
494	242
494	244
494	255
494	257
494	282
494	316
494	324
494	329
494	336
494	337
494	341
494	350
494	371
494	403
494	404
494	407
494	415
494	416
494	418
494	425
494	427
494	430
494	448
494	450
494	458
494	467
494	474
494	490
494	491
494	495
495	20
495	30
495	38
495	40
495	58
495	78
495	98
495	101
495	114
495	116
495	131
495	170
495	171
495	176
495	179
495	187
495	188
495	189
495	191
495	207
495	215
495	224
495	254
495	269
495	290
495	295
495	311
495	318
495	347
495	358
495	373
495	379
495	381
495	392
495	410
495	433
495	438
495	441
495	473
495	477
495	483
495	486
495	490
495	491
495	492
495	494
495	496
495	498
496	33
496	69
496	78
496	83
496	84
496	91
496	98
496	102
496	131
496	148
496	149
496	155
496	164
496	172
496	182
496	197
496	199
496	207
496	214
496	224
496	258
496	273
496	290
496	295
496	311
496	346
496	347
496	350
496	373
496	376
496	381
496	384
496	417
496	421
496	427
496	433
496	441
496	444
496	445
496	447
496	451
496	457
496	462
496	479
496	492
496	495
496	498
496	500
497	7
497	11
497	21
497	48
497	60
497	63
497	65
497	67
497	80
497	91
497	119
497	138
497	141
497	158
497	167
497	168
497	177
497	211
497	223
497	231
497	249
497	262
497	272
497	281
497	300
497	301
497	309
497	314
497	316
497	327
497	347
497	348
497	354
497	361
497	367
497	368
497	386
497	388
497	405
497	406
497	409
497	411
497	413
497	423
497	440
497	472
497	474
497	491
497	499
498	6
498	40
498	43
498	52
498	69
498	76
498	78
498	83
498	96
498	101
498	126
498	136
498	153
498	155
498	161
498	178
498	182
498	207
498	224
498	257
498	269
498	273
498	278
498	290
498	295
498	302
498	322
498	334
498	358
498	359
498	379
498	406
498	410
498	413
498	414
498	417
498	429
498	433
498	439
498	447
498	450
498	457
498	459
498	467
498	492
498	495
498	496
498	499
498	500
499	12
499	32
499	48
499	49
499	68
499	94
499	95
499	110
499	114
499	133
499	137
499	149
499	170
499	178
499	187
499	215
499	218
499	236
499	241
499	245
499	252
499	255
499	271
499	284
499	310
499	320
499	348
499	355
499	357
499	362
499	367
499	408
499	426
499	432
499	435
499	443
499	444
499	455
499	457
499	462
499	468
499	477
499	480
499	483
499	487
499	488
499	491
499	497
499	498
500	11
500	14
500	18
500	43
500	57
500	58
500	64
500	69
500	72
500	78
500	92
500	98
500	115
500	131
500	173
500	182
500	195
500	207
500	232
500	247
500	257
500	269
500	277
500	278
500	290
500	311
500	358
500	366
500	367
500	375
500	379
500	380
500	381
500	412
500	414
500	417
500	420
500	433
500	441
500	443
500	447
500	449
500	454
500	459
500	469
500	471
500	475
500	492
500	496
500	498
