500 10674
0 39
0 57
0 96
0 123
0 163
0 201
0 294
0 299
0 305
0 385
0 420
0 467
1 12
1 37
1 43
1 59
1 68
1 73
1 91
1 125
1 131
1 138
1 152
1 167
1 199
1 208
1 213
1 214
1 248
1 252
1 257
1 262
1 273
1 290
1 325
1 357
1 379
1 398
1 440
1 466
1 475
1 476
1 484
1 488
2 39
2 201
2 237
2 256
2 299
2 305
3 63
3 88
3 119
3 133
3 136
3 157
3 169
3 183
3 216
3 219
3 245
3 252
3 310
3 329
3 363
3 389
3 468
3 496
4 41
4 45
4 87
4 93
4 112
4 228
4 302
4 366
4 434
4 446
5 28
5 51
5 114
5 127
5 171
5 204
5 235
5 292
5 499
6 77
6 97
6 158
6 206
6 222
6 223
6 249
6 291
6 293
6 306
6 309
6 355
6 441
7 11
7 21
7 29
7 55
7 71
7 73
7 90
7 101
7 102
7 110
7 165
7 177
7 192
7 195
7 197
7 202
7 209
7 220
7 227
7 229
7 272
7 291
7 294
7 295
7 315
7 316
7 337
7 339
7 349
7 362
7 368
7 370
7 379
7 391
7 436
7 443
7 451
7 462
7 463
7 473
7 483
7 486
8 16
8 65
8 130
8 141
8 150
8 155
8 156
8 160
8 247
8 252
8 314
8 351
8 365
8 381
8 395
8 452
8 493
9 158
9 172
9 222
9 291
9 306
9 309
9 441
10 30
10 42
10 74
10 75
10 83
10 115
10 117
10 123
10 139
10 182
10 198
10 212
10 224
10 260
10 264
10 285
10 297
10 319
10 334
10 338
10 340
10 350
10 360
10 369
10 396
10 397
10 430
10 440
10 451
10 457
10 458
10 465
10 470
10 489
11 7
11 55
11 63
11 65
11 71
11 81
11 98
11 100
11 101
11 102
11 110
11 133
11 165
11 169
11 177
11 192
11 195
11 202
11 209
11 220
11 227
11 229
11 245
11 272
11 277
11 295
11 315
11 316
11 329
11 337
11 339
11 348
11 362
11 368
11 370
11 379
11 391
11 413
11 434
11 436
11 443
11 451
11 462
11 463
11 471
11 473
11 486
12 1
12 43
12 59
12 68
12 73
12 142
12 152
12 167
12 199
12 213
12 248
12 257
12 262
12 273
12 311
12 357
12 398
12 476
12 484
12 488
13 86
13 88
13 133
13 136
13 157
13 161
13 183
13 216
13 219
13 252
13 260
13 363
13 468
13 496
14 16
14 65
14 130
14 141
14 150
14 155
14 156
14 159
14 160
14 169
14 247
14 314
14 349
14 351
14 365
14 381
14 388
14 395
14 431
14 452
14 482
15 158
15 172
15 222
15 249
15 293
15 306
15 309
15 355
16 8
16 14
16 27
16 49
16 65
16 118
16 130
16 135
16 140
16 141
16 145
16 150
16 153
16 155
16 156
16 160
16 210
16 218
16 229
16 238
16 239
16 247
16 261
16 274
16 278
16 300
16 314
16 328
16 349
16 351
16 365
16 381
16 383
16 388
16 395
16 417
16 431
16 452
16 456
16 482
16 495
17 53
17 66
17 99
17 120
17 149
17 166
17 173
17 211
17 229
17 234
17 275
17 359
17 404
17 419
17 442
17 453
18 63
18 86
18 88
18 119
18 133
18 136
18 161
18 169
18 216
18 219
18 221
18 245
18 252
18 260
18 311
18 329
18 363
18 389
18 468
18 493
18 496
19 158
19 172
19 291
19 306
19 309
19 355
20 89
20 151
20 267
20 332
20 335
20 347
20 477
20 497
21 7
21 87
21 93
21 193
21 251
21 366
21 399
21 429
21 434
21 444
22 46
22 54
22 57
22 95
22 107
22 108
22 148
22 178
22 179
22 185
22 187
22 201
22 215
22 225
22 231
22 288
22 318
22 322
22 350
22 364
22 374
22 384
22 391
22 412
22 448
22 491
23 158
23 222
23 249
23 291
23 306
23 309
23 355
23 441
24 86
24 145
24 154
24 226
24 270
24 317
24 327
24 371
25 63
25 86
25 88
25 119
25 133
25 136
25 140
25 157
25 161
25 169
25 183
25 189
25 216
25 219
25 221
25 245
25 252
25 260
25 310
25 311
25 329
25 363
25 389
25 421
25 468
25 493
25 496
26 32
26 41
26 61
26 72
26 79
26 94
26 98
26 109
26 122
26 142
26 168
26 194
26 204
26 250
26 254
26 307
26 308
26 333
26 341
26 376
26 403
26 433
26 440
26 490
27 16
27 65
27 113
27 150
27 155
27 156
27 160
27 247
27 314
27 365
27 381
27 388
27 395
27 406
27 452
28 5
28 51
28 105
28 106
28 114
28 127
28 129
28 161
28 171
28 195
28 207
28 235
28 241
28 264
28 268
28 269
28 276
28 278
28 292
28 303
28 323
28 358
28 410
28 464
28 469
28 492
28 499
29 7
29 55
29 63
29 86
29 88
29 119
29 133
29 136
29 150
29 157
29 161
29 169
29 183
29 202
29 216
29 219
29 221
29 245
29 252
29 260
29 295
29 310
29 311
29 329
29 351
29 363
29 382
29 389
29 402
29 407
29 408
29 421
29 468
29 493
29 496
30 10
30 37
30 42
30 74
30 75
30 139
30 198
30 212
30 264
30 297
30 338
30 350
30 458
30 465
30 470
31 63
31 86
31 88
31 119
31 133
31 136
31 161
31 169
31 183
31 216
31 219
31 221
31 311
31 363
31 389
31 468
31 493
32 26
32 41
32 61
32 98
32 142
32 194
32 308
32 333
32 341
32 349
32 419
33 63
33 86
33 88
33 119
33 133
33 136
33 157
33 161
33 169
33 183
33 216
33 219
33 221
33 245
33 252
33 260
33 310
33 311
33 329
33 363
33 389
33 468
33 493
33 496
34 35
34 89
34 144
34 151
34 267
34 297
34 332
34 477
35 34
35 47
35 69
35 85
35 89
35 144
35 151
35 174
35 255
35 267
35 279
35 312
35 332
35 335
35 344
35 373
35 374
35 454
35 459
35 477
35 497
36 61
36 72
36 98
36 116
36 137
36 142
36 333
36 385
37 1
37 30
37 43
37 59
37 68
37 73
37 125
37 152
37 182
37 199
37 213
37 257
37 273
37 357
37 476
37 484
37 488
38 103
38 132
38 145
38 154
38 226
38 270
38 317
38 327
38 359
38 371
38 386
38 406
38 424
39 0
39 2
39 56
39 84
39 90
39 96
39 101
39 123
39 158
39 163
39 175
39 180
39 189
39 196
39 201
39 205
39 236
39 237
39 243
39 244
39 256
39 294
39 299
39 303
39 304
39 305
39 307
39 352
39 372
39 385
39 393
39 406
39 420
39 449
39 461
39 467
39 472
40 50
40 147
40 159
40 223
40 400
40 450
41 4
41 26
41 32
41 61
41 72
41 142
41 168
41 184
41 194
41 307
41 308
41 333
41 376
41 446
42 10
42 30
42 65
42 75
42 83
42 115
42 117
42 136
42 139
42 182
42 198
42 212
42 264
42 285
42 311
42 319
42 338
42 350
42 396
42 397
42 430
42 440
42 458
42 465
42 470
43 1
43 12
43 37
43 68
43 73
43 131
43 138
43 152
43 199
43 257
43 417
43 484
43 488
44 145
44 270
44 317
44 327
44 371
44 424
45 4
45 87
45 93
45 193
45 219
45 251
45 266
45 287
45 366
45 399
45 429
45 434
46 22
46 57
46 148
46 187
46 322
46 364
46 384
46 455
47 35
47 69
47 85
47 89
47 151
47 267
47 332
47 375
47 422
47 459
47 497
48 201
48 299
48 305
48 385
48 420
48 467
49 16
49 65
49 130
49 141
49 150
49 155
49 160
49 247
49 274
49 314
49 349
49 351
49 381
49 395
49 403
49 452
50 40
50 62
50 104
50 121
50 134
50 146
50 147
50 153
50 159
50 174
50 176
50 181
50 200
50 216
50 232
50 259
50 280
50 301
50 380
50 400
50 405
50 423
50 450
50 455
50 485
51 5
51 28
51 58
51 105
51 106
51 114
51 127
51 129
51 157
51 171
51 197
51 202
51 207
51 211
51 223
51 230
51 235
51 241
51 268
51 269
51 276
51 278
51 292
51 303
51 323
51 343
51 356
51 358
51 361
51 410
51 425
51 435
51 438
51 464
51 469
51 492
51 499
52 158
52 172
52 222
52 293
52 355
52 441
53 17
53 66
53 78
53 80
53 99
53 113
53 120
53 149
53 166
53 173
53 180
53 211
53 217
53 233
53 234
53 250
53 263
53 275
53 282
53 320
53 324
53 326
53 404
53 419
53 424
53 442
53 445
53 453
53 480
54 22
54 107
54 179
54 225
54 231
54 288
54 322
54 384
54 412
54 443
54 448
54 491
55 7
55 11
55 29
55 68
55 71
55 101
55 102
55 110
55 158
55 165
55 192
55 195
55 202
55 209
55 220
55 229
55 272
55 295
55 315
55 316
55 337
55 339
55 366
55 368
55 370
55 379
55 391
55 430
55 443
55 451
55 462
55 468
55 486
56 39
56 96
56 163
56 201
56 237
56 256
56 273
56 305
56 420
56 467
57 0
57 22
57 46
57 64
57 107
57 148
57 178
57 179
57 215
57 225
57 288
57 322
57 364
57 384
57 412
57 491
58 51
58 105
58 127
58 171
58 175
58 235
58 241
58 269
58 292
58 358
58 361
58 364
58 410
58 464
58 469
58 492
58 499
59 1
59 12
59 37
59 68
59 73
59 152
59 199
59 213
59 262
59 273
59 357
59 398
59 465
59 475
59 484
59 488
60 157
60 260
60 311
60 329
60 389
60 493
60 496
61 26
61 32
61 36
61 41
61 72
61 76
61 79
61 94
61 98
61 109
61 116
61 122
61 137
61 142
61 168
61 184
61 194
61 204
61 254
61 283
61 298
61 307
61 308
61 333
61 341
61 354
61 376
61 391
61 403
61 419
61 433
61 484
61 490
62 50
62 121
62 134
62 147
62 159
62 176
62 181
62 200
62 232
62 259
62 280
62 301
62 400
62 423
62 450
62 455
62 467
62 481
62 485
63 3
63 11
63 18
63 25
63 29
63 31
63 33
63 86
63 88
63 119
63 133
63 136
63 143
63 157
63 161
63 169
63 183
63 192
63 216
63 219
63 220
63 221
63 245
63 247
63 249
63 252
63 253
63 260
63 269
63 310
63 311
63 329
63 352
63 363
63 382
63 389
63 402
63 407
63 408
63 415
63 421
63 426
63 439
63 468
63 493
63 496
64 57
64 66
64 120
64 173
64 211
64 234
64 275
64 282
64 326
64 419
64 442
64 453
65 8
65 11
65 14
65 16
65 27
65 42
65 49
65 118
65 130
65 141
65 150
65 155
65 156
65 160
65 247
65 261
65 314
65 349
65 351
65 365
65 381
65 382
65 388
65 395
65 452
65 482
66 17
66 53
66 64
66 67
66 80
66 99
66 101
66 120
66 141
66 149
66 157
66 162
66 166
66 173
66 211
66 217
66 233
66 234
66 250
66 263
66 275
66 282
66 320
66 324
66 326
66 390
66 404
66 419
66 442
66 445
66 453
66 478
66 480
67 66
67 99
67 120
67 138
67 166
67 275
67 326
67 404
67 419
67 445
68 1
68 12
68 37
68 43
68 55
68 59
68 73
68 91
68 122
68 125
68 131
68 138
68 152
68 167
68 199
68 208
68 213
68 214
68 242
68 248
68 257
68 273
68 290
68 325
68 357
68 398
68 418
68 466
68 475
68 476
68 484
68 488
69 35
69 47
69 85
69 89
69 131
69 151
69 174
69 246
69 267
69 332
69 335
69 373
69 401
69 459
69 477
69 497
70 77
70 92
70 97
70 113
70 158
70 172
70 206
70 222
70 223
70 249
70 257
70 291
70 293
70 306
70 309
70 355
70 377
70 378
70 441
70 474
71 7
71 11
71 55
71 101
71 102
71 105
71 110
71 165
71 192
71 195
71 202
71 209
71 220
71 229
71 272
71 285
71 295
71 315
71 316
71 337
71 339
71 368
71 370
71 379
71 391
71 443
71 451
71 462
71 486
72 26
72 36
72 41
72 61
72 79
72 98
72 109
72 122
72 137
72 142
72 184
72 194
72 204
72 254
72 276
72 298
72 307
72 308
72 333
72 338
72 341
72 376
72 403
72 433
73 1
73 7
73 12
73 37
73 43
73 59
73 68
73 91
73 126
73 131
73 138
73 152
73 167
73 199
73 208
73 213
73 214
73 242
73 248
73 257
73 262
73 273
73 357
73 398
73 445
73 466
73 475
73 476
73 484
73 488
74 10
74 30
74 75
74 110
74 139
74 198
74 212
74 258
74 264
74 285
74 297
74 338
74 350
74 360
74 396
74 397
74 430
74 440
74 458
74 465
74 470
74 497
75 10
75 30
75 42
75 74
75 80
75 83
75 117
75 139
75 182
75 198
75 212
75 247
75 264
75 285
75 297
75 319
75 334
75 338
75 340
75 341
75 350
75 360
75 369
75 396
75 397
75 430
75 440
75 457
75 458
75 465
75 470
75 489
76 61
76 79
76 98
76 109
76 142
76 308
77 6
77 70
77 92
77 97
77 113
77 145
77 158
77 172
77 186
77 206
77 220
77 222
77 223
77 249
77 281
77 291
77 293
77 306
77 309
77 355
77 377
77 378
77 381
77 422
77 428
77 441
77 460
77 474
77 496
78 53
78 120
78 173
78 234
78 275
78 419
78 442
79 26
79 61
79 72
79 76
79 110
79 137
79 142
79 168
79 184
79 254
79 283
79 307
79 308
79 333
79 341
79 376
79 490
80 53
80 66
80 75
80 99
80 120
80 149
80 166
80 173
80 211
80 222
80 234
80 263
80 275
80 282
80 326
80 389
80 390
80 404
80 419
80 442
80 445
80 453
80 480
81 11
81 132
81 145
81 154
81 203
81 270
81 313
81 317
81 327
81 331
81 353
81 359
81 371
81 418
81 424
82 178
82 187
82 215
82 322
82 384
82 412
82 419
82 491
83 10
83 42
83 75
83 139
83 198
83 212
83 264
83 285
83 297
83 299
83 338
83 350
83 396
83 430
83 458
83 470
84 39
84 96
84 123
84 133
84 163
84 175
84 180
84 189
84 196
84 201
84 205
84 237
84 256
84 294
84 299
84 305
84 337
84 352
84 372
84 385
84 393
84 406
84 420
84 449
84 467
84 493
85 35
85 47
85 69
85 89
85 151
85 267
85 321
85 332
85 335
85 347
85 401
85 438
85 454
85 459
85 477
85 497
86 13
86 18
86 24
86 25
86 29
86 31
86 33
86 63
86 88
86 119
86 133
86 136
86 143
86 157
86 161
86 169
86 183
86 194
86 216
86 219
86 220
86 221
86 245
86 252
86 253
86 260
86 295
86 310
86 311
86 329
86 343
86 363
86 370
86 382
86 389
86 391
86 402
86 407
86 408
86 409
86 415
86 421
86 426
86 439
86 447
86 468
86 476
86 493
86 496
87 4
87 21
87 45
87 93
87 112
87 140
87 193
87 228
87 251
87 266
87 271
87 287
87 290
87 302
87 310
87 366
87 399
87 429
87 434
87 446
87 487
88 3
88 13
88 18
88 25
88 29
88 31
88 33
88 63
88 86
88 119
88 133
88 136
88 142
88 143
88 157
88 161
88 164
88 169
88 183
88 216
88 219
88 220
88 221
88 245
88 252
88 253
88 260
88 272
88 302
88 310
88 311
88 315
88 329
88 363
88 369
88 382
88 389
88 402
88 407
88 408
88 409
88 415
88 421
88 426
88 439
88 442
88 451
88 468
88 493
88 496
89 20
89 34
89 35
89 47
89 69
89 85
89 144
89 151
89 174
89 219
89 267
89 279
89 312
89 321
89 332
89 335
89 344
89 347
89 373
89 375
89 401
89 424
89 454
89 459
89 467
89 477
89 497
90 7
90 39
90 96
90 103
90 123
90 163
90 175
90 189
90 201
90 237
90 256
90 299
90 305
90 372
90 385
90 393
90 420
91 1
91 68
91 73
91 152
91 199
91 213
91 257
91 357
91 398
91 451
91 484
92 70
92 77
92 97
92 113
92 128
92 155
92 158
92 172
92 190
92 206
92 222
92 223
92 249
92 281
92 289
92 291
92 293
92 306
92 309
92 355
92 370
92 377
92 378
92 389
92 422
92 428
92 441
92 451
92 460
92 474
93 4
93 21
93 45
93 87
93 112
93 140
93 182
93 188
93 193
93 206
93 266
93 271
93 286
93 287
93 302
93 330
93 366
93 429
93 434
93 444
93 446
93 487
94 26
94 61
94 98
94 109
94 142
94 194
94 243
94 307
94 308
94 319
94 333
94 341
94 490
95 22
95 179
95 215
95 231
95 322
95 412
95 434
96 0
96 39
96 56
96 84
96 90
96 123
96 156
96 160
96 163
96 172
96 175
96 180
96 189
96 201
96 205
96 236
96 237
96 243
96 256
96 294
96 299
96 305
96 352
96 372
96 385
96 393
96 406
96 420
96 449
96 467
96 479
97 6
97 70
97 77
97 92
97 113
97 128
97 156
97 158
97 172
97 186
97 190
97 191
97 206
97 222
97 223
97 249
97 291
97 293
97 306
97 309
97 339
97 355
97 370
97 377
97 378
97 422
97 441
97 460
97 474
98 11
98 26
98 32
98 36
98 61
98 72
98 76
98 94
98 109
98 116
98 122
98 137
98 142
98 168
98 184
98 194
98 204
98 220
98 249
98 254
98 283
98 298
98 307
98 308
98 333
98 341
98 354
98 376
98 433
98 490
99 17
99 53
99 66
99 67
99 80
99 120
99 149
99 166
99 173
99 211
99 217
99 233
99 234
99 275
99 282
99 320
99 324
99 332
99 390
99 404
99 419
99 421
99 429
99 442
99 445
99 478
99 480
100 11
100 101
100 110
100 165
100 195
100 220
100 229
100 295
100 316
100 368
100 370
100 451
101 7
101 11
101 39
101 55
101 66
101 71
101 100
101 102
101 110
101 119
101 127
101 165
101 177
101 192
101 195
101 199
101 202
101 209
101 216
101 220
101 227
101 229
101 272
101 284
101 292
101 295
101 315
101 316
101 337
101 339
101 345
101 368
101 370
101 379
101 391
101 397
101 413
101 416
101 436
101 443
101 451
101 462
101 463
101 471
101 473
101 486
101 496
102 7
102 11
102 55
102 71
102 101
102 110
102 165
102 192
102 195
102 202
102 209
102 212
102 220
102 229
102 264
102 267
102 272
102 280
102 295
102 315
102 316
102 329
102 337
102 339
102 359
102 368
102 370
102 379
102 391
102 443
102 451
102 462
102 486
103 38
103 90
103 145
103 270
103 317
103 371
103 424
104 50
104 159
104 301
104 400
104 450
104 455
105 28
105 51
105 58
105 71
105 106
105 114
105 127
105 129
105 171
105 197
105 206
105 207
105 230
105 235
105 241
105 268
105 269
105 276
105 278
105 292
105 303
105 323
105 343
105 356
105 358
105 361
105 410
105 425
105 435
105 438
105 450
105 464
105 469
105 492
105 499
106 28
106 51
106 105
106 114
106 127
106 129
106 171
106 197
106 219
106 230
106 235
106 241
106 246
106 268
106 269
106 276
106 278
106 292
106 303
106 305
106 323
106 342
106 343
106 358
106 361
106 410
106 435
106 438
106 464
106 469
106 484
106 492
106 499
107 22
107 54
107 57
107 108
107 178
107 187
107 215
107 223
107 225
107 231
107 288
107 322
107 331
107 364
107 384
107 412
107 491
108 22
108 107
108 148
108 160
108 179
108 187
108 215
108 231
108 322
108 364
108 374
108 384
109 26
109 61
109 72
109 76
109 94
109 98
109 137
109 163
109 194
109 257
109 308
109 333
109 376
110 7
110 11
110 55
110 71
110 74
110 79
110 100
110 101
110 102
110 165
110 192
110 195
110 198
110 202
110 209
110 217
110 220
110 227
110 229
110 259
110 272
110 277
110 295
110 310
110 315
110 316
110 337
110 339
110 345
110 368
110 370
110 379
110 382
110 391
110 410
110 436
110 443
110 451
110 462
110 464
110 473
110 486
111 145
111 270
111 317
111 327
111 359
111 371
112 4
112 87
112 93
112 188
112 228
112 251
112 266
112 271
112 302
112 330
112 366
112 371
112 379
112 429
112 434
113 27
113 53
113 70
113 77
113 92
113 97
113 158
113 172
113 186
113 198
113 206
113 222
113 223
113 249
113 291
113 293
113 306
113 309
113 355
113 377
113 378
113 389
113 422
113 441
113 460
113 474
114 5
114 28
114 51
114 105
114 106
114 127
114 171
114 197
114 207
114 230
114 235
114 241
114 257
114 268
114 269
114 292
114 303
114 310
114 317
114 342
114 356
114 358
114 361
114 410
114 438
114 464
114 469
114 492
114 499
115 10
115 42
115 139
115 198
115 212
115 236
115 264
115 338
115 350
115 470
116 36
116 61
116 98
116 142
116 308
116 316
116 376
117 10
117 42
117 75
117 139
117 198
117 212
117 264
117 338
117 350
117 440
117 458
117 459
117 470
118 16
118 65
118 130
118 141
118 150
118 155
118 156
118 160
118 247
118 310
118 314
118 349
118 351
118 381
118 388
118 395
118 452
118 492
119 3
119 18
119 25
119 29
119 31
119 33
119 63
119 86
119 88
119 101
119 133
119 136
119 143
119 150
119 157
119 161
119 164
119 169
119 183
119 216
119 219
119 221
119 245
119 252
119 260
119 275
119 293
119 310
119 311
119 326
119 329
119 363
119 379
119 382
119 383
119 389
119 402
119 407
119 408
119 409
119 415
119 421
119 426
119 439
119 468
119 493
119 496
120 17
120 53
120 64
120 66
120 67
120 78
120 80
120 99
120 136
120 149
120 166
120 173
120 211
120 217
120 234
120 263
120 275
120 282
120 298
120 320
120 326
120 389
120 404
120 419
120 442
120 445
120 453
120 478
120 480
121 50
121 62
121 147
121 159
121 170
121 181
121 301
121 391
121 400
121 442
121 450
121 455
121 481
121 485
122 26
122 61
122 68
122 72
122 98
122 142
122 307
122 308
122 333
122 376
122 490
123 0
123 10
123 39
123 84
123 90
123 96
123 163
123 175
123 180
123 189
123 201
123 205
123 237
123 243
123 256
123 294
123 299
123 304
123 305
123 352
123 385
123 393
123 404
123 420
123 449
123 467
124 165
124 192
124 195
124 295
124 315
124 316
124 391
124 486
125 1
125 37
125 68
125 152
125 199
125 213
125 214
125 252
125 257
125 357
125 398
125 484
125 488
126 73
126 145
126 154
126 270
126 317
126 327
126 359
126 371
126 392
126 424
127 5
127 28
127 51
127 58
127 101
127 105
127 106
127 114
127 165
127 171
127 197
127 207
127 208
127 230
127 235
127 241
127 268
127 269
127 276
127 278
127 286
127 292
127 303
127 323
127 343
127 356
127 358
127 361
127 410
127 425
127 438
127 464
127 469
127 492
127 499
128 92
128 97
128 158
128 172
128 206
128 223
128 249
128 291
128 293
128 306
128 309
128 355
128 377
128 441
129 28
129 51
129 105
129 106
129 235
129 269
129 276
129 425
129 490
130 8
130 14
130 16
130 49
130 65
130 118
130 135
130 141
130 150
130 155
130 156
130 160
130 187
130 216
130 247
130 261
130 300
130 314
130 339
130 349
130 351
130 365
130 381
130 388
130 395
130 417
130 452
130 459
130 482
131 1
131 43
131 68
131 69
131 73
131 152
131 199
131 213
131 257
131 357
131 398
131 476
131 484
132 38
132 81
132 145
132 154
132 207
132 226
132 270
132 295
132 313
132 317
132 327
132 331
132 353
132 359
132 371
132 424
133 3
133 11
133 13
133 18
133 25
133 29
133 31
133 33
133 63
133 84
133 86
133 88
133 119
133 136
133 143
133 157
133 161
133 164
133 169
133 172
133 183
133 195
133 202
133 216
133 219
133 221
133 231
133 245
133 252
133 253
133 260
133 310
133 311
133 329
133 363
133 364
133 382
133 389
133 400
133 402
133 407
133 408
133 409
133 414
133 421
133 439
133 468
133 493
133 496
134 50
134 62
134 147
134 151
134 153
134 159
134 200
134 259
134 280
134 301
134 450
134 455
134 470
134 485
135 16
135 130
135 141
135 155
135 156
135 160
135 314
135 322
135 349
135 351
135 381
135 388
135 395
135 452
136 3
136 13
136 18
136 25
136 29
136 31
136 33
136 42
136 63
136 86
136 88
136 119
136 120
136 133
136 143
136 157
136 161
136 164
136 169
136 183
136 203
136 216
136 219
136 220
136 221
136 234
136 245
136 252
136 253
136 260
136 303
136 310
136 311
136 329
136 363
136 382
136 389
136 402
136 404
136 407
136 408
136 414
136 415
136 421
136 426
136 439
136 462
136 468
136 493
136 496
137 36
137 61
137 72
137 79
137 98
137 109
137 142
137 168
137 194
137 204
137 276
137 298
137 307
137 308
137 333
137 341
137 376
137 382
137 403
137 490
138 1
138 43
138 67
138 68
138 73
138 152
138 199
138 213
138 242
138 257
138 273
138 357
138 476
138 484
138 488
139 10
139 30
139 42
139 74
139 75
139 83
139 115
139 117
139 182
139 198
139 212
139 224
139 256
139 258
139 264
139 297
139 319
139 334
139 338
139 350
139 360
139 369
139 372
139 396
139 397
139 430
139 440
139 458
139 462
139 465
139 470
139 486
139 489
140 16
140 25
140 87
140 93
140 193
140 228
140 251
140 271
140 287
140 302
140 366
140 429
141 8
141 14
141 16
141 49
141 65
141 66
141 118
141 130
141 135
141 150
141 155
141 156
141 160
141 192
141 210
141 238
141 239
141 247
141 261
141 274
141 300
141 314
141 333
141 349
141 351
141 363
141 365
141 381
141 388
141 395
141 452
141 482
141 495
142 12
142 26
142 32
142 36
142 41
142 61
142 72
142 76
142 79
142 88
142 94
142 98
142 116
142 122
142 137
142 184
142 194
142 204
142 220
142 254
142 283
142 307
142 308
142 333
142 341
142 376
142 403
142 433
142 490
143 63
143 86
143 88
143 119
143 133
143 136
143 157
143 161
143 169
143 183
143 216
143 219
143 221
143 245
143 252
143 260
143 310
143 311
143 329
143 363
143 382
143 389
143 421
143 468
143 493
143 496
144 34
144 35
144 89
144 151
144 267
144 312
144 332
144 335
144 441
144 459
144 477
144 497
145 16
145 24
145 38
145 44
145 77
145 81
145 103
145 111
145 126
145 132
145 154
145 191
145 203
145 226
145 255
145 265
145 270
145 296
145 313
145 317
145 327
145 331
145 346
145 353
145 359
145 371
145 386
145 392
145 394
145 418
145 424
145 432
146 50
146 159
146 200
146 232
146 259
146 280
146 301
146 337
146 400
146 450
146 455
146 485
147 40
147 50
147 62
147 121
147 134
147 159
147 161
147 220
147 232
147 280
147 301
147 400
147 423
147 450
147 455
147 481
147 485
148 22
148 46
148 57
148 108
148 178
148 179
148 185
148 187
148 215
148 231
148 288
148 322
148 364
148 384
148 412
149 17
149 53
149 66
149 80
149 99
149 120
149 157
149 162
149 173
149 211
149 217
149 218
149 223
149 263
149 275
149 282
149 320
149 404
149 419
149 442
149 478
149 480
150 8
150 14
150 16
150 27
150 29
150 49
150 65
150 118
150 119
150 130
150 141
150 155
150 156
150 160
150 170
150 210
150 218
150 238
150 239
150 247
150 254
150 261
150 274
150 314
150 328
150 349
150 351
150 361
150 365
150 381
150 388
150 395
150 417
150 431
150 452
150 456
150 482
150 495
151 20
151 34
151 35
151 47
151 69
151 85
151 89
151 134
151 144
151 174
151 267
151 279
151 312
151 321
151 332
151 335
151 344
151 347
151 373
151 375
151 381
151 401
151 454
151 459
151 477
151 497
152 1
152 12
152 37
152 43
152 59
152 68
152 73
152 91
152 125
152 131
152 138
152 167
152 186
152 199
152 208
152 213
152 214
152 243
152 248
152 257
152 262
152 273
152 290
152 316
152 357
152 398
152 475
152 476
152 484
152 488
153 16
153 50
153 134
153 450
153 455
153 485
154 24
154 38
154 81
154 126
154 132
154 145
154 191
154 203
154 226
154 255
154 270
154 296
154 302
154 313
154 317
154 327
154 331
154 346
154 353
154 359
154 371
154 392
154 394
154 418
154 424
154 429
154 489
155 8
155 14
155 16
155 27
155 49
155 65
155 92
155 118
155 130
155 135
155 141
155 150
155 156
155 160
155 170
155 210
155 218
155 229
155 238
155 239
155 247
155 261
155 274
155 300
155 314
155 328
155 349
155 351
155 365
155 381
155 383
155 388
155 395
155 417
155 431
155 452
155 456
155 462
155 482
155 493
155 495
156 8
156 14
156 16
156 27
156 65
156 96
156 97
156 118
156 130
156 135
156 141
156 150
156 155
156 160
156 210
156 239
156 247
156 274
156 314
156 328
156 349
156 351
156 365
156 381
156 388
156 395
156 452
156 458
156 482
156 495
157 3
157 13
157 25
157 29
157 33
157 51
157 60
157 63
157 66
157 86
157 88
157 119
157 133
157 136
157 143
157 149
157 161
157 164
157 169
157 183
157 199
157 216
157 219
157 221
157 222
157 228
157 245
157 252
157 253
157 260
157 310
157 311
157 329
157 339
157 350
157 363
157 378
157 382
157 389
157 402
157 407
157 408
157 409
157 421
157 426
157 439
157 447
157 468
157 493
157 496
158 6
158 9
158 15
158 19
158 23
158 39
158 52
158 55
158 70
158 77
158 92
158 97
158 113
158 128
158 172
158 186
158 190
158 206
158 222
158 223
158 240
158 249
158 281
158 289
158 291
158 293
158 306
158 309
158 339
158 355
158 358
158 367
158 377
158 378
158 385
158 387
158 422
158 427
158 428
158 437
158 441
158 460
158 462
158 474
158 498
159 14
159 40
159 50
159 62
159 104
159 121
159 134
159 146
159 147
159 181
159 232
159 259
159 280
159 301
159 351
159 380
159 382
159 400
159 405
159 423
159 450
159 455
159 481
159 485
160 8
160 14
160 16
160 27
160 49
160 65
160 96
160 108
160 118
160 130
160 135
160 141
160 150
160 155
160 156
160 170
160 210
160 218
160 221
160 238
160 239
160 247
160 261
160 274
160 300
160 314
160 328
160 349
160 351
160 365
160 368
160 381
160 383
160 388
160 395
160 417
160 431
160 452
160 456
160 482
160 495
161 13
161 18
161 25
161 28
161 29
161 31
161 33
161 63
161 86
161 88
161 119
161 133
161 136
161 143
161 147
161 157
161 164
161 169
161 183
161 195
161 216
161 219
161 221
161 245
161 252
161 253
161 260
161 301
161 310
161 311
161 329
161 342
161 363
161 370
161 382
161 389
161 402
161 407
161 408
161 409
161 415
161 421
161 426
161 439
161 468
161 472
161 492
161 493
161 496
162 66
162 149
162 173
162 178
162 234
162 275
162 282
162 390
162 404
162 419
162 442
163 0
163 39
163 56
163 84
163 90
163 96
163 109
163 123
163 180
163 189
163 201
163 205
163 236
163 237
163 243
163 256
163 294
163 299
163 304
163 305
163 338
163 352
163 370
163 372
163 385
163 393
163 406
163 420
163 449
163 467
163 472
164 88
164 119
164 133
164 136
164 157
164 161
164 169
164 219
164 245
164 252
164 311
164 363
164 389
164 468
164 493
165 7
165 11
165 55
165 71
165 100
165 101
165 102
165 110
165 124
165 127
165 189
165 192
165 195
165 202
165 209
165 219
165 220
165 221
165 227
165 229
165 238
165 272
165 277
165 295
165 309
165 315
165 316
165 336
165 337
165 339
165 368
165 370
165 379
165 391
165 412
165 413
165 420
165 436
165 443
165 451
165 462
165 463
165 473
165 486
166 17
166 53
166 66
166 67
166 80
166 99
166 120
166 167
166 173
166 211
166 234
166 247
166 250
166 275
166 326
166 404
166 419
166 442
166 445
166 453
167 1
167 12
167 68
167 73
167 152
167 166
167 199
167 213
167 484
168 26
168 41
168 61
168 79
168 98
168 137
168 308
168 333
169 3
169 11
169 14
169 18
169 25
169 29
169 31
169 33
169 63
169 86
169 88
169 119
169 133
169 136
169 143
169 157
169 161
169 164
169 183
169 211
169 216
169 219
169 221
169 245
169 252
169 253
169 260
169 291
169 309
169 310
169 311
169 329
169 357
169 363
169 379
169 382
169 389
169 401
169 402
169 407
169 408
169 415
169 421
169 426
169 439
169 447
169 468
169 493
169 496
170 121
170 150
170 155
170 160
170 314
170 388
170 395
171 5
171 28
171 51
171 58
171 105
171 106
171 114
171 127
171 197
171 207
171 235
171 241
171 268
171 269
171 276
171 286
171 292
171 310
171 342
171 356
171 358
171 361
171 410
171 438
171 462
171 464
171 467
171 469
171 492
171 499
172 9
172 15
172 19
172 52
172 70
172 77
172 92
172 96
172 97
172 113
172 128
172 133
172 158
172 183
172 186
172 190
172 206
172 222
172 223
172 240
172 249
172 260
172 281
172 289
172 291
172 293
172 295
172 306
172 309
172 355
172 367
172 377
172 378
172 387
172 411
172 422
172 427
172 428
172 437
172 441
172 460
172 474
172 498
173 17
173 53
173 64
173 66
173 78
173 80
173 99
173 120
173 149
173 162
173 166
173 183
173 211
173 233
173 234
173 250
173 263
173 275
173 282
173 320
173 326
173 329
173 404
173 419
173 442
173 445
173 453
173 474
173 478
173 480
174 35
174 50
174 69
174 89
174 151
174 267
174 332
174 335
174 401
174 459
174 497
175 39
175 58
175 84
175 90
175 96
175 123
175 180
175 189
175 201
175 205
175 237
175 243
175 256
175 294
175 299
175 305
175 365
175 372
175 385
175 420
175 467
175 496
176 50
176 62
176 301
176 335
176 405
176 423
176 450
176 455
176 485
177 7
177 11
177 101
177 209
177 229
177 339
177 379
177 451
177 462
177 486
178 22
178 57
178 82
178 107
178 148
178 162
178 179
178 187
178 225
178 314
178 322
178 364
178 374
178 384
178 412
178 448
178 491
179 22
179 54
179 57
179 95
179 108
179 148
179 178
179 183
179 185
179 187
179 215
179 225
179 231
179 288
179 317
179 322
179 364
179 374
179 384
179 412
179 448
179 491
180 39
180 53
180 84
180 96
180 123
180 163
180 175
180 189
180 201
180 205
180 237
180 243
180 256
180 294
180 299
180 304
180 305
180 320
180 352
180 372
180 385
180 393
180 406
180 420
180 449
180 461
180 467
181 50
181 62
181 121
181 159
181 232
181 259
181 272
181 379
181 423
181 450
181 455
181 481
181 485
182 10
182 37
182 42
182 75
182 93
182 139
182 198
182 212
182 264
182 297
182 338
182 350
182 458
182 470
183 3
183 13
183 25
183 29
183 31
183 33
183 63
183 86
183 88
183 119
183 133
183 136
183 143
183 157
183 161
183 169
183 172
183 173
183 179
183 216
183 219
183 221
183 245
183 252
183 260
183 275
183 291
183 310
183 311
183 329
183 363
183 368
183 382
183 389
183 402
183 407
183 408
183 421
183 426
183 429
183 439
183 468
183 493
183 496
184 41
184 61
184 72
184 79
184 98
184 142
184 194
184 307
184 308
184 333
184 376
184 379
184 490
185 22
185 148
185 179
185 215
185 364
185 374
186 77
186 97
186 113
186 152
186 158
186 172
186 206
186 222
186 223
186 231
186 249
186 291
186 293
186 306
186 309
186 355
186 377
186 378
186 441
187 22
187 46
187 82
187 107
187 108
187 130
187 148
187 178
187 179
187 225
187 231
187 288
187 309
187 318
187 322
187 364
187 374
187 384
187 412
187 448
187 491
188 93
188 112
188 193
188 235
188 366
188 429
188 434
188 444
189 25
189 39
189 84
189 90
189 96
189 123
189 163
189 165
189 175
189 180
189 201
189 205
189 236
189 237
189 256
189 294
189 299
189 304
189 305
189 331
189 352
189 372
189 385
189 393
189 406
189 420
189 449
189 458
189 467
189 472
190 92
190 97
190 158
190 172
190 206
190 222
190 223
190 249
190 291
190 293
190 306
190 309
190 316
190 355
190 377
190 441
191 97
191 145
191 154
191 317
191 327
191 371
192 7
192 11
192 55
192 63
192 71
192 101
192 102
192 110
192 124
192 141
192 165
192 195
192 202
192 206
192 209
192 220
192 227
192 229
192 245
192 263
192 272
192 277
192 294
192 295
192 301
192 315
192 316
192 336
192 337
192 339
192 345
192 362
192 368
192 370
192 379
192 391
192 413
192 420
192 436
192 443
192 451
192 462
192 463
192 471
192 473
192 486
193 21
193 45
193 87
193 93
193 140
193 188
193 228
193 235
193 266
193 271
193 302
193 366
193 429
193 434
193 446
194 26
194 32
194 41
194 61
194 72
194 86
194 94
194 98
194 109
194 137
194 142
194 184
194 204
194 307
194 308
194 333
194 341
194 356
194 376
194 403
194 490
195 7
195 11
195 28
195 55
195 71
195 100
195 101
195 102
195 110
195 124
195 133
195 161
195 165
195 192
195 202
195 209
195 213
195 220
195 227
195 229
195 272
195 277
195 295
195 310
195 311
195 315
195 316
195 336
195 337
195 339
195 345
195 362
195 368
195 370
195 379
195 389
195 391
195 408
195 413
195 416
195 436
195 443
195 451
195 462
195 463
195 470
195 473
195 486
196 39
196 84
196 256
196 305
196 351
196 385
196 420
197 7
197 51
197 105
197 106
197 114
197 127
197 171
197 207
197 225
197 230
197 235
197 268
197 269
197 276
197 292
197 358
197 361
197 395
197 410
197 464
197 469
197 499
198 10
198 30
198 42
198 74
198 75
198 83
198 110
198 113
198 115
198 117
198 139
198 182
198 208
198 212
198 224
198 258
198 264
198 285
198 297
198 319
198 334
198 338
198 340
198 350
198 360
198 369
198 375
198 396
198 397
198 430
198 440
198 457
198 458
198 465
198 470
198 489
199 1
199 12
199 37
199 43
199 59
199 68
199 73
199 91
199 101
199 125
199 131
199 138
199 152
199 157
199 167
199 208
199 213
199 214
199 242
199 248
199 257
199 262
199 273
199 290
199 317
199 325
199 357
199 398
199 466
199 475
199 476
199 484
199 488
200 50
200 62
200 134
200 146
200 232
200 259
200 280
200 373
200 379
200 400
200 423
200 450
200 455
200 481
200 485
201 0
201 2
201 22
201 39
201 48
201 56
201 84
201 90
201 96
201 123
201 163
201 175
201 180
201 189
201 205
201 237
201 243
201 256
201 264
201 294
201 299
201 304
201 305
201 310
201 335
201 352
201 372
201 385
201 393
201 406
201 420
201 432
201 449
201 461
201 467
201 472
202 7
202 11
202 29
202 51
202 55
202 71
202 101
202 102
202 110
202 133
202 165
202 192
202 195
202 209
202 220
202 229
202 272
202 293
202 295
202 296
202 315
202 316
202 333
202 337
202 339
202 368
202 370
202 379
202 391
202 407
202 436
202 443
202 451
202 462
202 468
202 473
202 486
203 81
203 136
203 145
203 154
203 270
203 317
203 327
203 331
203 359
203 371
203 392
203 418
203 424
204 5
204 26
204 61
204 72
204 98
204 137
204 142
204 194
204 333
204 376
205 39
205 84
205 96
205 123
205 163
205 175
205 180
205 189
205 201
205 236
205 237
205 256
205 294
205 299
205 305
205 352
205 355
205 385
205 393
205 406
205 420
205 421
205 449
205 467
206 6
206 70
206 77
206 92
206 93
206 97
206 105
206 113
206 128
206 158
206 172
206 186
206 190
206 192
206 222
206 223
206 249
206 275
206 281
206 291
206 293
206 306
206 309
206 355
206 377
206 378
206 387
206 411
206 422
206 428
206 437
206 441
206 460
206 468
206 474
207 28
207 51
207 105
207 114
207 127
207 132
207 171
207 197
207 230
207 234
207 235
207 241
207 268
207 269
207 276
207 292
207 358
207 361
207 469
207 492
207 499
208 1
208 68
208 73
208 127
208 152
208 198
208 199
208 213
208 257
208 357
208 398
208 475
208 476
208 484
208 488
209 7
209 11
209 55
209 71
209 101
209 102
209 110
209 165
209 177
209 192
209 195
209 202
209 220
209 229
209 233
209 260
209 266
209 268
209 272
209 295
209 315
209 316
209 337
209 339
209 364
209 368
209 370
209 379
209 384
209 391
209 416
209 436
209 443
209 444
209 451
209 462
209 473
209 486
210 16
210 141
210 150
210 155
210 156
210 160
210 247
210 314
210 349
210 381
210 395
210 452
211 17
211 51
211 53
211 64
211 66
211 80
211 99
211 120
211 149
211 166
211 169
211 173
211 233
211 234
211 275
211 282
211 314
211 326
211 390
211 404
211 419
211 442
211 445
211 453
212 10
212 30
212 42
212 74
212 75
212 83
212 102
212 115
212 117
212 139
212 182
212 198
212 224
212 264
212 285
212 297
212 319
212 334
212 338
212 350
212 360
212 396
212 397
212 430
212 440
212 446
212 457
212 458
212 464
212 465
212 470
212 482
212 489
213 1
213 12
213 37
213 59
213 68
213 73
213 91
213 125
213 131
213 138
213 152
213 167
213 195
213 199
213 208
213 248
213 257
213 273
213 290
213 315
213 333
213 357
213 398
213 475
213 476
213 484
213 488
214 1
214 68
214 73
214 125
214 152
214 199
214 257
214 357
214 476
214 484
215 22
215 57
215 82
215 95
215 107
215 108
215 148
215 179
215 185
215 225
215 231
215 318
215 322
215 328
215 364
215 374
215 384
215 388
215 412
215 491
216 3
216 13
216 18
216 25
216 29
216 31
216 33
216 50
216 63
216 86
216 88
216 101
216 119
216 130
216 133
216 136
216 143
216 157
216 161
216 169
216 183
216 219
216 221
216 245
216 252
216 253
216 260
216 307
216 310
216 311
216 319
216 329
216 339
216 363
216 382
216 389
216 402
216 407
216 408
216 409
216 414
216 421
216 426
216 439
216 447
216 468
216 469
216 474
216 493
216 496
217 53
217 66
217 99
217 110
217 120
217 149
217 419
217 442
218 16
218 149
218 150
218 155
218 160
218 351
218 381
218 395
219 3
219 13
219 18
219 25
219 29
219 31
219 33
219 45
219 63
219 86
219 88
219 89
219 106
219 119
219 133
219 136
219 143
219 157
219 161
219 164
219 165
219 169
219 183
219 216
219 221
219 235
219 245
219 252
219 253
219 260
219 306
219 310
219 311
219 329
219 363
219 377
219 382
219 389
219 398
219 402
219 407
219 408
219 409
219 414
219 421
219 439
219 468
219 493
219 496
220 7
220 11
220 55
220 63
220 71
220 77
220 86
220 88
220 98
220 100
220 101
220 102
220 110
220 136
220 142
220 147
220 165
220 192
220 195
220 202
220 209
220 229
220 232
220 272
220 277
220 284
220 295
220 315
220 316
220 336
220 337
220 339
220 362
220 368
220 370
220 379
220 391
220 436
220 443
220 451
220 462
220 473
220 486
221 18
221 25
221 29
221 31
221 33
221 63
221 86
221 88
221 119
221 133
221 136
221 143
221 157
221 160
221 161
221 165
221 169
221 183
221 216
221 219
221 245
221 252
221 253
221 260
221 306
221 310
221 311
221 314
221 329
221 363
221 368
221 380
221 382
221 388
221 389
221 402
221 407
221 408
221 421
221 426
221 458
221 468
221 493
221 496
222 6
222 9
222 15
222 23
222 52
222 70
222 77
222 80
222 92
222 97
222 113
222 157
222 158
222 172
222 186
222 190
222 206
222 223
222 240
222 249
222 281
222 289
222 291
222 293
222 306
222 309
222 329
222 355
222 377
222 378
222 379
222 387
222 391
222 411
222 422
222 427
222 428
222 437
222 441
222 460
222 474
223 6
223 40
223 51
223 70
223 77
223 92
223 97
223 107
223 113
223 128
223 149
223 158
223 172
223 186
223 190
223 206
223 222
223 249
223 281
223 291
223 293
223 306
223 309
223 355
223 368
223 377
223 378
223 387
223 411
223 422
223 427
223 437
223 441
223 460
223 474
223 498
224 10
224 139
224 198
224 212
224 338
224 350
225 22
225 54
225 57
225 107
225 178
225 179
225 187
225 197
225 215
225 231
225 288
225 322
225 384
225 412
225 491
226 24
226 38
226 132
226 145
226 154
226 270
226 317
226 327
226 331
226 353
226 359
226 371
226 424
226 443
227 7
227 11
227 101
227 110
227 165
227 192
227 195
227 229
227 295
227 315
227 316
227 368
227 370
227 379
227 451
228 4
228 87
228 112
228 140
228 157
228 193
228 251
228 287
228 429
228 446
229 7
229 11
229 16
229 17
229 55
229 71
229 100
229 101
229 102
229 110
229 155
229 165
229 177
229 192
229 195
229 202
229 209
229 220
229 227
229 260
229 272
229 278
229 284
229 295
229 315
229 316
229 337
229 339
229 368
229 370
229 378
229 379
229 382
229 389
229 391
229 436
229 443
229 451
229 462
229 463
229 471
229 473
229 474
229 483
229 486
230 51
230 105
230 106
230 114
230 127
230 197
230 207
230 235
230 260
230 268
230 269
230 276
230 358
230 410
230 469
230 492
231 22
231 54
231 95
231 107
231 108
231 133
231 148
231 179
231 186
231 187
231 215
231 225
231 288
231 318
231 322
231 364
231 374
231 384
231 412
232 50
232 62
232 146
232 147
232 159
232 181
232 200
232 220
232 280
232 405
232 423
232 450
232 455
232 481
232 485
233 53
233 66
233 99
233 173
233 209
233 211
233 234
233 275
233 419
233 442
233 453
234 17
234 53
234 64
234 66
234 78
234 80
234 99
234 120
234 136
234 162
234 166
234 173
234 207
234 211
234 233
234 250
234 260
234 263
234 275
234 282
234 324
234 326
234 404
234 419
234 442
234 445
234 453
234 478
235 5
235 28
235 51
235 58
235 105
235 106
235 114
235 127
235 129
235 171
235 188
235 193
235 197
235 207
235 219
235 230
235 241
235 246
235 268
235 269
235 276
235 278
235 286
235 292
235 303
235 323
235 342
235 343
235 356
235 358
235 361
235 410
235 425
235 435
235 438
235 464
235 468
235 469
235 492
235 499
236 39
236 96
236 115
236 163
236 189
236 205
236 237
236 256
236 299
236 305
236 385
236 449
237 2
237 39
237 56
237 84
237 90
237 96
237 123
237 163
237 175
237 180
237 189
237 201
237 205
237 236
237 243
237 244
237 256
237 294
237 299
237 304
237 305
237 337
237 339
237 352
237 372
237 385
237 393
237 406
237 412
237 420
237 432
237 449
237 451
237 467
237 472
238 16
238 141
238 150
238 155
238 160
238 165
238 381
238 395
239 16
239 141
239 150
239 155
239 156
239 160
239 314
239 381
239 395
240 158
240 172
240 222
240 249
240 291
240 306
240 309
240 355
240 441
241 28
241 51
241 58
241 105
241 106
241 114
241 127
241 171
241 207
241 235
241 256
241 268
241 269
241 306
241 410
241 464
241 492
241 499
242 68
242 73
242 138
242 199
242 257
242 484
243 39
243 94
243 96
243 123
243 152
243 163
243 175
243 180
243 201
243 237
243 256
243 294
243 299
243 305
243 385
243 420
243 467
244 39
244 237
244 256
244 299
244 305
244 467
245 3
245 11
245 18
245 25
245 29
245 33
245 63
245 86
245 88
245 119
245 133
245 136
245 143
245 157
245 161
245 164
245 169
245 183
245 192
245 216
245 219
245 221
245 252
245 253
245 260
245 267
245 285
245 310
245 311
245 315
245 329
245 355
245 363
245 382
245 389
245 402
245 407
245 408
245 409
245 421
245 426
245 439
245 468
245 486
245 493
245 496
246 69
246 106
246 235
246 269
246 410
246 499
247 8
247 14
247 16
247 27
247 49
247 63
247 65
247 75
247 118
247 130
247 141
247 150
247 155
247 156
247 160
247 166
247 210
247 261
247 314
247 349
247 351
247 365
247 381
247 388
247 395
247 417
247 431
247 452
247 482
247 495
248 1
248 12
248 68
248 73
248 152
248 199
248 213
248 257
248 315
248 357
248 398
248 475
248 484
249 6
249 15
249 23
249 63
249 70
249 77
249 92
249 97
249 98
249 113
249 128
249 158
249 172
249 186
249 190
249 206
249 222
249 223
249 240
249 281
249 289
249 291
249 293
249 295
249 306
249 309
249 315
249 355
249 377
249 378
249 387
249 411
249 422
249 427
249 437
249 441
249 460
249 474
249 495
250 26
250 53
250 66
250 166
250 173
250 234
250 282
250 419
250 442
251 21
251 45
251 87
251 112
251 140
251 228
251 266
251 271
251 302
251 305
251 330
251 429
251 434
251 444
251 446
251 487
251 494
251 496
252 1
252 3
252 8
252 13
252 18
252 25
252 29
252 33
252 63
252 86
252 88
252 119
252 125
252 133
252 136
252 143
252 157
252 161
252 164
252 169
252 183
252 216
252 219
252 221
252 245
252 253
252 260
252 310
252 311
252 323
252 329
252 363
252 382
252 389
252 394
252 402
252 407
252 408
252 421
252 426
252 439
252 441
252 447
252 462
252 468
252 486
252 493
252 496
253 63
253 86
253 88
253 133
253 136
253 157
253 161
253 169
253 216
253 219
253 221
253 245
253 252
253 260
253 310
253 311
253 329
253 363
253 389
253 468
253 493
253 496
254 26
254 61
254 72
254 79
254 98
254 142
254 150
254 283
254 307
254 308
254 333
254 341
254 376
254 490
255 35
255 145
255 154
255 270
255 317
255 327
255 371
255 424
256 2
256 39
256 56
256 84
256 90
256 96
256 123
256 139
256 163
256 175
256 180
256 189
256 196
256 201
256 205
256 236
256 237
256 241
256 243
256 244
256 294
256 299
256 304
256 305
256 352
256 372
256 385
256 393
256 406
256 420
256 432
256 449
256 453
256 461
256 467
256 472
256 479
257 1
257 12
257 37
257 43
257 68
257 70
257 73
257 91
257 109
257 114
257 125
257 131
257 138
257 152
257 199
257 208
257 213
257 214
257 242
257 248
257 262
257 273
257 295
257 325
257 357
257 398
257 466
257 475
257 476
257 484
257 488
258 74
258 139
258 198
258 264
258 338
258 350
258 360
258 371
258 458
258 470
259 50
259 62
259 110
259 134
259 146
259 159
259 181
259 200
259 280
259 301
259 400
259 423
259 450
259 455
259 481
259 485
260 10
260 13
260 18
260 25
260 29
260 33
260 60
260 63
260 86
260 88
260 119
260 133
260 136
260 143
260 157
260 161
260 169
260 172
260 183
260 209
260 216
260 219
260 221
260 229
260 230
260 234
260 245
260 252
260 253
260 270
260 310
260 311
260 329
260 363
260 368
260 382
260 389
260 402
260 407
260 408
260 409
260 414
260 421
260 426
260 439
260 447
260 468
260 493
260 496
261 16
261 65
261 130
261 141
261 150
261 155
261 160
261 247
261 339
261 351
261 381
261 395
261 452
262 1
262 12
262 59
262 73
262 152
262 199
262 257
262 357
262 363
262 484
263 53
263 66
263 80
263 120
263 149
263 173
263 192
263 234
263 275
263 340
263 404
263 419
264 10
264 28
264 30
264 42
264 74
264 75
264 83
264 102
264 115
264 117
264 139
264 182
264 198
264 201
264 212
264 258
264 285
264 297
264 319
264 338
264 340
264 350
264 360
264 369
264 396
264 397
264 430
264 440
264 457
264 458
264 465
264 470
264 489
265 145
265 270
265 317
265 327
265 331
265 371
265 424
266 45
266 87
266 93
266 112
266 193
266 209
266 251
266 271
266 302
266 429
266 434
267 20
267 34
267 35
267 47
267 69
267 85
267 89
267 102
267 144
267 151
267 174
267 245
267 279
267 312
267 321
267 332
267 335
267 344
267 373
267 375
267 401
267 454
267 459
267 477
267 486
267 497
268 28
268 51
268 105
268 106
268 114
268 127
268 171
268 197
268 207
268 209
268 230
268 235
268 241
268 269
268 276
268 292
268 303
268 323
268 356
268 358
268 361
268 410
268 449
268 469
268 492
268 499
269 28
269 51
269 58
269 63
269 105
269 106
269 114
269 127
269 129
269 171
269 197
269 207
269 230
269 235
269 241
269 246
269 268
269 276
269 278
269 292
269 295
269 303
269 323
269 356
269 358
269 361
269 368
269 410
269 425
269 435
269 438
269 464
269 469
269 492
269 499
270 24
270 38
270 44
270 81
270 103
270 111
270 126
270 132
270 145
270 154
270 203
270 226
270 255
270 260
270 265
270 296
270 313
270 317
270 327
270 331
270 346
270 353
270 359
270 371
270 386
270 391
270 392
270 394
270 418
270 420
270 424
271 87
271 93
271 112
271 140
271 193
271 251
271 266
271 302
271 429
271 434
271 441
271 494
272 7
272 11
272 55
272 71
272 88
272 101
272 102
272 110
272 165
272 181
272 192
272 195
272 202
272 209
272 220
272 229
272 295
272 315
272 316
272 327
272 337
272 339
272 368
272 370
272 379
272 391
272 443
272 451
272 462
272 485
272 486
272 492
273 1
273 12
273 37
273 56
273 59
273 68
273 73
273 138
273 152
273 199
273 213
273 257
273 325
273 357
273 398
273 484
273 493
274 16
274 49
274 141
274 150
274 155
274 156
274 160
274 365
274 381
274 395
274 452
275 17
275 53
275 64
275 66
275 67
275 78
275 80
275 99
275 119
275 120
275 149
275 162
275 166
275 173
275 183
275 206
275 211
275 233
275 234
275 263
275 282
275 320
275 326
275 390
275 404
275 419
275 442
275 445
275 453
275 478
275 480
276 28
276 51
276 72
276 105
276 106
276 127
276 129
276 137
276 171
276 197
276 207
276 230
276 235
276 268
276 269
276 278
276 292
276 303
276 323
276 342
276 356
276 358
276 361
276 363
276 410
276 435
276 438
276 464
276 469
276 492
276 499
277 11
277 110
277 165
277 192
277 195
277 220
277 295
277 339
277 368
277 370
277 379
277 462
277 486
278 16
278 28
278 51
278 105
278 106
278 127
278 229
278 235
278 269
278 276
278 438
278 492
278 499
279 35
279 89
279 151
279 267
279 332
279 335
279 401
279 459
279 461
280 50
280 62
280 102
280 134
280 146
280 147
280 159
280 200
280 232
280 259
280 301
280 391
280 423
280 450
280 455
280 481
280 485
281 77
281 92
281 158
281 172
281 206
281 222
281 223
281 249
281 291
281 293
281 306
281 309
281 355
281 441
282 53
282 64
282 66
282 80
282 99
282 120
282 149
282 162
282 173
282 211
282 234
282 250
282 275
282 324
282 372
282 404
282 419
282 442
282 481
283 61
283 79
283 98
283 142
283 254
283 307
283 308
283 333
283 376
283 398
284 101
284 220
284 229
284 295
284 370
284 379
285 10
285 42
285 71
285 74
285 75
285 83
285 198
285 212
285 245
285 264
285 297
285 311
285 338
285 350
285 369
285 430
285 440
285 458
285 465
285 470
286 93
286 127
286 171
286 235
286 358
286 361
286 492
286 499
287 45
287 87
287 93
287 140
287 228
287 302
287 366
287 429
287 434
287 496
288 22
288 54
288 57
288 107
288 148
288 179
288 187
288 225
288 231
288 322
288 364
288 371
288 374
288 384
288 412
288 448
288 486
288 491
289 92
289 158
289 172
289 222
289 249
289 291
289 293
289 306
289 309
289 355
289 441
290 1
290 68
290 87
290 152
290 199
290 213
290 357
290 484
291 6
291 7
291 9
291 19
291 23
291 70
291 77
291 92
291 97
291 113
291 128
291 158
291 169
291 172
291 183
291 186
291 190
291 206
291 222
291 223
291 240
291 249
291 281
291 289
291 293
291 306
291 309
291 322
291 355
291 367
291 377
291 378
291 387
291 422
291 427
291 428
291 437
291 441
291 451
291 460
291 474
291 488
291 498
292 5
292 28
292 51
292 58
292 101
292 105
292 106
292 114
292 127
292 171
292 197
292 207
292 235
292 268
292 269
292 276
292 299
292 303
292 358
292 361
292 410
292 469
292 492
292 493
292 499
293 6
293 15
293 52
293 70
293 77
293 92
293 97
293 113
293 119
293 128
293 158
293 172
293 186
293 190
293 202
293 206
293 222
293 223
293 249
293 281
293 289
293 291
293 299
293 306
293 309
293 355
293 377
293 378
293 386
293 387
293 422
293 427
293 428
293 441
293 460
293 474
293 496
293 498
294 0
294 7
294 39
294 84
294 96
294 123
294 163
294 175
294 180
294 189
294 192
294 201
294 205
294 237
294 243
294 256
294 299
294 304
294 305
294 352
294 372
294 381
294 385
294 393
294 406
294 420
294 449
294 461
294 467
294 472
295 7
295 11
295 29
295 55
295 71
295 86
295 100
295 101
295 102
295 110
295 124
295 132
295 165
295 172
295 192
295 195
295 202
295 209
295 220
295 227
295 229
295 249
295 257
295 269
295 272
295 277
295 284
295 297
295 305
295 315
295 316
295 337
295 339
295 345
295 348
295 362
295 368
295 370
295 379
295 391
295 436
295 443
295 451
295 462
295 473
295 486
296 145
296 154
296 202
296 270
296 313
296 317
296 327
296 331
296 359
296 371
296 424
297 10
297 30
297 34
297 74
297 75
297 83
297 139
297 182
297 198
297 212
297 264
297 285
297 295
297 338
297 350
297 370
297 396
297 430
297 440
297 458
297 465
297 470
298 61
298 72
298 98
298 120
298 137
298 308
298 333
298 376
299 0
299 2
299 39
299 48
299 83
299 84
299 90
299 96
299 123
299 163
299 175
299 180
299 189
299 201
299 205
299 236
299 237
299 243
299 244
299 256
299 292
299 293
299 294
299 304
299 305
299 352
299 372
299 385
299 391
299 393
299 406
299 420
299 432
299 449
299 467
299 472
299 479
300 16
300 130
300 141
300 155
300 160
300 304
300 314
300 381
300 395
300 452
301 50
301 62
301 104
301 121
301 134
301 146
301 147
301 159
301 161
301 176
301 192
301 259
301 280
301 380
301 405
301 423
301 450
301 455
301 485
302 4
302 87
302 88
302 93
302 112
302 140
302 154
302 193
302 251
302 266
302 271
302 287
302 330
302 366
302 399
302 429
302 444
302 487
303 28
303 39
303 51
303 105
303 106
303 114
303 127
303 136
303 235
303 268
303 269
303 276
303 292
303 361
303 410
303 464
303 469
303 492
303 499
304 39
304 123
304 163
304 180
304 189
304 201
304 237
304 256
304 294
304 299
304 300
304 305
304 385
304 420
304 467
305 0
305 2
305 39
305 48
305 56
305 84
305 90
305 96
305 106
305 123
305 163
305 175
305 180
305 189
305 196
305 201
305 205
305 236
305 237
305 243
305 244
305 251
305 256
305 294
305 295
305 299
305 304
305 352
305 358
305 372
305 385
305 393
305 406
305 420
305 432
305 449
305 461
305 467
305 472
305 479
306 6
306 9
306 15
306 19
306 23
306 70
306 77
306 92
306 97
306 113
306 128
306 158
306 172
306 186
306 190
306 206
306 219
306 221
306 222
306 223
306 240
306 241
306 249
306 281
306 289
306 291
306 293
306 309
306 355
306 367
306 377
306 378
306 387
306 422
306 423
306 427
306 428
306 437
306 441
306 460
306 474
306 491
306 498
307 26
307 39
307 41
307 61
307 72
307 79
307 94
307 98
307 122
307 137
307 142
307 184
307 194
307 216
307 254
307 283
307 308
307 333
307 341
307 376
308 26
308 32
308 41
308 61
308 72
308 76
308 79
308 94
308 98
308 109
308 116
308 122
308 137
308 142
308 168
308 184
308 194
308 254
308 283
308 298
308 307
308 333
308 354
308 376
308 395
308 403
308 469
308 470
308 490
309 6
309 9
309 15
309 19
309 23
309 70
309 77
309 92
309 97
309 113
309 128
309 158
309 165
309 169
309 172
309 186
309 187
309 190
309 206
309 222
309 223
309 240
309 249
309 281
309 289
309 291
309 293
309 306
309 337
309 352
309 355
309 377
309 378
309 387
309 422
309 425
309 427
309 428
309 437
309 441
309 460
309 468
309 474
309 498
310 3
310 25
310 29
310 33
310 63
310 86
310 87
310 88
310 110
310 114
310 118
310 119
310 133
310 136
310 143
310 157
310 161
310 169
310 171
310 183
310 195
310 201
310 216
310 219
310 221
310 245
310 252
310 253
310 260
310 311
310 329
310 360
310 363
310 382
310 389
310 402
310 407
310 408
310 421
310 439
310 468
310 493
310 496
311 12
311 18
311 25
311 29
311 31
311 33
311 42
311 60
311 63
311 86
311 88
311 119
311 133
311 136
311 143
311 157
311 161
311 164
311 169
311 183
311 195
311 216
311 219
311 221
311 245
311 252
311 253
311 260
311 285
311 310
311 329
311 337
311 363
311 377
311 382
311 389
311 391
311 402
311 407
311 408
311 420
311 421
311 426
311 439
311 447
311 468
311 493
311 496
312 35
312 89
312 144
312 151
312 267
312 332
312 459
312 497
313 81
313 132
313 145
313 154
313 270
313 296
313 317
313 327
313 331
313 353
313 359
313 371
313 385
314 8
314 14
314 16
314 27
314 49
314 65
314 118
314 130
314 135
314 141
314 150
314 155
314 156
314 160
314 170
314 178
314 210
314 211
314 221
314 239
314 247
314 300
314 349
314 351
314 365
314 370
314 381
314 383
314 388
314 395
314 417
314 431
314 452
314 482
314 484
314 495
315 7
315 11
315 55
315 71
315 88
315 101
315 102
315 110
315 124
315 165
315 192
315 195
315 202
315 209
315 213
315 220
315 227
315 229
315 245
315 248
315 249
315 272
315 295
315 316
315 337
315 339
315 345
315 354
315 368
315 370
315 379
315 391
315 395
315 430
315 436
315 443
315 451
315 462
315 473
315 486
316 7
316 11
316 55
316 71
316 100
316 101
316 102
316 110
316 116
316 124
316 152
316 165
316 190
316 192
316 195
316 202
316 209
316 220
316 227
316 229
316 272
316 295
316 315
316 322
316 326
316 336
316 337
316 339
316 345
316 368
316 370
316 379
316 391
316 416
316 436
316 443
316 451
316 452
316 462
316 463
316 468
316 471
316 473
316 483
316 485
316 486
317 24
317 38
317 44
317 81
317 103
317 111
317 114
317 126
317 132
317 145
317 154
317 179
317 191
317 199
317 203
317 226
317 255
317 265
317 270
317 296
317 313
317 327
317 331
317 353
317 359
317 371
317 377
317 386
317 392
317 394
317 418
317 424
318 22
318 187
318 215
318 231
318 322
318 364
318 374
318 384
318 412
319 10
319 42
319 75
319 94
319 139
319 198
319 212
319 216
319 264
319 338
319 350
319 396
319 430
319 440
319 458
319 465
319 470
320 53
320 66
320 99
320 120
320 149
320 173
320 180
320 275
320 390
320 404
320 419
320 442
321 85
321 89
321 151
321 267
321 332
321 335
321 477
321 497
322 22
322 46
322 54
322 57
322 82
322 95
322 107
322 108
322 135
322 148
322 178
322 179
322 187
322 215
322 225
322 231
322 288
322 291
322 316
322 318
322 364
322 374
322 384
322 412
322 448
322 491
323 28
323 51
323 105
323 106
323 127
323 235
323 252
323 268
323 269
323 276
323 410
323 464
323 469
323 492
323 499
324 53
324 66
324 99
324 234
324 282
324 419
324 442
325 1
325 68
325 199
325 257
325 273
325 484
326 53
326 64
326 66
326 67
326 80
326 119
326 120
326 166
326 173
326 211
326 234
326 275
326 316
326 419
326 442
327 24
327 38
327 44
327 81
327 111
327 126
327 132
327 145
327 154
327 191
327 203
327 226
327 255
327 265
327 270
327 272
327 296
327 313
327 317
327 331
327 353
327 359
327 371
327 378
327 386
327 388
327 392
327 418
327 424
328 16
328 150
328 155
328 156
328 160
328 215
328 381
329 3
329 11
329 18
329 25
329 29
329 33
329 60
329 63
329 86
329 88
329 102
329 119
329 133
329 136
329 143
329 157
329 161
329 169
329 173
329 183
329 216
329 219
329 221
329 222
329 245
329 252
329 253
329 260
329 310
329 311
329 361
329 363
329 382
329 389
329 402
329 407
329 408
329 409
329 421
329 426
329 439
329 443
329 468
329 469
329 486
329 493
329 496
330 93
330 112
330 251
330 302
330 429
330 434
330 446
331 81
331 107
331 132
331 145
331 154
331 189
331 203
331 226
331 265
331 270
331 296
331 313
331 317
331 327
331 353
331 359
331 371
331 392
331 418
331 424
332 20
332 34
332 35
332 47
332 69
332 85
332 89
332 99
332 144
332 151
332 174
332 267
332 279
332 312
332 321
332 335
332 344
332 347
332 373
332 375
332 401
332 454
332 459
332 477
332 497
333 26
333 32
333 36
333 41
333 61
333 72
333 79
333 94
333 98
333 109
333 122
333 137
333 141
333 142
333 168
333 184
333 194
333 202
333 204
333 213
333 254
333 283
333 298
333 307
333 308
333 341
333 354
333 376
333 403
333 490
334 10
334 75
334 139
334 198
334 212
334 350
334 458
334 470
335 20
335 35
335 69
335 85
335 89
335 144
335 151
335 174
335 176
335 201
335 267
335 279
335 321
335 332
335 347
335 373
335 454
335 457
335 459
335 477
335 497
336 165
336 192
336 195
336 220
336 316
336 379
336 451
336 486
337 7
337 11
337 55
337 71
337 84
337 101
337 102
337 110
337 146
337 165
337 192
337 195
337 202
337 209
337 220
337 229
337 237
337 272
337 295
337 309
337 311
337 315
337 316
337 339
337 345
337 348
337 368
337 370
337 379
337 381
337 391
337 436
337 443
337 451
337 462
337 463
337 473
337 483
337 486
337 487
337 497
338 10
338 30
338 42
338 72
338 74
338 75
338 83
338 115
338 117
338 139
338 163
338 182
338 198
338 212
338 224
338 258
338 264
338 285
338 297
338 319
338 340
338 350
338 360
338 369
338 377
338 396
338 397
338 430
338 440
338 457
338 458
338 465
338 470
338 489
339 7
339 11
339 55
339 71
339 97
339 101
339 102
339 110
339 130
339 157
339 158
339 165
339 177
339 192
339 195
339 202
339 209
339 216
339 220
339 229
339 237
339 261
339 272
339 277
339 295
339 315
339 316
339 337
339 368
339 370
339 371
339 379
339 391
339 436
339 443
339 451
339 462
339 463
339 471
339 473
339 483
339 486
340 10
340 75
340 198
340 263
340 264
340 338
340 430
340 458
341 26
341 32
341 61
341 72
341 75
341 79
341 94
341 98
341 137
341 142
341 194
341 254
341 307
341 333
341 490
342 106
342 114
342 161
342 171
342 235
342 276
342 361
342 469
343 51
343 86
343 105
343 106
343 127
343 235
343 492
343 499
344 35
344 89
344 151
344 267
344 332
344 477
345 101
345 110
345 192
345 195
345 295
345 315
345 316
345 337
345 391
345 451
345 462
346 145
346 154
346 270
346 359
346 371
346 481
347 20
347 85
347 89
347 151
347 332
347 335
347 375
347 420
348 11
348 295
348 337
348 368
348 451
348 486
349 7
349 14
349 16
349 32
349 49
349 65
349 118
349 130
349 135
349 141
349 150
349 155
349 156
349 160
349 210
349 247
349 314
349 351
349 365
349 381
349 385
349 388
349 395
349 417
349 452
349 495
350 10
350 22
350 30
350 42
350 74
350 75
350 83
350 115
350 117
350 139
350 157
350 182
350 198
350 212
350 224
350 258
350 264
350 285
350 297
350 319
350 334
350 338
350 360
350 396
350 397
350 430
350 440
350 450
350 458
350 465
350 470
351 8
351 14
351 16
351 29
351 49
351 65
351 118
351 130
351 135
351 141
351 150
351 155
351 156
351 159
351 160
351 196
351 218
351 247
351 261
351 314
351 349
351 365
351 381
351 388
351 395
351 452
351 456
351 482
351 495
352 39
352 63
352 84
352 96
352 123
352 163
352 180
352 189
352 201
352 205
352 237
352 256
352 294
352 299
352 305
352 309
352 372
352 385
352 393
352 420
352 449
352 467
353 81
353 132
353 145
353 154
353 226
353 270
353 313
353 317
353 327
353 331
353 359
353 363
353 371
353 418
353 424
354 61
354 98
354 308
354 315
354 333
354 376
355 6
355 15
355 19
355 23
355 52
355 70
355 77
355 92
355 97
355 113
355 128
355 158
355 172
355 186
355 190
355 205
355 206
355 222
355 223
355 240
355 245
355 249
355 281
355 289
355 291
355 293
355 306
355 309
355 367
355 377
355 378
355 387
355 404
355 421
355 422
355 423
355 428
355 437
355 441
355 443
355 460
355 474
355 498
356 51
356 105
356 114
356 127
356 171
356 194
356 235
356 268
356 269
356 276
356 361
356 462
356 464
356 469
356 499
357 1
357 12
357 37
357 59
357 68
357 73
357 91
357 125
357 131
357 138
357 152
357 169
357 199
357 208
357 213
357 214
357 248
357 257
357 262
357 273
357 290
357 368
357 398
357 475
357 476
357 484
357 488
357 494
358 28
358 51
358 58
358 105
358 106
358 114
358 127
358 158
358 171
358 197
358 207
358 230
358 235
358 268
358 269
358 276
358 286
358 292
358 305
358 361
358 410
358 438
358 464
358 469
358 492
358 499
359 17
359 38
359 81
359 102
359 111
359 126
359 132
359 145
359 154
359 203
359 226
359 270
359 296
359 313
359 317
359 327
359 331
359 346
359 353
359 371
359 386
359 418
359 424
360 10
360 74
360 75
360 139
360 198
360 212
360 258
360 264
360 310
360 338
360 350
360 458
360 470
361 51
361 58
361 105
361 106
361 114
361 127
361 150
361 171
361 197
361 207
361 235
361 268
361 269
361 276
361 286
361 292
361 303
361 329
361 342
361 356
361 358
361 376
361 410
361 435
361 438
361 469
361 492
361 499
362 7
362 11
362 192
362 195
362 220
362 295
362 370
362 391
362 451
362 462
363 3
363 13
363 18
363 25
363 29
363 31
363 33
363 63
363 86
363 88
363 119
363 133
363 136
363 141
363 143
363 157
363 161
363 164
363 169
363 183
363 216
363 219
363 221
363 245
363 252
363 253
363 260
363 262
363 276
363 310
363 311
363 329
363 353
363 378
363 382
363 384
363 389
363 402
363 407
363 408
363 409
363 414
363 421
363 439
363 449
363 468
363 493
363 496
363 499
364 22
364 46
364 57
364 58
364 107
364 108
364 133
364 148
364 178
364 179
364 185
364 187
364 209
364 215
364 231
364 288
364 318
364 322
364 374
364 384
364 412
365 8
365 14
365 16
365 27
365 65
365 130
365 141
365 150
365 155
365 156
365 160
365 175
365 247
365 274
365 314
365 349
365 351
365 374
365 381
365 388
365 395
365 452
365 482
366 4
366 21
366 45
366 55
366 87
366 93
366 112
366 140
366 188
366 193
366 287
366 302
366 399
366 429
366 434
366 444
366 446
366 451
367 158
367 172
367 291
367 306
367 355
367 441
368 7
368 11
368 55
368 71
368 100
368 101
368 102
368 110
368 160
368 165
368 183
368 192
368 195
368 202
368 209
368 220
368 221
368 223
368 227
368 229
368 260
368 269
368 272
368 277
368 295
368 315
368 316
368 337
368 339
368 348
368 357
368 370
368 379
368 389
368 391
368 416
368 436
368 443
368 451
368 462
368 473
368 486
368 493
369 10
369 75
369 88
369 139
369 198
369 264
369 285
369 338
369 430
369 465
370 7
370 11
370 55
370 71
370 86
370 92
370 97
370 100
370 101
370 102
370 110
370 161
370 163
370 165
370 192
370 195
370 202
370 209
370 220
370 227
370 229
370 272
370 277
370 284
370 295
370 297
370 314
370 315
370 316
370 337
370 339
370 362
370 368
370 376
370 379
370 391
370 416
370 436
370 443
370 451
370 455
370 462
370 463
370 471
370 473
370 483
370 486
371 24
371 38
371 44
371 81
371 103
371 111
371 112
371 126
371 132
371 145
371 154
371 191
371 203
371 226
371 255
371 258
371 265
371 270
371 288
371 296
371 313
371 317
371 327
371 331
371 339
371 346
371 353
371 359
371 386
371 392
371 394
371 418
371 424
372 39
372 84
372 90
372 96
372 139
372 163
372 175
372 180
372 189
372 201
372 237
372 256
372 282
372 294
372 299
372 305
372 352
372 393
372 420
372 449
372 467
373 35
373 69
373 89
373 151
373 200
373 267
373 332
373 335
373 459
373 477
373 497
374 22
374 35
374 108
374 178
374 179
374 185
374 187
374 215
374 231
374 288
374 318
374 322
374 364
374 365
374 384
374 412
374 491
375 47
375 89
375 151
375 198
375 267
375 332
375 347
375 459
376 26
376 41
376 61
376 72
376 79
376 98
376 109
376 116
376 122
376 137
376 142
376 184
376 194
376 204
376 254
376 283
376 298
376 307
376 308
376 333
376 354
376 361
376 370
376 403
376 421
376 490
377 70
377 77
377 92
377 97
377 113
377 128
377 158
377 172
377 186
377 190
377 206
377 219
377 222
377 223
377 249
377 291
377 293
377 306
377 309
377 311
377 317
377 338
377 355
377 378
377 387
377 422
377 428
377 441
377 460
377 474
378 70
378 77
378 92
378 97
378 113
378 157
378 158
378 172
378 186
378 206
378 222
378 223
378 229
378 249
378 291
378 293
378 306
378 309
378 327
378 355
378 363
378 377
378 422
378 441
378 460
378 474
379 1
379 7
379 11
379 55
379 71
379 101
379 102
379 110
379 112
379 119
379 165
379 169
379 177
379 181
379 184
379 192
379 195
379 200
379 202
379 209
379 220
379 222
379 227
379 229
379 272
379 277
379 284
379 295
379 315
379 316
379 336
379 337
379 339
379 368
379 370
379 391
379 413
379 416
379 424
379 436
379 443
379 451
379 462
379 463
379 473
379 483
379 486
380 50
380 159
380 221
380 301
380 423
380 450
380 455
380 485
381 8
381 14
381 16
381 27
381 49
381 65
381 77
381 118
381 130
381 135
381 141
381 150
381 151
381 155
381 156
381 160
381 210
381 218
381 238
381 239
381 247
381 261
381 274
381 294
381 300
381 314
381 328
381 337
381 349
381 351
381 365
381 383
381 388
381 395
381 417
381 431
381 452
381 456
381 482
381 488
382 29
382 63
382 65
382 86
382 88
382 110
382 119
382 133
382 136
382 137
382 143
382 157
382 159
382 161
382 169
382 183
382 216
382 219
382 221
382 229
382 245
382 252
382 260
382 310
382 311
382 329
382 363
382 389
382 402
382 407
382 408
382 421
382 468
382 493
382 496
383 16
383 119
383 155
383 160
383 314
383 381
383 395
384 22
384 46
384 54
384 57
384 82
384 107
384 108
384 148
384 178
384 179
384 187
384 209
384 215
384 225
384 231
384 288
384 318
384 322
384 363
384 364
384 374
384 412
384 491
385 0
385 36
385 39
385 48
385 84
385 90
385 96
385 123
385 158
385 163
385 175
385 180
385 189
385 196
385 201
385 205
385 236
385 237
385 243
385 256
385 294
385 299
385 304
385 305
385 313
385 349
385 352
385 393
385 406
385 420
385 432
385 449
385 461
385 467
385 472
386 38
386 145
386 270
386 293
386 317
386 327
386 359
386 371
386 424
387 158
387 172
387 206
387 222
387 223
387 249
387 291
387 293
387 306
387 309
387 355
387 377
387 441
387 474
388 14
388 16
388 27
388 65
388 118
388 130
388 135
388 141
388 150
388 155
388 156
388 160
388 170
388 215
388 221
388 247
388 314
388 327
388 349
388 351
388 365
388 381
388 395
388 452
388 482
389 3
389 18
389 25
389 29
389 31
389 33
389 60
389 63
389 80
389 86
389 88
389 92
389 113
389 119
389 120
389 133
389 136
389 143
389 157
389 161
389 164
389 169
389 183
389 195
389 216
389 219
389 221
389 229
389 245
389 252
389 253
389 260
389 310
389 311
389 329
389 363
389 368
389 382
389 402
389 407
389 408
389 409
389 421
389 426
389 439
389 441
389 468
389 493
389 496
390 66
390 80
390 99
390 162
390 211
390 275
390 320
390 393
390 419
391 7
391 11
391 22
391 55
391 61
391 71
391 86
391 101
391 102
391 110
391 121
391 124
391 165
391 192
391 195
391 202
391 209
391 220
391 222
391 229
391 270
391 272
391 280
391 295
391 299
391 311
391 315
391 316
391 337
391 339
391 345
391 362
391 368
391 370
391 379
391 413
391 416
391 436
391 443
391 451
391 462
391 463
391 473
391 483
391 486
392 126
392 145
392 154
392 203
392 270
392 317
392 327
392 331
392 371
392 424
392 452
393 39
393 84
393 90
393 96
393 123
393 163
393 180
393 189
393 201
393 205
393 237
393 256
393 294
393 299
393 305
393 352
393 372
393 385
393 390
393 420
393 449
393 467
393 477
394 145
394 154
394 252
394 270
394 317
394 371
395 8
395 14
395 16
395 27
395 49
395 65
395 118
395 130
395 135
395 141
395 150
395 155
395 156
395 160
395 170
395 197
395 210
395 218
395 238
395 239
395 247
395 261
395 274
395 300
395 308
395 314
395 315
395 349
395 351
395 365
395 381
395 383
395 388
395 431
395 452
395 456
395 482
395 495
395 499
396 10
396 42
396 74
396 75
396 83
396 139
396 198
396 212
396 264
396 297
396 319
396 338
396 350
396 430
396 458
396 460
396 465
396 470
397 10
397 42
397 74
397 75
397 101
397 139
397 198
397 212
397 264
397 338
397 350
397 412
397 430
397 458
397 470
398 1
398 12
398 59
398 68
398 73
398 91
398 125
398 131
398 152
398 199
398 208
398 213
398 219
398 248
398 257
398 273
398 283
398 357
398 475
398 476
398 484
398 488
399 21
399 45
399 87
399 302
399 366
399 429
400 40
400 50
400 62
400 104
400 121
400 133
400 146
400 147
400 159
400 200
400 259
400 423
400 450
400 455
400 481
400 485
401 69
401 85
401 89
401 151
401 169
401 174
401 267
401 279
401 332
401 459
401 497
402 29
402 63
402 86
402 88
402 119
402 133
402 136
402 157
402 161
402 169
402 183
402 216
402 219
402 221
402 245
402 252
402 260
402 310
402 311
402 329
402 363
402 382
402 389
402 408
402 421
402 452
402 462
402 468
402 493
402 496
403 26
403 49
403 61
403 72
403 137
403 142
403 194
403 308
403 333
403 376
404 17
404 53
404 66
404 67
404 80
404 99
404 120
404 123
404 136
404 149
404 162
404 166
404 173
404 211
404 234
404 263
404 275
404 282
404 320
404 355
404 419
404 442
404 445
404 453
404 478
405 50
405 159
405 176
405 232
405 301
405 423
405 450
405 455
405 485
406 27
406 38
406 39
406 84
406 96
406 163
406 180
406 189
406 201
406 205
406 237
406 256
406 294
406 299
406 305
406 385
406 420
406 449
406 467
407 29
407 63
407 86
407 88
407 119
407 133
407 136
407 157
407 161
407 169
407 183
407 202
407 216
407 219
407 221
407 245
407 252
407 260
407 310
407 311
407 329
407 363
407 382
407 389
407 408
407 421
407 442
407 468
407 493
407 496
408 29
408 63
408 86
408 88
408 119
408 133
408 136
408 157
408 161
408 169
408 183
408 195
408 216
408 219
408 221
408 245
408 252
408 260
408 310
408 311
408 329
408 363
408 382
408 389
408 402
408 407
408 419
408 421
408 450
408 468
408 493
408 496
408 499
409 86
409 88
409 119
409 133
409 157
409 161
409 216
409 219
409 245
409 260
409 329
409 363
409 389
409 496
410 28
410 51
410 58
410 105
410 106
410 110
410 114
410 127
410 171
410 197
410 230
410 235
410 241
410 246
410 268
410 269
410 276
410 292
410 303
410 323
410 358
410 361
410 438
410 453
410 464
410 467
410 469
410 492
410 499
411 172
411 206
411 222
411 223
411 249
411 441
412 22
412 54
412 57
412 82
412 95
412 107
412 148
412 165
412 178
412 179
412 187
412 215
412 225
412 231
412 237
412 288
412 318
412 322
412 364
412 374
412 384
412 397
412 491
413 11
413 101
413 165
413 192
413 195
413 379
413 391
414 133
414 136
414 216
414 219
414 260
414 363
414 496
415 63
415 86
415 88
415 119
415 136
415 161
415 169
416 101
416 195
416 209
416 316
416 368
416 370
416 379
416 391
416 462
416 486
417 16
417 43
417 130
417 150
417 155
417 160
417 247
417 314
417 349
417 381
417 452
418 68
418 81
418 145
418 154
418 203
418 270
418 317
418 327
418 331
418 353
418 359
418 371
418 424
419 17
419 32
419 53
419 61
419 64
419 66
419 67
419 78
419 80
419 82
419 99
419 120
419 149
419 162
419 166
419 173
419 211
419 217
419 233
419 234
419 250
419 263
419 275
419 282
419 320
419 324
419 326
419 390
419 404
419 408
419 442
419 445
419 453
419 478
419 480
420 0
420 39
420 48
420 56
420 84
420 90
420 96
420 123
420 163
420 165
420 175
420 180
420 189
420 192
420 196
420 201
420 205
420 237
420 243
420 256
420 270
420 294
420 299
420 304
420 305
420 311
420 347
420 352
420 372
420 385
420 393
420 406
420 432
420 449
420 461
420 467
420 472
420 479
421 25
421 29
421 63
421 86
421 88
421 99
421 119
421 133
421 136
421 143
421 157
421 161
421 169
421 183
421 205
421 216
421 219
421 221
421 245
421 252
421 260
421 310
421 311
421 329
421 355
421 363
421 376
421 382
421 389
421 402
421 407
421 408
421 468
421 486
421 493
421 496
422 47
422 77
422 92
422 97
422 113
422 158
422 172
422 206
422 222
422 223
422 249
422 291
422 293
422 306
422 309
422 355
422 377
422 378
422 441
422 451
422 460
422 468
422 474
423 50
423 62
423 147
423 159
423 176
423 181
423 200
423 232
423 259
423 280
423 301
423 306
423 355
423 380
423 400
423 405
423 450
423 455
423 481
423 485
424 38
424 44
424 53
424 81
424 89
424 103
424 126
424 132
424 145
424 154
424 203
424 226
424 255
424 265
424 270
424 296
424 317
424 327
424 331
424 353
424 359
424 371
424 379
424 386
424 392
424 418
425 51
425 105
425 127
425 129
425 235
425 269
425 309
425 499
426 63
426 86
426 88
426 119
426 136
426 157
426 161
426 169
426 183
426 216
426 221
426 245
426 252
426 260
426 311
426 329
426 389
426 468
426 493
426 496
427 158
427 172
427 222
427 223
427 249
427 291
427 293
427 306
427 309
428 77
428 92
428 158
428 172
428 206
428 222
428 291
428 293
428 306
428 309
428 355
428 377
428 441
429 21
429 45
429 87
429 93
429 99
429 112
429 140
429 154
429 183
429 188
429 193
429 228
429 251
429 266
429 271
429 287
429 302
429 330
429 366
429 399
429 434
429 444
429 446
429 487
429 494
430 10
430 42
430 55
430 74
430 75
430 83
430 139
430 198
430 212
430 264
430 285
430 297
430 315
430 319
430 338
430 340
430 350
430 369
430 396
430 397
430 440
430 458
430 465
430 470
431 14
431 16
431 150
431 155
431 160
431 247
431 314
431 381
431 395
431 472
432 145
432 201
432 237
432 256
432 299
432 305
432 385
432 420
432 467
433 26
433 61
433 72
433 98
433 142
433 482
434 4
434 11
434 21
434 45
434 87
434 93
434 95
434 112
434 188
434 193
434 251
434 266
434 271
434 287
434 330
434 366
434 429
434 444
434 446
434 494
435 51
435 105
435 106
435 235
435 269
435 276
435 361
435 441
435 469
436 7
436 11
436 101
436 110
436 165
436 192
436 195
436 202
436 209
436 220
436 229
436 295
436 315
436 316
436 337
436 339
436 368
436 370
436 379
436 391
436 443
436 451
436 462
436 486
437 158
437 172
437 206
437 222
437 223
437 249
437 291
437 306
437 309
437 355
437 441
438 51
438 85
438 105
438 106
438 114
438 127
438 171
438 235
438 269
438 276
438 278
438 358
438 361
438 410
438 492
438 499
439 63
439 86
439 88
439 119
439 133
439 136
439 157
439 161
439 169
439 183
439 216
439 219
439 245
439 252
439 260
439 310
439 311
439 329
439 363
439 389
439 468
439 493
439 496
440 1
440 10
440 26
440 42
440 74
440 75
440 117
440 139
440 198
440 212
440 264
440 285
440 297
440 319
440 338
440 350
440 430
440 458
440 465
440 470
441 6
441 9
441 23
441 52
441 70
441 77
441 92
441 97
441 113
441 128
441 144
441 158
441 172
441 186
441 190
441 206
441 222
441 223
441 240
441 249
441 252
441 271
441 281
441 289
441 291
441 293
441 306
441 309
441 355
441 367
441 377
441 378
441 387
441 389
441 411
441 422
441 428
441 435
441 437
441 460
441 474
441 498
442 17
442 53
442 64
442 66
442 78
442 80
442 88
442 99
442 120
442 121
442 149
442 162
442 166
442 173
442 211
442 217
442 233
442 234
442 250
442 275
442 282
442 320
442 324
442 326
442 404
442 407
442 419
442 453
443 7
443 11
443 54
443 55
443 71
443 101
443 102
443 110
443 165
443 192
443 195
443 202
443 209
443 220
443 226
443 229
443 272
443 295
443 315
443 316
443 329
443 337
443 339
443 355
443 368
443 370
443 379
443 391
443 436
443 451
443 460
443 462
443 486
443 493
444 21
444 93
444 188
444 209
444 251
444 302
444 366
444 429
444 434
444 494
445 53
445 66
445 67
445 73
445 80
445 99
445 120
445 166
445 173
445 211
445 234
445 275
445 404
445 419
445 499
446 4
446 41
446 87
446 93
446 193
446 212
446 228
446 251
446 330
446 366
446 429
446 434
447 86
447 157
447 169
447 216
447 252
447 260
447 311
447 496
448 22
448 54
448 178
448 179
448 187
448 288
448 322
448 477
449 39
449 84
449 96
449 123
449 163
449 180
449 189
449 201
449 205
449 236
449 237
449 256
449 268
449 294
449 299
449 305
449 352
449 363
449 372
449 385
449 393
449 406
449 420
449 467
450 40
450 50
450 62
450 104
450 105
450 121
450 134
450 146
450 147
450 153
450 159
450 176
450 181
450 200
450 232
450 259
450 280
450 301
450 350
450 380
450 400
450 405
450 408
450 423
450 455
450 481
450 485
451 7
451 10
451 11
451 55
451 71
451 88
451 91
451 92
451 100
451 101
451 102
451 110
451 165
451 177
451 192
451 195
451 202
451 209
451 220
451 227
451 229
451 237
451 272
451 291
451 295
451 315
451 316
451 336
451 337
451 339
451 345
451 348
451 362
451 366
451 368
451 370
451 379
451 391
451 422
451 436
451 443
451 462
451 473
451 486
451 493
452 8
452 14
452 16
452 27
452 49
452 65
452 118
452 130
452 135
452 141
452 150
452 155
452 156
452 160
452 210
452 247
452 261
452 274
452 300
452 314
452 316
452 349
452 351
452 365
452 381
452 388
452 392
452 395
452 402
452 417
452 482
453 17
453 53
453 64
453 66
453 80
453 120
453 166
453 173
453 211
453 233
453 234
453 256
453 275
453 404
453 410
453 419
453 442
454 35
454 85
454 89
454 151
454 267
454 332
454 335
454 477
454 495
455 46
455 50
455 62
455 104
455 121
455 134
455 146
455 147
455 153
455 159
455 176
455 181
455 200
455 232
455 259
455 280
455 301
455 370
455 380
455 400
455 405
455 423
455 450
455 481
455 485
456 16
456 150
456 155
456 160
456 351
456 381
456 395
457 10
457 75
457 198
457 212
457 264
457 335
457 338
458 10
458 30
458 42
458 74
458 75
458 83
458 117
458 139
458 156
458 182
458 189
458 198
458 212
458 221
458 258
458 264
458 285
458 297
458 319
458 334
458 338
458 340
458 350
458 360
458 396
458 397
458 430
458 440
458 465
458 470
459 35
459 47
459 69
459 85
459 89
459 117
459 130
459 144
459 151
459 174
459 267
459 279
459 312
459 332
459 335
459 373
459 375
459 401
459 477
459 497
460 77
460 92
460 97
460 113
460 158
460 172
460 206
460 222
460 223
460 249
460 291
460 293
460 306
460 309
460 355
460 377
460 378
460 396
460 422
460 441
460 443
460 474
461 39
461 180
461 201
461 256
461 279
461 294
461 305
461 385
461 420
461 467
462 7
462 11
462 55
462 71
462 101
462 102
462 110
462 136
462 139
462 155
462 158
462 165
462 171
462 177
462 192
462 195
462 202
462 209
462 220
462 229
462 252
462 272
462 277
462 295
462 315
462 316
462 337
462 339
462 345
462 356
462 362
462 368
462 370
462 379
462 391
462 402
462 416
462 436
462 443
462 451
462 464
462 473
462 486
463 7
463 11
463 101
463 165
463 192
463 195
463 229
463 316
463 337
463 339
463 370
463 379
463 391
463 486
464 28
464 51
464 58
464 105
464 106
464 110
464 114
464 127
464 171
464 197
464 212
464 235
464 241
464 269
464 276
464 303
464 323
464 356
464 358
464 410
464 462
464 469
464 492
464 499
465 10
465 30
465 42
465 59
465 74
465 75
465 139
465 198
465 212
465 264
465 285
465 297
465 319
465 338
465 350
465 369
465 396
465 430
465 440
465 458
465 470
465 486
466 1
466 68
466 73
466 199
466 257
466 484
467 0
467 39
467 48
467 56
467 62
467 84
467 89
467 96
467 123
467 163
467 171
467 175
467 180
467 189
467 201
467 205
467 237
467 243
467 244
467 256
467 294
467 299
467 304
467 305
467 352
467 372
467 385
467 393
467 406
467 410
467 420
467 432
467 449
467 461
467 479
468 3
468 13
468 18
468 25
468 29
468 31
468 33
468 55
468 63
468 86
468 88
468 119
468 133
468 136
468 143
468 157
468 161
468 164
468 169
468 183
468 202
468 206
468 216
468 219
468 221
468 235
468 245
468 252
468 253
468 260
468 309
468 310
468 311
468 316
468 329
468 363
468 382
468 389
468 402
468 407
468 408
468 421
468 422
468 426
468 439
468 493
468 496
469 28
469 51
469 58
469 105
469 106
469 114
469 127
469 171
469 197
469 207
469 216
469 230
469 235
469 268
469 269
469 276
469 292
469 303
469 308
469 323
469 329
469 342
469 356
469 358
469 361
469 410
469 435
469 464
469 492
469 499
470 10
470 30
470 42
470 74
470 75
470 83
470 115
470 117
470 134
470 139
470 182
470 195
470 198
470 212
470 258
470 264
470 285
470 297
470 308
470 319
470 334
470 338
470 350
470 360
470 396
470 397
470 430
470 440
470 458
470 465
471 11
471 101
471 192
471 229
471 316
471 339
471 370
472 39
472 161
472 163
472 189
472 201
472 237
472 256
472 294
472 299
472 305
472 385
472 420
472 431
473 7
473 11
473 101
473 110
473 165
473 192
473 195
473 202
473 209
473 220
473 229
473 295
473 315
473 316
473 337
473 339
473 368
473 370
473 379
473 391
473 451
473 462
473 486
474 70
474 77
474 92
474 97
474 113
474 158
474 172
474 173
474 206
474 216
474 222
474 223
474 229
474 249
474 291
474 293
474 306
474 309
474 355
474 377
474 378
474 387
474 422
474 441
474 460
474 496
475 1
475 59
475 68
475 73
475 152
475 199
475 208
475 213
475 248
475 257
475 357
475 398
475 476
475 478
475 484
476 1
476 12
476 37
476 68
476 73
476 86
476 131
476 138
476 152
476 199
476 208
476 213
476 214
476 257
476 357
476 398
476 475
476 484
476 488
476 493
477 20
477 34
477 35
477 69
477 85
477 89
477 144
477 151
477 267
477 321
477 332
477 335
477 344
477 373
477 393
477 448
477 454
477 459
477 497
478 66
478 99
478 120
478 149
478 173
478 234
478 275
478 404
478 419
478 475
479 96
479 256
479 299
479 305
479 420
479 467
480 53
480 66
480 80
480 99
480 120
480 149
480 173
480 275
480 419
481 62
481 121
481 147
481 159
481 181
481 200
481 232
481 259
481 280
481 282
481 346
481 400
481 423
481 450
481 455
481 485
482 14
482 16
482 65
482 130
482 141
482 150
482 155
482 156
482 160
482 212
482 247
482 314
482 351
482 365
482 381
482 388
482 395
482 433
482 452
483 7
483 229
483 316
483 337
483 339
483 370
483 379
483 391
484 1
484 12
484 37
484 43
484 59
484 61
484 68
484 73
484 91
484 106
484 125
484 131
484 138
484 152
484 167
484 199
484 208
484 213
484 214
484 242
484 248
484 257
484 262
484 273
484 290
484 314
484 325
484 357
484 398
484 466
484 475
484 476
484 488
485 50
485 62
485 121
485 134
485 146
485 147
485 153
485 159
485 176
485 181
485 200
485 232
485 259
485 272
485 280
485 301
485 316
485 380
485 400
485 405
485 423
485 450
485 455
485 481
486 7
486 11
486 55
486 71
486 101
486 102
486 110
486 124
486 139
486 165
486 177
486 192
486 195
486 202
486 209
486 220
486 229
486 245
486 252
486 267
486 272
486 277
486 288
486 295
486 315
486 316
486 329
486 336
486 337
486 339
486 348
486 368
486 370
486 379
486 391
486 416
486 421
486 436
486 443
486 451
486 462
486 463
486 465
486 473
487 87
487 93
487 251
487 302
487 337
487 429
487 494
488 1
488 12
488 37
488 43
488 59
488 68
488 73
488 125
488 138
488 152
488 199
488 208
488 213
488 257
488 291
488 357
488 381
488 398
488 476
488 484
489 10
489 75
489 139
489 154
489 198
489 212
489 264
489 338
490 26
490 61
490 79
490 94
490 98
490 122
490 129
490 137
490 142
490 184
490 194
490 254
490 308
490 333
490 341
490 376
491 22
491 54
491 57
491 82
491 107
491 178
491 179
491 187
491 215
491 225
491 288
491 306
491 322
491 374
491 384
491 412
492 28
492 51
492 58
492 105
492 106
492 114
492 118
492 127
492 161
492 171
492 207
492 230
492 235
492 241
492 268
492 269
492 272
492 276
492 278
492 286
492 292
492 303
492 323
492 343
492 358
492 361
492 410
492 438
492 464
492 469
492 499
493 8
493 18
493 25
493 29
493 31
493 33
493 60
493 63
493 84
493 86
493 88
493 119
493 133
493 136
493 143
493 155
493 157
493 161
493 164
493 169
493 183
493 216
493 219
493 221
493 245
493 252
493 253
493 260
493 273
493 292
493 310
493 311
493 329
493 363
493 368
493 382
493 389
493 402
493 407
493 408
493 421
493 426
493 439
493 443
493 451
493 468
493 476
493 496
494 251
494 271
494 357
494 429
494 434
494 444
494 487
495 16
495 141
495 150
495 155
495 156
495 160
495 247
495 249
495 314
495 349
495 351
495 395
495 454
496 3
496 13
496 18
496 25
496 29
496 33
496 60
496 63
496 77
496 86
496 88
496 101
496 119
496 133
496 136
496 143
496 157
496 161
496 169
496 175
496 183
496 216
496 219
496 221
496 245
496 251
496 252
496 253
496 260
496 287
496 293
496 310
496 311
496 329
496 363
496 382
496 389
496 402
496 407
496 408
496 409
496 414
496 421
496 426
496 439
496 447
496 468
496 474
496 493
497 20
497 35
497 47
497 69
497 74
497 85
497 89
497 144
497 151
497 174
497 267
497 312
497 321
497 332
497 335
497 337
497 373
497 401
497 459
497 477
498 158
498 172
498 223
498 291
498 293
498 306
498 309
498 355
498 441
499 5
499 28
499 51
499 58
499 105
499 106
499 114
499 127
499 171
499 197
499 207
499 235
499 241
499 246
499 268
499 269
499 276
499 278
499 286
499 292
499 303
499 323
499 343
499 356
499 358
499 361
499 363
499 395
499 408
499 410
499 425
499 438
499 445
499 464
499 469
499 492
