500 9444
1	28
1	58
1	59
1	77
1	83
1	85
1	99
1	120
1	312
1	484
2	195
2	215
2	286
2	291
2	344
2	372
2	377
2	397
2	398
2	488
3	164
3	304
3	373
3	402
3	417
3	419
3	427
3	429
3	430
3	434
4	17
4	112
4	161
4	173
4	191
4	224
4	235
4	237
4	247
4	374
5	9
5	65
5	76
5	92
5	110
5	117
5	141
5	186
5	420
5	437
6	20
6	31
6	69
6	72
6	149
6	155
6	163
6	179
6	410
6	489
7	71
7	108
7	112
7	113
7	161
7	173
7	224
7	235
7	237
7	251
8	15
8	388
8	389
8	411
8	439
8	456
8	457
8	468
8	490
8	491
9	5
9	19
9	49
9	92
9	110
9	111
9	117
9	186
9	351
9	479
10	35
10	54
10	183
10	218
10	233
10	238
10	287
10	310
10	312
10	484
11	276
11	305
11	334
11	339
11	390
11	419
11	440
11	447
11	449
11	485
12	40
12	128
12	133
12	139
12	147
12	158
12	236
12	265
12	441
12	461
13	134
13	174
13	181
13	203
13	206
13	261
13	269
13	270
13	278
13	443
14	346
14	355
14	360
14	365
14	374
14	381
14	391
14	406
14	462
14	486
15	8
15	131
15	232
15	400
15	407
15	411
15	414
15	439
15	457
15	468
16	103
16	129
16	183
16	188
16	218
16	238
16	240
16	310
16	463
16	466
17	4
17	26
17	71
17	76
17	173
17	191
17	224
17	235
17	237
17	365
18	52
18	106
18	113
18	229
18	284
18	314
18	315
18	331
18	353
18	366
19	9
19	49
19	65
19	76
19	111
19	117
19	141
19	186
19	412
19	439
20	6
20	31
20	44
20	72
20	74
20	125
20	137
20	142
20	149
20	179
21	268
21	381
21	459
21	460
21	474
21	475
21	476
21	478
21	480
21	482
22	168
22	364
22	369
22	401
22	418
22	419
22	420
22	421
22	449
22	450
23	392
23	416
23	424
23	433
23	435
23	463
23	469
23	471
23	485
23	486
24	142
24	168
24	226
24	266
24	273
24	279
24	283
24	285
24	290
24	313
25	136
25	160
25	162
25	193
25	247
25	329
25	347
25	356
25	375
25	378
26	17
26	112
26	161
26	173
26	191
26	224
26	235
26	237
26	442
26	470
27	133
27	139
27	156
27	158
27	172
27	236
27	246
27	265
27	438
27	487
28	1
28	41
28	58
28	77
28	83
28	85
28	99
28	120
28	228
28	499
29	38
29	120
29	135
29	228
29	314
29	347
29	356
29	375
29	378
29	387
30	324
30	348
30	363
30	373
30	402
30	417
30	427
30	430
30	434
30	498
31	6
31	20
31	74
31	137
31	149
31	155
31	163
31	179
31	320
31	401
32	242
32	256
32	401
32	410
32	418
32	421
32	440
32	447
32	449
32	450
33	43
33	349
33	371
33	384
33	403
33	404
33	414
33	421
33	433
33	438
34	177
34	386
34	462
34	481
34	492
34	493
34	495
34	496
34	498
34	500
35	10
35	129
35	183
35	188
35	238
35	240
35	310
35	312
35	447
35	498
36	118
36	254
36	256
36	280
36	281
36	289
36	306
36	326
36	329
36	384
37	250
37	304
37	307
37	373
37	417
37	427
37	429
37	430
37	434
37	493
38	29
38	151
38	260
38	287
38	301
38	347
38	356
38	375
38	387
38	480
39	351
39	425
39	453
39	460
39	463
39	469
39	470
39	482
39	485
39	486
40	12
40	94
40	133
40	147
40	158
40	236
40	246
40	265
40	422
40	483
41	28
41	58
41	59
41	77
41	83
41	85
41	99
41	120
41	395
41	434
42	63
42	126
42	140
42	174
42	196
42	255
42	298
42	327
42	335
42	487
43	33
43	70
43	144
43	243
43	271
43	298
43	327
43	335
43	354
43	482
44	20
44	241
44	337
44	407
44	418
44	420
44	421
44	449
44	450
44	453
45	371
45	385
45	408
45	424
45	435
45	453
45	464
45	469
45	485
45	486
46	101
46	125
46	175
46	360
46	405
46	417
46	427
46	429
46	430
46	434
47	143
47	390
47	401
47	418
47	421
47	440
47	447
47	449
47	450
47	488
48	88
48	118
48	212
48	281
48	289
48	294
48	295
48	306
48	326
48	329
49	9
49	19
49	92
49	110
49	111
49	117
49	141
49	186
49	277
49	495
50	107
50	305
50	400
50	403
50	433
50	438
50	456
50	457
50	468
50	476
51	80
51	98
51	213
51	273
51	277
51	279
51	283
51	290
51	313
51	496
52	18
52	116
52	254
52	303
52	314
52	315
52	341
52	353
52	366
52	499
53	377
53	390
53	394
53	437
53	465
53	473
53	474
53	476
53	480
53	482
54	10
54	81
54	121
54	188
54	233
54	238
54	310
54	312
54	434
54	451
55	181
55	189
55	203
55	207
55	261
55	269
55	270
55	278
55	308
55	488
56	57
56	75
56	138
56	185
56	216
56	222
56	231
56	248
56	383
56	405
57	56
57	84
57	138
57	185
57	225
57	231
57	244
57	248
57	386
57	495
58	1
58	28
58	41
58	59
58	77
58	85
58	99
58	120
58	247
58	457
59	1
59	41
59	58
59	77
59	83
59	85
59	99
59	120
59	178
59	433
60	71
60	280
60	281
60	289
60	294
60	295
60	306
60	326
60	329
60	481
61	250
61	363
61	377
61	402
61	417
61	427
61	429
61	430
61	434
61	457
62	159
62	256
62	280
62	289
62	295
62	306
62	326
62	329
62	385
62	496
63	42
63	124
63	174
63	193
63	227
63	255
63	307
63	327
63	335
63	354
64	129
64	131
64	392
64	408
64	425
64	453
64	469
64	470
64	485
64	486
65	5
65	19
65	76
65	92
65	110
65	117
65	121
65	141
65	186
65	411
66	207
66	308
66	436
66	444
66	454
66	477
66	484
66	490
66	491
66	498
67	154
67	210
67	292
67	317
67	332
67	358
67	374
67	391
67	400
67	406
67	451
68	253
68	264
68	399
68	402
68	405
68	417
68	427
68	429
68	430
68	434
68	478
69	6
69	72
69	74
69	125
69	137
69	149
69	155
69	163
69	179
69	448
69	492
70	43
70	105
70	140
70	243
70	298
70	307
70	325
70	327
70	335
70	354
70	468
71	7
71	17
71	60
71	108
71	161
71	173
71	191
71	224
71	235
71	237
71	410
72	6
72	20
72	69
72	125
72	137
72	149
72	155
72	163
72	179
72	385
72	472
73	221
73	251
73	315
73	344
73	372
73	377
73	380
73	382
73	397
73	398
73	449
74	20
74	31
74	69
74	125
74	137
74	149
74	155
74	159
74	163
74	179
74	492
75	56
75	132
75	143
75	185
75	187
75	225
75	231
75	244
75	248
75	497
75	500
76	5
76	17
76	19
76	65
76	92
76	110
76	111
76	117
76	141
76	186
76	435
77	1
77	28
77	41
77	58
77	59
77	83
77	85
77	99
77	120
77	457
77	492
78	174
78	202
78	243
78	255
78	271
78	298
78	307
78	327
78	354
78	483
78	493
79	132
79	146
79	152
79	187
79	222
79	225
79	231
79	244
79	248
79	421
79	487
80	51
80	200
80	266
80	277
80	279
80	283
80	285
80	290
80	312
80	313
80	372
81	54
81	118
81	121
81	129
81	183
81	198
81	218
81	233
81	240
81	310
81	312
82	112
82	148
82	177
82	223
82	245
82	258
82	299
82	302
82	311
82	333
82	499
83	1
83	28
83	41
83	59
83	77
83	85
83	99
83	120
83	387
83	467
83	500
84	57
84	143
84	146
84	187
84	190
84	191
84	209
84	216
84	225
84	244
84	248
85	1
85	28
85	41
85	58
85	59
85	77
85	83
85	99
85	120
85	348
85	474
86	162
86	164
86	286
86	291
86	321
86	322
86	344
86	372
86	380
86	397
86	398
87	172
87	323
87	337
87	383
87	400
87	453
87	463
87	464
87	469
87	470
87	486
88	48
88	182
88	215
88	251
88	321
88	344
88	372
88	377
88	380
88	397
88	398
89	104
89	280
89	281
89	285
89	294
89	295
89	306
89	326
89	327
89	329
89	436
90	201
90	243
90	359
90	386
90	435
90	453
90	464
90	469
90	470
90	485
90	486
91	239
91	305
91	388
91	411
91	414
91	438
91	439
91	455
91	456
91	457
91	468
92	5
92	9
92	49
92	65
92	76
92	110
92	111
92	141
92	186
92	346
92	409
93	122
93	127
93	245
93	257
93	258
93	267
93	299
93	302
93	311
93	333
93	440
94	40
94	139
94	147
94	156
94	158
94	172
94	236
94	246
94	265
94	477
94	495
95	142
95	189
95	195
95	206
95	207
95	261
95	269
95	270
95	278
95	285
95	460
96	177
96	217
96	223
96	245
96	258
96	267
96	302
96	311
96	333
96	396
96	417
97	275
97	415
97	422
97	428
97	471
97	472
97	477
97	484
97	489
97	490
97	491
98	51
98	165
98	180
98	196
98	284
98	296
98	303
98	315
98	341
98	366
98	440
99	1
99	28
99	41
99	58
99	59
99	77
99	83
99	85
99	120
99	258
99	351
100	221
100	230
100	244
100	251
100	286
100	368
100	372
100	377
100	380
100	397
100	398
101	46
101	198
101	225
101	304
101	402
101	405
101	417
101	429
101	430
101	434
101	453
102	257
102	395
102	432
102	433
102	443
102	444
102	472
102	483
102	484
102	489
102	491
103	16
103	121
103	129
103	188
103	233
103	238
103	240
103	310
103	312
103	348
103	438
104	89
104	159
104	256
104	289
104	294
104	295
104	306
104	326
104	329
104	443
104	484
105	70
105	124
105	140
105	144
105	210
105	233
105	271
105	307
105	327
105	335
105	354
106	18
106	371
106	388
106	389
106	404
106	411
106	414
106	431
106	433
106	457
106	468
107	50
107	339
107	368
107	407
107	410
107	419
107	440
107	447
107	449
107	450
107	464
108	7
108	71
108	112
108	154
108	161
108	173
108	191
108	224
108	235
108	237
108	454
109	168
109	412
109	456
109	460
109	465
109	473
109	474
109	476
109	478
109	480
109	482
110	5
110	9
110	49
110	65
110	76
110	92
110	111
110	141
110	186
110	192
110	405
111	9
111	19
111	49
111	76
111	92
111	110
111	117
111	141
111	186
111	476
111	496
112	4
112	7
112	26
112	82
112	108
112	161
112	173
112	191
112	224
112	235
112	237
112	349
113	7
113	18
113	123
113	165
113	284
113	296
113	303
113	315
113	331
113	353
113	366
113	485
114	166
114	282
114	317
114	346
114	358
114	360
114	374
114	375
114	381
114	391
114	406
114	485
115	193
115	228
115	259
115	260
115	336
115	347
115	356
115	362
115	375
115	378
115	387
115	412
116	52
116	165
116	275
116	296
116	303
116	314
116	322
116	331
116	341
116	353
116	366
116	452
117	5
117	9
117	19
117	49
117	65
117	76
117	111
117	118
117	141
117	186
117	193
117	391
118	36
118	48
118	81
118	117
118	280
118	281
118	294
118	295
118	306
118	326
118	329
118	427
119	184
119	264
119	386
119	396
119	436
119	441
119	471
119	483
119	484
119	489
119	490
119	491
120	1
120	28
120	29
120	41
120	58
120	59
120	77
120	83
120	85
120	99
120	167
120	362
121	54
121	65
121	81
121	103
121	183
121	188
121	200
121	218
121	233
121	240
121	310
121	312
122	93
122	148
122	223
122	257
122	258
122	267
122	299
122	311
122	321
122	333
122	373
122	474
123	113
123	165
123	196
123	275
123	284
123	296
123	303
123	341
123	353
123	366
123	447
123	464
124	63
124	105
124	243
124	255
124	271
124	298
124	307
124	327
124	335
124	354
124	455
124	490
125	20
125	46
125	69
125	72
125	74
125	137
125	149
125	155
125	163
125	179
125	418
125	428
126	42
126	140
126	255
126	271
126	298
126	307
126	324
126	327
126	335
126	354
126	360
126	429
127	93
127	258
127	300
127	379
127	383
127	408
127	425
127	435
127	464
127	469
127	485
127	486
128	12
128	133
128	147
128	156
128	158
128	172
128	236
128	246
128	265
128	453
128	468
128	491
129	16
129	35
129	64
129	81
129	103
129	188
129	218
129	233
129	284
129	310
129	312
129	477
130	316
130	414
130	455
130	479
130	492
130	493
130	494
130	495
130	496
130	497
130	498
130	499
131	15
131	64
131	319
131	342
131	371
131	400
131	403
131	435
131	438
131	456
131	457
131	468
132	75
132	79
132	152
132	171
132	185
132	187
132	190
132	216
132	222
132	225
132	231
132	361
133	12
133	27
133	40
133	128
133	139
133	147
133	156
133	190
133	236
133	246
133	265
133	430
134	13
134	181
134	195
134	206
134	207
134	261
134	269
134	270
134	278
134	392
134	428
134	431
135	29
135	150
135	151
135	193
135	259
135	260
135	336
135	356
135	375
135	378
135	387
135	473
136	25
136	182
136	359
136	383
136	424
136	437
136	453
136	463
136	464
136	477
136	485
136	486
137	20
137	31
137	69
137	72
137	74
137	125
137	149
137	155
137	163
137	179
137	430
137	495
138	56
138	57
138	146
138	185
138	187
138	190
138	216
138	244
138	248
138	353
138	382
138	447
139	12
139	27
139	94
139	133
139	147
139	158
139	172
139	236
139	246
139	265
139	288
139	421
140	42
140	70
140	105
140	126
140	255
140	271
140	287
140	298
140	307
140	335
140	354
140	463
141	5
141	19
141	49
141	65
141	76
141	92
141	110
141	111
141	117
141	186
141	394
141	468
142	20
142	24
142	95
142	395
142	452
142	465
142	473
142	474
142	475
142	476
142	480
142	482
143	47
143	75
143	84
143	147
143	152
143	185
143	216
143	222
143	225
143	231
143	244
143	471
144	43
144	105
144	174
144	243
144	255
144	298
144	307
144	327
144	335
144	337
144	354
144	416
145	203
145	217
145	343
145	368
145	390
145	419
145	420
145	440
145	447
145	449
145	450
145	462
146	79
146	84
146	138
146	152
146	187
146	190
146	216
146	222
146	225
146	231
146	244
146	475
146	498
147	12
147	40
147	94
147	128
147	133
147	139
147	143
147	156
147	158
147	172
147	236
147	246
147	304
148	82
148	122
148	201
148	217
148	245
148	257
148	267
148	299
148	302
148	311
148	333
148	396
148	411
149	6
149	20
149	31
149	69
149	72
149	74
149	125
149	137
149	155
149	163
149	179
149	259
149	312
150	135
150	160
150	228
150	259
150	260
150	301
150	336
150	347
150	375
150	378
150	387
150	420
150	450
151	38
151	135
151	162
151	166
151	260
151	301
151	347
151	356
151	375
151	378
151	387
151	445
151	483
152	79
152	132
152	143
152	146
152	190
152	216
152	222
152	231
152	244
152	248
152	403
152	416
152	486
153	182
153	225
153	291
153	392
153	425
153	435
153	453
153	463
153	464
153	469
153	470
153	485
153	486
154	67
154	108
154	232
154	309
154	332
154	355
154	365
154	374
154	381
154	391
154	406
154	480
154	483
155	6
155	31
155	69
155	72
155	74
155	125
155	137
155	149
155	163
155	179
155	192
155	292
155	343
156	27
156	94
156	128
156	133
156	147
156	158
156	172
156	236
156	246
156	265
156	483
156	490
156	496
157	218
157	345
157	436
157	444
157	445
157	454
157	458
157	472
157	483
157	484
157	489
157	490
157	491
158	12
158	27
158	40
158	94
158	128
158	139
158	147
158	156
158	172
158	246
158	265
158	404
158	498
159	62
159	74
159	104
159	256
159	280
159	281
159	289
159	294
159	306
159	326
159	329
159	486
159	491
160	25
160	150
160	162
160	247
160	259
160	301
160	336
160	356
160	375
160	378
160	387
160	469
160	497
161	4
161	7
161	26
161	71
161	108
161	112
161	191
161	224
161	235
161	237
161	297
161	414
161	467
162	25
162	86
162	151
162	160
162	228
162	237
162	247
162	301
162	336
162	347
162	356
162	378
162	387
163	6
163	31
163	69
163	72
163	74
163	125
163	137
163	149
163	155
163	179
163	220
163	323
163	464
164	3
164	86
164	194
164	239
164	272
164	286
164	291
164	344
164	377
164	380
164	397
164	398
164	487
165	98
165	113
165	116
165	123
165	180
165	275
165	284
165	314
165	331
165	341
165	366
165	410
165	411
166	114
166	151
166	361
166	422
166	488
166	492
166	493
166	494
166	495
166	496
166	497
166	499
166	500
167	120
167	191
167	264
167	363
167	373
167	402
167	405
167	417
167	427
167	429
167	430
167	434
167	456
168	22
168	24
168	109
168	226
168	266
168	273
168	277
168	279
168	283
168	285
168	290
168	313
168	427
169	205
169	362
169	423
169	460
169	465
169	473
169	474
169	475
169	476
169	478
169	480
169	482
169	490
170	236
170	300
170	359
170	383
170	408
170	424
170	442
170	453
170	463
170	464
170	469
170	485
170	486
171	132
171	302
171	395
171	437
171	439
171	459
171	465
171	474
171	475
171	476
171	478
171	480
171	482
172	27
172	87
172	94
172	128
172	139
172	147
172	156
172	158
172	236
172	246
172	265
172	402
172	481
173	4
173	7
173	17
173	26
173	71
173	108
173	112
173	191
173	224
173	235
173	237
173	397
173	435
174	13
174	42
174	63
174	78
174	144
174	175
174	243
174	255
174	307
174	327
174	335
174	350
174	354
175	46
175	174
175	184
175	189
175	324
175	363
175	402
175	405
175	417
175	427
175	429
175	430
175	434
175	488
176	307
176	399
176	479
176	481
176	487
176	490
176	492
176	493
176	494
176	496
176	497
176	498
176	499
176	500
177	34
177	82
177	96
177	217
177	245
177	257
177	258
177	267
177	299
177	302
177	311
177	333
177	452
177	458
178	59
178	202
178	313
178	319
178	349
178	388
178	389
178	404
178	411
178	433
178	439
178	456
178	457
178	468
179	6
179	20
179	31
179	69
179	72
179	74
179	125
179	137
179	149
179	155
179	163
179	384
179	424
179	468
180	98
180	165
180	220
180	275
180	284
180	303
180	310
180	314
180	328
180	331
180	341
180	353
180	366
180	435
181	13
181	55
181	134
181	189
181	195
181	203
181	207
181	250
181	261
181	269
181	270
181	278
181	289
181	426
182	88
182	136
182	153
182	260
182	262
182	338
182	392
182	416
182	424
182	464
182	469
182	470
182	485
182	486
183	10
183	16
183	35
183	81
183	121
183	188
183	218
183	233
183	238
183	240
183	281
183	310
183	379
183	449
184	119
184	175
184	227
184	250
184	304
184	345
184	363
184	373
184	405
184	417
184	427
184	429
184	434
184	447
185	56
185	57
185	75
185	132
185	138
185	143
185	216
185	222
185	231
185	244
185	248
185	378
185	413
185	418
186	5
186	9
186	19
186	49
186	65
186	76
186	92
186	110
186	111
186	117
186	141
186	347
186	415
186	443
187	75
187	79
187	84
187	132
187	138
187	146
187	190
187	222
187	225
187	231
187	248
187	338
187	353
187	393
188	16
188	35
188	54
188	103
188	121
188	129
188	183
188	218
188	238
188	240
188	310
188	312
188	455
188	488
189	55
189	95
189	175
189	181
189	195
189	203
189	206
189	207
189	261
189	269
189	270
189	278
189	358
189	427
190	84
190	132
190	133
190	138
190	146
190	152
190	187
190	216
190	222
190	225
190	244
190	248
190	334
190	373
191	4
191	17
191	26
191	71
191	84
191	108
191	112
191	161
191	167
191	173
191	222
191	224
191	235
191	237
192	110
192	155
192	204
192	306
192	338
192	383
192	425
192	453
192	463
192	464
192	469
192	470
192	485
192	486
193	25
193	63
193	115
193	117
193	135
193	247
193	267
193	301
193	336
193	347
193	356
193	375
193	378
193	387
194	164
194	230
194	239
194	251
194	286
194	291
194	321
194	344
194	372
194	380
194	397
194	398
194	441
194	472
195	2
195	95
195	134
195	181
195	189
195	203
195	206
195	207
195	261
195	269
195	270
195	278
195	362
195	420
196	42
196	98
196	123
196	220
196	237
196	275
196	284
196	314
196	315
196	331
196	341
196	353
196	366
196	470
197	248
197	271
197	334
197	337
197	364
197	368
197	390
197	407
197	410
197	420
197	421
197	440
197	447
197	450
198	81
198	101
198	250
198	254
198	324
198	363
198	402
198	405
198	417
198	427
198	429
198	430
198	434
198	478
199	317
199	357
199	364
199	384
199	389
199	403
199	404
199	411
199	414
199	433
199	439
199	456
199	457
199	461
200	80
200	121
200	213
200	226
200	266
200	273
200	277
200	279
200	283
200	285
200	290
200	313
200	338
200	342
201	90
201	148
201	284
201	338
201	359
201	383
201	417
201	425
201	435
201	453
201	463
201	464
201	485
201	486
202	78
202	178
202	206
202	249
202	319
202	345
202	371
202	384
202	389
202	400
202	403
202	438
202	468
202	496
203	13
203	55
203	145
203	181
203	189
203	195
203	206
203	207
203	261
203	269
203	270
203	278
203	421
203	492
204	192
204	229
204	318
204	359
204	379
204	435
204	436
204	441
204	463
204	464
204	470
204	485
204	486
204	500
205	169
205	332
205	346
205	385
205	396
205	432
205	441
205	454
205	472
205	477
205	483
205	489
205	490
205	491
206	13
206	95
206	134
206	189
206	195
206	202
206	203
206	207
206	261
206	269
206	270
206	278
206	432
206	438
207	55
207	66
207	95
207	134
207	181
207	189
207	195
207	203
207	206
207	261
207	269
207	270
207	278
207	495
208	320
208	333
208	341
208	432
208	441
208	442
208	445
208	459
208	472
208	477
208	483
208	489
208	490
208	491
209	84
209	327
209	431
209	479
209	481
209	488
209	492
209	494
209	495
209	496
209	497
209	498
209	499
209	500
210	67
210	105
210	232
210	282
210	293
210	309
210	317
210	355
210	358
210	365
210	381
210	391
210	406
210	473
211	234
211	262
211	412
211	460
211	465
211	472
211	473
211	474
211	475
211	476
211	478
211	480
211	482
211	489
212	48
212	263
212	399
212	432
212	441
212	442
212	454
212	471
212	477
212	483
212	484
212	489
212	490
212	491
213	51
213	200
213	226
213	266
213	273
213	277
213	279
213	283
213	285
213	290
213	309
213	313
213	365
213	459
214	279
214	318
214	367
214	392
214	415
214	441
214	454
214	472
214	477
214	483
214	484
214	489
214	490
214	491
215	2
215	88
215	221
215	230
215	273
215	286
215	291
215	344
215	372
215	377
215	380
215	397
215	398
215	422
216	56
216	84
216	132
216	138
216	143
216	146
216	152
216	185
216	190
216	225
216	231
216	248
216	293
216	388
216	402
217	96
217	145
217	148
217	177
217	223
217	245
217	257
217	258
217	267
217	299
217	302
217	311
217	333
217	355
217	479
218	10
218	16
218	81
218	121
218	129
218	157
218	183
218	188
218	233
218	238
218	240
218	310
218	311
218	312
218	412
219	340
219	362
219	368
219	437
219	452
219	460
219	465
219	473
219	474
219	476
219	478
219	480
219	482
219	488
219	497
220	163
220	180
220	196
220	275
220	284
220	296
220	303
220	314
220	315
220	331
220	341
220	353
220	366
220	491
220	495
221	73
221	100
221	215
221	239
221	251
221	291
221	321
221	372
221	377
221	380
221	383
221	397
221	398
221	400
221	486
222	56
222	79
222	132
222	143
222	146
222	152
222	185
222	187
222	190
222	191
222	225
222	244
222	248
222	426
222	449
223	82
223	96
223	122
223	217
223	245
223	257
223	258
223	264
223	267
223	299
223	302
223	311
223	333
223	393
223	397
224	4
224	7
224	17
224	26
224	71
224	108
224	112
224	161
224	173
224	191
224	235
224	237
224	318
224	338
224	351
225	57
225	75
225	79
225	84
225	101
225	132
225	143
225	146
225	153
225	187
225	190
225	216
225	222
225	244
225	335
226	24
226	168
226	200
226	213
226	266
226	273
226	277
226	279
226	283
226	285
226	290
226	313
226	393
226	425
226	448
227	63
227	184
227	253
227	304
227	324
227	373
227	397
227	402
227	405
227	417
227	427
227	429
227	430
227	434
227	480
228	28
228	29
228	115
228	150
228	162
228	247
228	259
228	293
228	336
228	347
228	356
228	375
228	378
228	387
228	499
229	18
229	204
229	250
229	309
229	392
229	416
229	424
229	425
229	435
229	453
229	463
229	469
229	470
229	485
229	486
230	100
230	194
230	215
230	239
230	286
230	321
230	344
230	372
230	377
230	380
230	397
230	398
230	466
230	482
230	500
231	56
231	57
231	75
231	79
231	132
231	143
231	146
231	152
231	185
231	187
231	216
231	248
231	429
231	445
231	493
232	15
232	154
232	210
232	261
232	282
232	346
232	355
232	358
232	360
232	365
232	374
232	381
232	391
232	406
232	451
233	10
233	54
233	81
233	103
233	105
233	121
233	129
233	183
233	218
233	238
233	240
233	310
233	312
233	436
233	452
234	211
234	236
234	297
234	412
234	418
234	437
234	452
234	459
234	465
234	474
234	476
234	478
234	480
234	482
234	499
235	4
235	7
235	17
235	26
235	71
235	108
235	112
235	161
235	173
235	191
235	224
235	237
235	260
235	353
235	424
236	12
236	27
236	40
236	94
236	128
236	133
236	139
236	147
236	156
236	170
236	172
236	234
236	246
236	265
236	430
237	4
237	7
237	17
237	26
237	71
237	108
237	112
237	161
237	162
237	173
237	191
237	196
237	224
237	235
237	256
238	10
238	16
238	35
238	54
238	103
238	183
238	188
238	218
238	233
238	240
238	310
238	312
238	352
238	372
238	489
239	91
239	164
239	194
239	221
239	230
239	251
239	321
239	344
239	372
239	377
239	380
239	397
239	398
239	401
239	458
240	16
240	35
240	81
240	103
240	121
240	183
240	188
240	218
240	233
240	238
240	304
240	310
240	312
240	325
240	499
241	44
241	343
241	364
241	393
241	401
241	407
241	419
241	420
241	421
241	440
241	444
241	447
241	448
241	449
241	450
242	32
242	282
242	297
242	394
242	395
242	408
242	412
242	452
242	460
242	473
242	475
242	476
242	478
242	480
242	482
243	43
243	70
243	78
243	90
243	124
243	144
243	174
243	255
243	271
243	279
243	298
243	307
243	335
243	349
243	354
244	57
244	75
244	79
244	84
244	100
244	138
244	143
244	146
244	152
244	185
244	190
244	222
244	225
244	384
244	442
245	82
245	93
245	96
245	148
245	177
245	217
245	223
245	257
245	291
245	299
245	302
245	311
245	330
245	333
245	476
246	27
246	40
246	94
246	128
246	133
246	139
246	147
246	156
246	158
246	172
246	236
246	248
246	265
246	283
246	468
247	4
247	25
247	58
247	160
247	162
247	193
247	228
247	259
247	301
247	336
247	347
247	356
247	375
247	378
247	387
247	428
248	56
248	57
248	75
248	79
248	84
248	138
248	152
248	185
248	187
248	190
248	197
248	216
248	222
248	231
248	246
248	453
249	202
249	288
249	361
249	371
249	384
249	388
249	397
249	400
249	403
249	411
249	433
249	438
249	439
249	443
249	456
249	468
250	37
250	61
250	181
250	184
250	198
250	229
250	264
250	324
250	373
250	402
250	405
250	427
250	429
250	430
250	434
250	466
251	7
251	73
251	88
251	100
251	194
251	221
251	239
251	321
251	361
251	372
251	377
251	380
251	397
251	398
251	441
251	496
252	315
252	321
252	426
252	439
252	458
252	461
252	467
252	487
252	492
252	494
252	495
252	496
252	497
252	498
252	499
252	500
253	68
253	227
253	264
253	299
253	304
253	324
253	354
253	363
253	373
253	402
253	405
253	417
253	418
253	427
253	429
253	430
254	36
254	52
254	198
254	350
254	396
254	415
254	434
254	442
254	444
254	445
254	472
254	477
254	483
254	484
254	489
254	490
255	42
255	63
255	78
255	124
255	126
255	140
255	144
255	174
255	243
255	271
255	290
255	298
255	301
255	327
255	329
255	354
256	32
256	36
256	62
256	104
256	159
256	237
256	280
256	281
256	289
256	294
256	295
256	306
256	326
256	329
256	459
256	499
257	93
257	102
257	122
257	148
257	177
257	217
257	223
257	245
257	258
257	267
257	299
257	302
257	311
257	333
257	445
257	456
258	82
258	93
258	96
258	99
258	122
258	127
258	177
258	217
258	223
258	257
258	267
258	299
258	302
258	311
258	333
258	446
259	115
259	135
259	149
259	150
259	160
259	228
259	247
259	260
259	301
259	336
259	347
259	372
259	375
259	378
259	387
259	412
260	38
260	115
260	135
260	150
260	151
260	182
260	235
260	259
260	265
260	336
260	347
260	356
260	375
260	378
260	387
260	448
261	13
261	55
261	95
261	134
261	181
261	189
261	195
261	203
261	206
261	207
261	232
261	269
261	270
261	278
261	379
261	382
262	182
262	211
262	263
262	322
262	404
262	412
262	423
262	437
262	459
262	460
262	465
262	474
262	475
262	476
262	480
262	482
263	212
263	262
263	451
263	464
263	466
263	487
263	488
263	492
263	493
263	494
263	495
263	496
263	497
263	498
263	499
263	500
264	68
264	119
264	167
264	223
264	250
264	253
264	304
264	324
264	363
264	373
264	405
264	418
264	427
264	429
264	430
264	434
265	12
265	27
265	40
265	94
265	128
265	133
265	139
265	156
265	158
265	172
265	236
265	246
265	260
265	286
265	442
265	494
266	24
266	80
266	168
266	200
266	213
266	226
266	273
266	277
266	279
266	283
266	285
266	288
266	290
266	313
266	322
266	500
267	93
267	96
267	122
267	148
267	177
267	193
267	217
267	223
267	257
267	258
267	299
267	302
267	311
267	333
267	359
267	425
268	21
268	366
268	422
268	457
268	466
268	481
268	487
268	488
268	493
268	494
268	495
268	496
268	497
268	498
268	499
268	500
269	13
269	55
269	95
269	134
269	181
269	189
269	195
269	203
269	206
269	207
269	261
269	270
269	278
269	439
269	442
269	466
270	13
270	55
270	95
270	134
270	181
270	189
270	195
270	203
270	206
270	207
270	261
270	269
270	278
270	289
270	409
270	452
271	43
271	78
271	105
271	124
271	126
271	140
271	197
271	243
271	255
271	307
271	327
271	335
271	354
271	376
271	491
271	492
272	164
272	359
272	361
272	389
272	394
272	395
272	423
272	452
272	459
272	473
272	474
272	475
272	476
272	478
272	480
272	482
273	24
273	51
273	168
273	200
273	213
273	215
273	226
273	266
273	277
273	279
273	283
273	285
273	290
273	313
273	356
273	441
274	367
274	385
274	391
274	428
274	432
274	444
274	445
274	471
274	472
274	474
274	476
274	477
274	484
274	489
274	490
274	491
275	97
275	116
275	123
275	165
275	180
275	196
275	220
275	296
275	315
275	331
275	341
275	353
275	366
275	377
275	466
275	489
276	11
276	318
276	343
276	346
276	401
276	407
276	410
276	418
276	419
276	420
276	426
276	440
276	447
276	449
276	450
276	487
277	49
277	51
277	80
277	168
277	200
277	213
277	226
277	266
277	273
277	279
277	283
277	285
277	290
277	313
277	370
277	403
277	490
278	13
278	55
278	95
278	134
278	181
278	189
278	195
278	203
278	206
278	207
278	261
278	269
278	270
278	303
278	387
278	406
278	425
279	24
279	51
279	80
279	168
279	200
279	213
279	214
279	226
279	243
279	266
279	273
279	277
279	283
279	285
279	290
279	313
279	314
280	36
280	60
280	62
280	89
280	118
280	159
280	256
280	281
280	289
280	294
280	295
280	306
280	307
280	326
280	329
280	401
280	437
281	36
281	48
281	60
281	89
281	118
281	159
281	183
281	256
281	280
281	289
281	294
281	295
281	301
281	306
281	326
281	329
281	493
282	114
282	210
282	232
282	242
282	332
282	346
282	355
282	358
282	360
282	365
282	374
282	381
282	386
282	388
282	391
282	406
282	495
283	24
283	51
283	80
283	168
283	200
283	213
283	226
283	246
283	266
283	273
283	277
283	279
283	284
283	285
283	290
283	313
283	373
284	18
284	98
284	113
284	123
284	129
284	165
284	180
284	196
284	201
284	220
284	283
284	296
284	303
284	314
284	331
284	341
284	353
285	24
285	80
285	89
285	95
285	168
285	200
285	213
285	226
285	266
285	273
285	277
285	279
285	283
285	290
285	313
285	417
285	439
286	2
286	86
286	100
286	164
286	194
286	215
286	230
286	265
286	291
286	321
286	344
286	372
286	377
286	380
286	397
286	398
286	413
287	10
287	38
287	140
287	325
287	340
287	394
287	423
287	459
287	460
287	465
287	473
287	474
287	475
287	476
287	478
287	480
287	482
288	139
288	249
288	266
288	300
288	319
288	357
288	389
288	403
288	404
288	411
288	414
288	433
288	438
288	439
288	456
288	457
288	468
289	36
289	48
289	60
289	62
289	104
289	159
289	181
289	256
289	270
289	280
289	281
289	294
289	295
289	306
289	326
289	329
289	440
290	24
290	51
290	80
290	168
290	200
290	213
290	226
290	255
290	266
290	273
290	277
290	279
290	283
290	285
290	313
290	326
290	441
291	2
291	86
291	153
291	164
291	194
291	215
291	221
291	245
291	286
291	321
291	344
291	372
291	377
291	380
291	397
291	398
291	471
292	67
292	155
292	293
292	309
292	323
292	332
292	345
292	346
292	355
292	358
292	360
292	365
292	374
292	381
292	391
292	406
292	446
293	210
293	216
293	228
293	292
293	309
293	317
293	332
293	355
293	358
293	360
293	365
293	374
293	381
293	391
293	406
293	493
293	498
294	48
294	60
294	89
294	104
294	118
294	159
294	256
294	280
294	281
294	289
294	295
294	306
294	312
294	329
294	378
294	423
294	449
295	48
295	60
295	62
295	89
295	104
295	118
295	256
295	280
295	281
295	289
295	294
295	306
295	326
295	329
295	333
295	454
295	471
296	98
296	113
296	116
296	123
296	220
296	275
296	284
296	303
296	314
296	315
296	331
296	341
296	353
296	366
296	375
296	438
296	444
297	161
297	234
297	242
297	340
297	361
297	394
297	433
297	437
297	452
297	459
297	473
297	475
297	476
297	478
297	480
297	482
297	490
298	42
298	43
298	70
298	78
298	124
298	126
298	140
298	144
298	243
298	255
298	300
298	307
298	313
298	327
298	335
298	354
298	392
299	82
299	93
299	122
299	148
299	177
299	217
299	223
299	245
299	253
299	257
299	258
299	267
299	302
299	311
299	333
299	423
299	494
300	127
300	170
300	288
300	298
300	303
300	318
300	338
300	379
300	408
300	416
300	424
300	435
300	453
300	463
300	464
300	470
300	485
300	486
301	38
301	150
301	151
301	160
301	162
301	193
301	247
301	255
301	259
301	281
301	336
301	347
301	356
301	375
301	378
301	387
301	475
301	479
302	82
302	93
302	96
302	148
302	171
302	177
302	217
302	223
302	245
302	257
302	258
302	267
302	299
302	311
302	333
302	370
302	454
302	478
303	52
303	98
303	113
303	116
303	123
303	180
303	220
303	278
303	284
303	296
303	300
303	314
303	315
303	331
303	341
303	353
303	366
303	459
304	3
304	37
304	101
304	147
304	184
304	227
304	240
304	253
304	264
304	324
304	373
304	388
304	402
304	405
304	427
304	429
304	430
304	434
305	11
305	50
305	91
305	319
305	342
305	349
305	357
305	370
305	384
305	388
305	400
305	433
305	438
305	456
305	457
305	460
305	468
305	496
306	36
306	48
306	60
306	62
306	89
306	104
306	118
306	159
306	192
306	256
306	280
306	281
306	289
306	294
306	295
306	326
306	455
306	494
307	37
307	63
307	70
307	78
307	105
307	124
307	126
307	140
307	144
307	174
307	176
307	243
307	271
307	280
307	298
307	335
307	347
307	354
308	55
308	66
308	320
308	330
308	367
308	428
308	432
308	436
308	443
308	444
308	445
308	456
308	471
308	483
308	484
308	489
308	490
308	491
309	154
309	210
309	213
309	229
309	292
309	293
309	317
309	332
309	346
309	355
309	358
309	360
309	365
309	374
309	381
309	391
309	406
309	435
310	10
310	16
310	35
310	54
310	81
310	103
310	121
310	129
310	180
310	183
310	188
310	218
310	233
310	238
310	240
310	312
310	458
310	462
311	82
311	93
311	96
311	122
311	148
311	177
311	217
311	218
311	223
311	245
311	257
311	258
311	267
311	299
311	302
311	333
311	352
311	373
312	1
312	10
312	35
312	54
312	80
312	81
312	103
312	121
312	129
312	149
312	188
312	218
312	233
312	238
312	240
312	294
312	310
312	380
313	24
313	51
313	80
313	168
313	178
313	200
313	213
313	226
313	266
313	273
313	277
313	279
313	283
313	285
313	290
313	298
313	315
313	500
314	18
314	29
314	52
314	116
314	165
314	180
314	196
314	220
314	279
314	284
314	296
314	303
314	315
314	331
314	341
314	347
314	353
314	366
315	18
315	52
315	73
315	98
315	113
315	196
315	220
315	252
315	275
315	296
315	303
315	313
315	314
315	331
315	341
315	353
315	366
315	436
316	130
316	325
316	361
316	362
316	395
316	423
316	452
316	459
316	460
316	465
316	473
316	474
316	475
316	478
316	479
316	480
316	482
316	484
317	67
317	114
317	199
317	210
317	293
317	309
317	320
317	332
317	346
317	355
317	358
317	360
317	365
317	374
317	381
317	391
317	406
317	454
318	204
318	214
318	224
318	276
318	300
318	323
318	327
318	379
318	383
318	392
318	408
318	416
318	424
318	453
318	463
318	469
318	470
318	485
318	486
319	131
319	178
319	202
319	288
319	305
319	345
319	349
319	389
319	391
319	405
319	411
319	414
319	433
319	438
319	439
319	456
319	457
319	467
319	468
320	31
320	208
320	308
320	317
320	391
320	393
320	432
320	436
320	443
320	444
320	454
320	471
320	472
320	477
320	483
320	484
320	489
320	490
320	491
321	86
321	88
321	122
321	194
321	221
321	230
321	239
321	251
321	252
321	286
321	291
321	344
321	372
321	377
321	380
321	397
321	398
321	399
321	414
322	86
322	116
322	262
322	266
322	361
322	395
322	403
322	423
322	437
322	452
322	459
322	460
322	465
322	473
322	474
322	475
322	476
322	478
322	480
323	87
323	163
323	292
323	318
323	351
323	379
323	383
323	392
323	408
323	416
323	425
323	435
323	452
323	464
323	469
323	470
323	475
323	485
323	486
324	30
324	126
324	175
324	198
324	227
324	250
324	253
324	264
324	304
324	360
324	363
324	389
324	402
324	405
324	417
324	427
324	429
324	430
324	434
325	70
325	240
325	287
325	316
325	340
325	361
325	423
325	433
325	437
325	452
325	459
325	473
325	474
325	475
325	476
325	478
325	480
325	482
325	485
326	36
326	48
326	60
326	62
326	89
326	104
326	118
326	159
326	256
326	280
326	281
326	289
326	290
326	295
326	306
326	327
326	329
326	330
326	494
327	42
327	43
327	63
327	70
327	78
327	89
327	105
327	124
327	126
327	144
327	174
327	209
327	255
327	271
327	298
327	318
327	326
327	335
327	354
328	180
328	344
328	385
328	458
328	462
328	466
328	479
328	481
328	487
328	488
328	492
328	493
328	494
328	495
328	496
328	497
328	498
328	499
328	500
329	25
329	36
329	48
329	60
329	62
329	89
329	104
329	118
329	159
329	255
329	256
329	280
329	281
329	289
329	294
329	295
329	326
329	383
329	489
330	245
330	308
330	326
330	350
330	360
330	432
330	441
330	442
330	443
330	454
330	461
330	471
330	472
330	477
330	483
330	484
330	489
330	490
330	491
331	18
331	113
331	116
331	165
331	180
331	196
331	220
331	275
331	284
331	296
331	303
331	314
331	315
331	332
331	341
331	353
331	366
331	431
331	487
332	67
332	154
332	205
332	282
332	292
332	293
332	309
332	317
332	331
332	346
332	355
332	358
332	360
332	365
332	374
332	381
332	391
332	406
332	455
333	82
333	93
333	96
333	122
333	148
333	177
333	208
333	217
333	223
333	245
333	257
333	258
333	267
333	295
333	299
333	302
333	311
333	464
333	478
334	11
334	190
334	197
334	343
334	362
334	364
334	368
334	390
334	401
334	406
334	407
334	410
334	418
334	419
334	421
334	435
334	440
334	447
334	449
334	450
335	42
335	43
335	63
335	70
335	105
335	124
335	126
335	140
335	144
335	174
335	225
335	243
335	271
335	298
335	307
335	327
335	354
335	440
335	450
335	485
336	115
336	135
336	150
336	160
336	162
336	193
336	228
336	247
336	259
336	260
336	301
336	347
336	354
336	356
336	375
336	377
336	378
336	387
336	433
336	474
337	44
337	87
337	144
337	197
337	343
337	364
337	368
337	401
337	407
337	410
337	418
337	419
337	420
337	421
337	424
337	429
337	440
337	447
337	449
337	450
338	182
338	187
338	192
338	200
338	201
338	224
338	300
338	359
338	383
338	416
338	424
338	425
338	453
338	463
338	464
338	469
338	470
338	471
338	485
338	486
339	11
339	107
339	343
339	364
339	368
339	390
339	407
339	410
339	417
339	418
339	419
339	420
339	421
339	440
339	447
339	449
339	450
339	472
339	480
339	490
340	219
340	287
340	297
340	325
340	377
340	383
340	412
340	452
340	459
340	460
340	461
340	465
340	473
340	474
340	475
340	476
340	478
340	480
340	482
340	493
341	52
341	98
341	116
341	123
341	165
341	180
341	196
341	208
341	220
341	275
341	284
341	296
341	303
341	314
341	315
341	331
341	353
341	400
341	444
341	463
342	131
342	200
342	305
342	345
342	349
342	371
342	384
342	388
342	389
342	400
342	403
342	404
342	411
342	414
342	433
342	439
342	457
342	465
342	468
342	477
342	481
343	145
343	155
343	241
343	276
343	334
343	337
343	339
343	359
343	390
343	401
343	410
343	418
343	419
343	420
343	421
343	440
343	447
343	449
343	450
343	451
343	463
344	2
344	73
344	86
344	88
344	164
344	194
344	215
344	230
344	239
344	286
344	291
344	321
344	328
344	372
344	377
344	380
344	397
344	398
344	439
344	456
344	467
345	157
345	184
345	202
345	292
345	319
345	342
345	347
345	349
345	371
345	384
345	388
345	389
345	400
345	403
345	404
345	411
345	438
345	439
345	456
345	457
345	468
346	14
346	92
346	114
346	205
346	232
346	276
346	282
346	292
346	309
346	317
346	332
346	355
346	358
346	360
346	365
346	374
346	380
346	381
346	391
346	406
346	445
347	25
347	29
347	38
347	115
347	150
347	151
347	162
347	186
347	193
347	228
347	247
347	259
347	260
347	301
347	307
347	314
347	336
347	345
347	356
347	375
347	387
348	30
348	85
348	103
348	365
348	370
348	436
348	448
348	458
348	466
348	467
348	481
348	487
348	488
348	492
348	493
348	494
348	495
348	497
348	498
348	499
348	500
349	33
349	112
349	178
349	243
349	305
349	319
349	342
349	345
349	357
349	371
349	384
349	388
349	403
349	404
349	411
349	437
349	438
349	451
349	456
349	457
349	468
350	174
350	254
350	330
350	351
350	385
350	393
350	415
350	428
350	442
350	443
350	445
350	471
350	472
350	477
350	483
350	484
350	488
350	489
350	490
350	491
350	498
351	9
351	39
351	99
351	224
351	323
351	350
351	379
351	383
351	392
351	408
351	416
351	424
351	425
351	435
351	453
351	463
351	464
351	469
351	470
351	485
351	486
352	238
352	311
352	367
352	386
352	388
352	393
352	415
352	432
352	436
352	443
352	444
352	445
352	454
352	469
352	471
352	472
352	483
352	484
352	489
352	490
352	491
353	18
353	52
353	113
353	116
353	123
353	138
353	180
353	187
353	196
353	220
353	235
353	275
353	284
353	296
353	303
353	314
353	315
353	331
353	341
353	366
353	473
354	43
354	63
354	70
354	78
354	105
354	124
354	126
354	140
354	144
354	174
354	243
354	253
354	255
354	271
354	298
354	307
354	327
354	335
354	336
354	368
354	374
354	462
355	14
355	154
355	210
355	217
355	232
355	282
355	292
355	293
355	309
355	317
355	332
355	346
355	358
355	360
355	365
355	374
355	380
355	381
355	391
355	406
355	408
355	500
356	25
356	29
356	38
356	115
356	135
356	151
356	160
356	162
356	193
356	228
356	247
356	260
356	273
356	301
356	336
356	347
356	375
356	378
356	387
356	398
356	428
356	444
357	199
357	288
357	305
357	349
357	371
357	372
357	388
357	389
357	392
357	400
357	403
357	404
357	411
357	425
357	433
357	438
357	439
357	456
357	457
357	468
357	494
357	498
358	67
358	114
358	189
358	210
358	232
358	282
358	292
358	293
358	309
358	317
358	332
358	346
358	355
358	360
358	365
358	367
358	369
358	374
358	381
358	391
358	405
358	406
359	90
359	136
359	170
359	201
359	204
359	267
359	272
359	338
359	343
359	383
359	405
359	408
359	424
359	425
359	435
359	437
359	453
359	463
359	464
359	470
359	485
359	486
360	14
360	46
360	114
360	126
360	232
360	282
360	292
360	293
360	309
360	317
360	324
360	330
360	332
360	346
360	355
360	358
360	365
360	374
360	381
360	391
360	406
360	447
361	132
361	166
361	249
361	251
361	272
361	297
361	316
361	322
361	325
361	362
361	395
361	415
361	423
361	452
361	459
361	460
361	465
361	473
361	475
361	478
361	480
361	482
362	115
362	120
362	169
362	195
362	219
362	316
362	334
362	361
362	365
362	394
362	412
362	423
362	437
362	452
362	459
362	460
362	474
362	475
362	476
362	478
362	480
362	482
363	30
363	61
363	167
363	175
363	184
363	198
363	253
363	264
363	324
363	373
363	376
363	402
363	405
363	417
363	419
363	427
363	429
363	430
363	434
363	448
363	481
363	483
364	22
364	197
364	199
364	241
364	334
364	337
364	339
364	368
364	390
364	393
364	401
364	407
364	410
364	418
364	419
364	420
364	440
364	447
364	449
364	450
364	477
364	492
365	14
365	17
365	154
365	210
365	213
365	232
365	282
365	292
365	293
365	309
365	317
365	332
365	346
365	348
365	355
365	358
365	360
365	362
365	374
365	381
365	391
365	406
366	18
366	52
366	98
366	113
366	116
366	123
366	165
366	180
366	196
366	220
366	268
366	275
366	296
366	303
366	314
366	315
366	331
366	353
366	434
366	476
366	478
366	484
367	214
367	274
367	308
367	352
367	358
367	386
367	396
367	406
367	415
367	436
367	441
367	442
367	445
367	451
367	471
367	472
367	477
367	484
367	489
367	490
367	491
367	497
368	100
368	107
368	145
368	197
368	219
368	334
368	337
368	339
368	354
368	364
368	390
368	407
368	410
368	418
368	419
368	420
368	421
368	434
368	440
368	445
368	447
368	449
368	450
369	22
369	358
369	431
369	448
369	451
369	458
369	460
369	461
369	462
369	473
369	479
369	481
369	487
369	488
369	492
369	493
369	494
369	495
369	496
369	497
369	498
369	499
369	500
370	277
370	302
370	305
370	348
370	413
370	451
370	455
370	458
370	466
370	467
370	479
370	487
370	488
370	491
370	492
370	493
370	494
370	495
370	496
370	497
370	498
370	499
370	500
371	33
371	45
371	106
371	131
371	202
371	249
371	342
371	345
371	349
371	357
371	384
371	389
371	403
371	404
371	406
371	413
371	433
371	438
371	439
371	456
371	457
371	468
371	491
372	2
372	73
372	80
372	86
372	88
372	100
372	194
372	215
372	221
372	230
372	238
372	239
372	251
372	259
372	286
372	291
372	321
372	344
372	357
372	377
372	380
372	397
372	398
373	3
373	30
373	37
373	122
373	167
373	184
373	190
373	227
373	250
373	253
373	264
373	283
373	304
373	311
373	363
373	402
373	405
373	417
373	427
373	429
373	430
373	434
373	473
374	4
374	14
374	67
374	114
374	154
374	232
374	282
374	292
374	293
374	309
374	317
374	332
374	346
374	354
374	355
374	358
374	360
374	365
374	381
374	391
374	406
374	419
374	441
375	25
375	29
375	38
375	114
375	115
375	135
375	150
375	151
375	160
375	193
375	228
375	247
375	259
375	260
375	296
375	301
375	336
375	347
375	356
375	378
375	387
375	419
375	487
376	271
376	363
376	394
376	448
376	451
376	455
376	458
376	461
376	462
376	467
376	479
376	481
376	482
376	488
376	492
376	493
376	494
376	495
376	496
376	497
376	498
376	499
376	500
377	2
377	53
377	61
377	73
377	88
377	100
377	164
377	215
377	221
377	230
377	239
377	251
377	275
377	286
377	291
377	321
377	336
377	340
377	344
377	372
377	380
377	397
377	398
378	25
378	29
378	115
378	135
378	150
378	151
378	160
378	162
378	185
378	193
378	228
378	247
378	259
378	260
378	294
378	301
378	336
378	356
378	375
378	387
378	389
378	421
378	473
379	127
379	183
379	204
379	261
379	300
379	318
379	323
379	351
379	392
379	408
379	416
379	424
379	425
379	435
379	453
379	454
379	463
379	464
379	469
379	470
379	485
379	486
379	495
380	73
380	86
380	88
380	100
380	164
380	194
380	215
380	221
380	230
380	239
380	251
380	286
380	291
380	312
380	321
380	344
380	346
380	355
380	372
380	377
380	397
380	398
380	406
381	14
381	21
381	114
381	154
381	210
381	232
381	282
381	292
381	293
381	309
381	317
381	332
381	346
381	355
381	358
381	360
381	365
381	374
381	385
381	386
381	391
381	406
381	462
381	480
382	73
382	138
382	261
382	409
382	446
382	448
382	450
382	451
382	452
382	461
382	462
382	466
382	467
382	487
382	488
382	492
382	493
382	494
382	495
382	496
382	497
382	498
382	499
382	500
383	56
383	87
383	127
383	136
383	170
383	192
383	201
383	221
383	318
383	323
383	329
383	338
383	340
383	351
383	359
383	387
383	392
383	416
383	435
383	464
383	469
383	470
383	485
383	486
384	33
384	36
384	179
384	199
384	202
384	244
384	249
384	305
384	342
384	345
384	349
384	371
384	387
384	388
384	389
384	400
384	404
384	414
384	416
384	433
384	438
384	456
384	457
384	468
385	45
385	62
385	72
385	205
385	274
385	328
385	350
385	381
385	396
385	415
385	428
385	436
385	441
385	442
385	443
385	445
385	454
385	472
385	477
385	483
385	484
385	489
385	490
385	491
386	34
386	57
386	90
386	119
386	282
386	352
386	367
386	381
386	393
386	396
386	428
386	436
386	441
386	442
386	444
386	445
386	454
386	471
386	477
386	483
386	484
386	489
386	490
386	491
387	29
387	38
387	83
387	115
387	135
387	150
387	151
387	160
387	162
387	193
387	228
387	247
387	259
387	260
387	278
387	301
387	336
387	347
387	356
387	375
387	378
387	383
387	384
387	412
388	8
388	91
388	106
388	178
388	216
388	249
388	282
388	304
388	305
388	342
388	345
388	349
388	352
388	357
388	384
388	389
388	400
388	403
388	414
388	433
388	439
388	456
388	457
388	468
388	471
389	8
389	106
389	178
389	199
389	202
389	272
389	288
389	319
389	324
389	342
389	345
389	357
389	371
389	378
389	384
389	388
389	403
389	404
389	414
389	438
389	439
389	456
389	468
389	476
389	485
390	11
390	47
390	53
390	145
390	197
390	334
390	339
390	343
390	364
390	368
390	391
390	401
390	407
390	410
390	418
390	419
390	420
390	421
390	440
390	447
390	449
390	450
390	478
390	489
390	497
391	14
391	67
391	114
391	117
391	154
391	210
391	232
391	274
391	282
391	292
391	293
391	309
391	317
391	319
391	320
391	332
391	346
391	355
391	358
391	360
391	365
391	374
391	381
391	390
391	406
392	23
392	64
392	134
392	153
392	182
392	214
392	229
392	298
392	318
392	323
392	351
392	357
392	379
392	383
392	408
392	416
392	424
392	425
392	453
392	463
392	469
392	470
392	482
392	485
392	486
393	187
393	223
393	226
393	241
393	320
393	350
393	352
393	364
393	386
393	415
393	428
393	432
393	436
393	441
393	442
393	443
393	444
393	445
393	454
393	472
393	477
393	483
393	489
393	490
393	491
394	53
394	141
394	242
394	272
394	287
394	297
394	362
394	376
394	395
394	397
394	412
394	416
394	423
394	437
394	452
394	459
394	460
394	465
394	473
394	474
394	475
394	476
394	478
394	482
394	486
395	41
395	102
395	142
395	171
395	242
395	272
395	316
395	322
395	361
395	394
395	412
395	415
395	428
395	437
395	450
395	452
395	459
395	460
395	465
395	473
395	475
395	476
395	478
395	480
395	482
396	96
396	119
396	148
396	205
396	254
396	367
396	385
396	386
396	428
396	432
396	436
396	441
396	442
396	454
396	471
396	472
396	477
396	478
396	483
396	484
396	489
396	490
396	491
396	496
396	497
397	2
397	73
397	86
397	88
397	100
397	164
397	173
397	194
397	215
397	221
397	223
397	227
397	230
397	239
397	249
397	251
397	286
397	291
397	321
397	344
397	372
397	377
397	380
397	394
397	398
398	2
398	73
398	86
398	88
398	100
398	164
398	194
398	215
398	221
398	230
398	239
398	251
398	286
398	291
398	321
398	344
398	356
398	372
398	377
398	380
398	397
398	443
398	477
398	492
398	496
399	68
399	176
399	212
399	321
399	406
399	426
399	446
399	455
399	461
399	462
399	466
399	467
399	469
399	479
399	481
399	487
399	488
399	492
399	493
399	494
399	496
399	497
399	498
399	499
399	500
400	15
400	50
400	67
400	87
400	131
400	202
400	221
400	249
400	305
400	341
400	342
400	345
400	357
400	384
400	388
400	404
400	411
400	414
400	433
400	438
400	439
400	446
400	456
400	457
400	468
401	22
401	31
401	32
401	47
401	239
401	241
401	276
401	280
401	334
401	337
401	343
401	364
401	390
401	407
401	410
401	418
401	419
401	420
401	421
401	440
401	447
401	449
401	450
401	476
401	493
402	3
402	30
402	61
402	68
402	101
402	167
402	172
402	175
402	198
402	216
402	227
402	250
402	253
402	304
402	324
402	363
402	373
402	405
402	408
402	409
402	417
402	427
402	429
402	430
402	434
402	472
403	33
403	50
403	131
403	152
403	199
403	202
403	249
403	277
403	288
403	322
403	342
403	345
403	349
403	357
403	371
403	388
403	389
403	411
403	414
403	426
403	432
403	433
403	438
403	439
403	456
403	468
404	33
404	106
404	158
404	178
404	199
404	262
404	288
404	342
404	345
404	349
404	357
404	371
404	384
404	389
404	400
404	414
404	426
404	433
404	438
404	439
404	456
404	457
404	460
404	468
404	469
404	474
405	46
405	56
405	68
405	101
405	110
405	167
405	175
405	184
405	198
405	227
405	250
405	253
405	264
405	304
405	319
405	324
405	358
405	359
405	363
405	373
405	402
405	417
405	427
405	429
405	430
405	434
406	14
406	67
406	114
406	154
406	210
406	232
406	278
406	282
406	292
406	293
406	309
406	317
406	332
406	334
406	346
406	355
406	358
406	360
406	365
406	367
406	371
406	374
406	380
406	381
406	391
406	399
407	15
407	44
407	107
407	197
407	241
407	276
407	334
407	337
407	339
407	364
407	368
407	390
407	401
407	410
407	418
407	419
407	420
407	421
407	432
407	440
407	447
407	449
407	450
407	456
407	462
407	493
408	45
408	64
408	127
408	170
408	242
408	300
408	318
408	323
408	351
408	355
408	359
408	379
408	392
408	402
408	409
408	416
408	424
408	425
408	452
408	453
408	463
408	464
408	469
408	470
408	485
408	486
409	92
409	270
409	382
409	402
409	408
409	422
409	446
409	455
409	458
409	461
409	462
409	466
409	469
409	479
409	481
409	487
409	488
409	492
409	493
409	494
409	495
409	496
409	497
409	498
409	499
409	500
410	6
410	32
410	71
410	107
410	165
410	197
410	276
410	334
410	337
410	339
410	343
410	364
410	368
410	390
410	401
410	407
410	418
410	419
410	420
410	421
410	440
410	447
410	449
410	450
410	481
410	489
410	494
411	8
411	15
411	65
411	91
411	106
411	148
411	165
411	178
411	199
411	249
411	288
411	319
411	342
411	345
411	349
411	357
411	400
411	403
411	414
411	433
411	439
411	456
411	457
411	468
411	481
411	496
411	497
412	19
412	109
412	115
412	211
412	218
412	234
412	242
412	259
412	262
412	340
412	362
412	387
412	394
412	395
412	423
412	437
412	452
412	459
412	460
412	465
412	473
412	474
412	475
412	476
412	478
412	480
412	482
413	185
413	286
413	370
413	371
413	431
413	446
413	448
413	450
413	455
413	461
413	466
413	467
413	478
413	479
413	480
413	481
413	487
413	488
413	492
413	493
413	494
413	495
413	496
413	497
413	498
413	499
413	500
414	15
414	33
414	91
414	106
414	130
414	161
414	199
414	288
414	319
414	321
414	342
414	384
414	388
414	389
414	400
414	403
414	404
414	411
414	433
414	438
414	439
414	456
414	457
414	462
414	468
414	472
414	475
415	97
415	186
415	214
415	254
415	350
415	352
415	361
415	367
415	385
415	393
415	395
415	416
415	432
415	436
415	442
415	443
415	444
415	445
415	454
415	471
415	477
415	483
415	484
415	489
415	490
415	491
415	494
416	23
416	144
416	152
416	182
416	229
416	300
416	318
416	323
416	338
416	351
416	379
416	383
416	384
416	392
416	394
416	408
416	415
416	424
416	425
416	435
416	453
416	463
416	464
416	469
416	470
416	485
416	486
417	3
417	30
417	37
417	46
417	61
417	68
417	96
417	101
417	167
417	175
417	184
417	198
417	201
417	227
417	253
417	285
417	324
417	339
417	363
417	373
417	402
417	405
417	427
417	429
417	430
417	434
417	453
418	22
418	32
418	44
418	47
418	125
418	185
418	234
418	253
418	264
418	276
418	334
418	337
418	339
418	343
418	364
418	368
418	390
418	401
418	407
418	410
418	420
418	421
418	440
418	447
418	449
418	450
418	488
419	3
419	11
419	22
419	107
419	145
419	241
419	276
419	334
419	337
419	339
419	343
419	363
419	364
419	368
419	374
419	375
419	390
419	401
419	407
419	410
419	420
419	421
419	440
419	447
419	449
419	450
419	470
420	5
420	22
420	44
420	145
420	150
420	195
420	197
420	241
420	276
420	337
420	339
420	343
420	364
420	368
420	390
420	401
420	407
420	410
420	418
420	419
420	421
420	440
420	447
420	449
420	450
420	459
420	461
420	465
421	22
421	32
421	33
421	44
421	47
421	79
421	139
421	197
421	203
421	241
421	334
421	337
421	339
421	343
421	368
421	378
421	390
421	401
421	407
421	410
421	418
421	419
421	420
421	431
421	440
421	447
421	449
421	450
422	40
422	97
422	166
422	215
422	268
422	409
422	431
422	446
422	448
422	455
422	461
422	462
422	466
422	473
422	475
422	479
422	481
422	487
422	488
422	492
422	493
422	494
422	495
422	496
422	497
422	498
422	499
422	500
423	169
423	262
423	272
423	287
423	294
423	299
423	316
423	322
423	325
423	361
423	362
423	394
423	412
423	437
423	452
423	458
423	459
423	460
423	465
423	473
423	474
423	475
423	476
423	478
423	480
423	482
423	483
423	487
424	23
424	45
424	136
424	170
424	179
424	182
424	229
424	235
424	300
424	318
424	337
424	338
424	351
424	359
424	379
424	392
424	408
424	416
424	425
424	427
424	435
424	463
424	464
424	469
424	470
424	480
424	485
424	486
425	39
425	64
425	127
425	153
425	192
425	201
425	226
425	229
425	267
425	278
425	323
425	338
425	351
425	357
425	359
425	379
425	392
425	408
425	416
425	424
425	429
425	435
425	463
425	464
425	469
425	470
425	481
425	485
425	486
426	181
426	222
426	252
426	276
426	399
426	403
426	404
426	430
426	446
426	448
426	455
426	458
426	461
426	462
426	466
426	467
426	479
426	481
426	487
426	488
426	492
426	493
426	494
426	495
426	496
426	497
426	498
426	499
426	500
427	3
427	30
427	37
427	46
427	61
427	68
427	118
427	167
427	168
427	175
427	184
427	189
427	198
427	227
427	250
427	253
427	264
427	304
427	324
427	363
427	373
427	402
427	405
427	417
427	424
427	429
427	430
427	434
427	490
428	97
428	125
428	134
428	247
428	274
428	308
428	350
428	356
428	385
428	386
428	393
428	395
428	396
428	429
428	432
428	436
428	442
428	443
428	444
428	445
428	454
428	471
428	472
428	477
428	483
428	484
428	489
428	490
428	491
429	3
429	37
429	46
429	61
429	68
429	101
429	126
429	167
429	175
429	184
429	198
429	227
429	231
429	250
429	253
429	264
429	304
429	324
429	337
429	363
429	373
429	402
429	405
429	417
429	425
429	427
429	428
429	430
429	434
429	484
430	3
430	30
430	37
430	46
430	61
430	68
430	101
430	133
430	137
430	167
430	175
430	198
430	227
430	236
430	250
430	253
430	264
430	304
430	324
430	363
430	373
430	402
430	405
430	417
430	426
430	427
430	429
430	434
430	495
430	500
431	106
431	134
431	209
431	331
431	369
431	413
431	421
431	422
431	432
431	446
431	448
431	451
431	455
431	458
431	461
431	467
431	476
431	479
431	481
431	487
431	488
431	492
431	493
431	494
431	495
431	496
431	497
431	498
431	499
431	500
432	102
432	205
432	206
432	208
432	212
432	274
432	308
432	320
432	330
432	352
432	393
432	396
432	403
432	407
432	415
432	428
432	431
432	441
432	443
432	444
432	451
432	460
432	471
432	472
432	477
432	483
432	484
432	489
432	490
432	491
433	23
433	33
433	50
433	59
433	102
433	106
433	178
433	199
433	249
433	288
433	297
433	305
433	319
433	325
433	336
433	342
433	357
433	371
433	384
433	388
433	400
433	403
433	404
433	411
433	414
433	438
433	439
433	456
433	457
433	468
434	3
434	30
434	37
434	41
434	46
434	54
434	61
434	68
434	101
434	167
434	175
434	184
434	198
434	227
434	250
434	254
434	264
434	304
434	324
434	363
434	366
434	368
434	373
434	402
434	405
434	417
434	427
434	429
434	430
434	446
435	23
435	45
435	76
435	90
435	127
435	131
435	153
435	173
435	180
435	201
435	204
435	229
435	300
435	309
435	323
435	334
435	351
435	359
435	379
435	383
435	416
435	424
435	425
435	453
435	463
435	464
435	469
435	470
435	485
435	486
436	66
436	89
436	119
436	157
436	204
436	233
436	308
436	315
436	320
436	348
436	352
436	367
436	385
436	386
436	393
436	396
436	415
436	428
436	441
436	442
436	443
436	445
436	454
436	463
436	471
436	472
436	483
436	484
436	489
436	490
437	5
437	53
437	136
437	171
437	219
437	234
437	262
437	280
437	297
437	322
437	325
437	349
437	359
437	362
437	394
437	395
437	412
437	423
437	445
437	452
437	459
437	460
437	465
437	473
437	474
437	475
437	476
437	478
437	480
437	482
438	27
438	33
438	50
438	91
438	103
438	131
438	202
438	206
438	249
438	288
438	296
438	305
438	319
438	345
438	349
438	357
438	371
438	384
438	389
438	400
438	403
438	404
438	414
438	433
438	439
438	456
438	457
438	468
438	491
438	500
439	8
439	15
439	19
439	91
439	171
439	178
439	199
439	249
439	252
439	269
439	285
439	288
439	319
439	342
439	344
439	345
439	357
439	371
439	388
439	389
439	400
439	403
439	404
439	411
439	414
439	433
439	438
439	456
439	457
439	468
440	11
440	32
440	47
440	93
440	98
440	107
440	145
440	197
440	241
440	276
440	289
440	334
440	335
440	337
440	339
440	343
440	364
440	368
440	390
440	401
440	407
440	410
440	418
440	419
440	420
440	421
440	447
440	448
440	449
440	450
440	455
441	12
441	119
441	194
441	204
441	205
441	208
441	212
441	214
441	251
441	273
441	290
441	330
441	367
441	374
441	385
441	386
441	393
441	396
441	432
441	436
441	442
441	443
441	444
441	454
441	471
441	472
441	477
441	484
441	489
441	490
441	491
442	26
442	170
442	208
442	212
442	244
442	254
442	265
442	269
442	330
442	350
442	367
442	385
442	386
442	393
442	396
442	415
442	428
442	436
442	441
442	443
442	444
442	445
442	470
442	471
442	472
442	477
442	483
442	484
442	489
442	490
442	491
443	13
443	102
443	104
443	186
443	249
443	308
443	320
443	330
443	350
443	352
443	385
443	393
443	398
443	415
443	428
443	432
443	436
443	441
443	442
443	444
443	445
443	449
443	454
443	471
443	472
443	477
443	481
443	483
443	489
443	490
443	491
444	66
444	102
444	157
444	241
444	254
444	274
444	296
444	308
444	320
444	341
444	352
444	356
444	386
444	393
444	415
444	428
444	432
444	441
444	442
444	443
444	445
444	447
444	471
444	472
444	477
444	479
444	483
444	484
444	489
444	490
444	491
445	151
445	157
445	208
445	231
445	254
445	257
445	274
445	308
445	346
445	350
445	352
445	367
445	368
445	385
445	386
445	393
445	415
445	428
445	436
445	437
445	442
445	443
445	444
445	454
445	471
445	477
445	483
445	484
445	489
445	490
445	491
446	258
446	292
446	382
446	399
446	400
446	409
446	413
446	422
446	426
446	431
446	434
446	451
446	455
446	461
446	466
446	467
446	479
446	481
446	482
446	483
446	487
446	488
446	492
446	493
446	494
446	495
446	496
446	497
446	498
446	499
446	500
447	11
447	32
447	35
447	47
447	107
447	123
447	138
447	145
447	184
447	197
447	241
447	276
447	334
447	337
447	339
447	343
447	360
447	364
447	368
447	390
447	401
447	407
447	410
447	418
447	419
447	420
447	421
447	440
447	444
447	449
447	450
448	69
448	226
448	241
448	260
448	348
448	363
448	369
448	376
448	382
448	413
448	422
448	426
448	431
448	440
448	451
448	455
448	458
448	466
448	467
448	479
448	481
448	487
448	488
448	493
448	494
448	495
448	496
448	497
448	498
448	499
448	500
449	11
449	22
449	32
449	44
449	47
449	73
449	107
449	145
449	183
449	222
449	241
449	276
449	294
449	334
449	337
449	339
449	343
449	364
449	368
449	390
449	401
449	407
449	410
449	418
449	419
449	420
449	421
449	440
449	443
449	447
449	450
449	493
450	22
450	32
450	44
450	47
450	107
450	145
450	150
450	197
450	241
450	276
450	334
450	335
450	337
450	339
450	343
450	364
450	368
450	382
450	390
450	395
450	401
450	407
450	410
450	413
450	418
450	419
450	420
450	421
450	440
450	447
450	449
450	479
451	54
451	67
451	232
451	263
451	343
451	349
451	367
451	369
451	370
451	376
451	382
451	431
451	432
451	446
451	448
451	455
451	458
451	461
451	462
451	466
451	467
451	479
451	487
451	488
451	492
451	493
451	494
451	495
451	496
451	497
451	498
451	499
451	500
452	116
452	142
452	177
452	219
452	233
452	234
452	242
452	270
452	272
452	297
452	316
452	322
452	323
452	325
452	340
452	361
452	362
452	382
452	394
452	395
452	408
452	412
452	423
452	437
452	459
452	460
452	465
452	473
452	474
452	475
452	478
452	480
452	482
453	39
453	44
453	45
453	64
453	87
453	90
453	101
453	128
453	136
453	153
453	170
453	192
453	201
453	229
453	248
453	300
453	318
453	338
453	351
453	359
453	379
453	392
453	408
453	416
453	417
453	435
453	460
453	463
453	464
453	469
453	470
453	485
453	486
454	66
454	108
454	157
454	205
454	212
454	214
454	295
454	302
454	317
454	320
454	330
454	352
454	379
454	385
454	386
454	393
454	396
454	415
454	428
454	436
454	441
454	443
454	445
454	458
454	471
454	472
454	477
454	483
454	484
454	489
454	490
454	491
454	497
455	91
455	124
455	130
455	188
455	306
455	332
455	370
455	376
455	399
455	409
455	413
455	422
455	426
455	431
455	440
455	446
455	448
455	451
455	461
455	462
455	467
455	479
455	481
455	487
455	488
455	492
455	493
455	494
455	495
455	496
455	497
455	498
455	499
455	500
456	8
456	50
456	91
456	109
456	131
456	167
456	178
456	199
456	249
456	257
456	288
456	305
456	308
456	319
456	344
456	345
456	349
456	357
456	371
456	384
456	388
456	389
456	400
456	403
456	404
456	407
456	411
456	414
456	433
456	438
456	439
456	457
456	468
456	486
457	8
457	15
457	50
457	58
457	61
457	77
457	91
457	106
457	131
457	178
457	199
457	268
457	288
457	305
457	319
457	342
457	345
457	349
457	357
457	371
457	384
457	388
457	400
457	404
457	411
457	414
457	433
457	438
457	439
457	456
457	458
457	468
457	485
457	487
458	157
458	177
458	239
458	252
458	310
458	328
458	348
458	369
458	370
458	376
458	409
458	423
458	426
458	431
458	448
458	451
458	454
458	457
458	461
458	462
458	466
458	467
458	479
458	481
458	487
458	488
458	492
458	493
458	494
458	495
458	496
458	497
458	498
458	499
458	500
459	21
459	171
459	208
459	213
459	234
459	256
459	262
459	272
459	287
459	297
459	303
459	316
459	322
459	325
459	340
459	361
459	362
459	394
459	395
459	412
459	420
459	423
459	437
459	452
459	460
459	461
459	465
459	473
459	474
459	475
459	476
459	478
459	480
459	482
459	492
460	21
460	39
460	95
460	109
460	169
460	211
460	219
460	242
460	262
460	287
460	305
460	316
460	322
460	340
460	361
460	362
460	369
460	394
460	395
460	404
460	412
460	423
460	432
460	437
460	452
460	453
460	459
460	465
460	473
460	474
460	475
460	476
460	478
460	480
460	482
461	12
461	199
461	252
461	330
461	340
461	369
461	376
461	382
461	399
461	409
461	413
461	420
461	422
461	426
461	431
461	446
461	451
461	455
461	458
461	459
461	462
461	467
461	477
461	479
461	481
461	487
461	492
461	493
461	494
461	495
461	496
461	497
461	498
461	499
461	500
462	14
462	34
462	145
462	310
462	328
462	354
462	369
462	376
462	381
462	382
462	399
462	407
462	409
462	414
462	422
462	426
462	451
462	455
462	458
462	461
462	467
462	473
462	479
462	481
462	487
462	488
462	492
462	493
462	494
462	495
462	496
462	497
462	498
462	499
462	500
463	16
463	23
463	39
463	87
463	136
463	140
463	153
463	170
463	192
463	201
463	204
463	229
463	300
463	318
463	338
463	341
463	343
463	351
463	359
463	379
463	392
463	408
463	416
463	424
463	425
463	435
463	436
463	453
463	464
463	469
463	470
463	482
463	485
463	486
463	491
464	45
464	87
464	90
464	107
464	123
464	127
464	136
464	153
464	163
464	170
464	182
464	192
464	201
464	204
464	263
464	300
464	323
464	333
464	338
464	351
464	359
464	379
464	383
464	408
464	416
464	424
464	425
464	435
464	453
464	463
464	465
464	467
464	469
464	470
464	485
464	486
465	53
465	109
465	142
465	169
465	171
465	211
465	219
465	234
465	262
465	287
465	316
465	322
465	340
465	342
465	361
465	394
465	395
465	412
465	420
465	423
465	437
465	452
465	459
465	460
465	464
465	466
465	467
465	472
465	473
465	474
465	475
465	476
465	478
465	480
465	482
465	484
466	16
466	230
466	250
466	263
466	268
466	269
466	275
466	328
466	348
466	370
466	382
466	399
466	409
466	413
466	422
466	426
466	446
466	448
466	451
466	458
466	465
466	467
466	477
466	479
466	481
466	487
466	488
466	492
466	493
466	494
466	495
466	496
466	497
466	498
466	499
466	500
467	83
467	161
467	252
467	319
467	344
467	348
467	370
467	376
467	382
467	399
467	413
467	426
467	431
467	446
467	448
467	451
467	455
467	458
467	461
467	462
467	464
467	465
467	466
467	479
467	481
467	484
467	487
467	488
467	492
467	493
467	494
467	495
467	496
467	497
467	498
467	499
467	500
468	8
468	15
468	50
468	70
468	91
468	106
468	128
468	131
468	141
468	178
468	179
468	202
468	246
468	249
468	288
468	305
468	319
468	342
468	345
468	349
468	357
468	371
468	384
468	388
468	389
468	400
468	403
468	404
468	411
468	414
468	433
468	438
468	439
468	456
468	457
468	485
468	498
469	23
469	39
469	45
469	64
469	87
469	90
469	127
469	153
469	160
469	170
469	182
469	192
469	229
469	318
469	323
469	338
469	351
469	352
469	379
469	383
469	392
469	399
469	404
469	408
469	409
469	416
469	424
469	425
469	435
469	453
469	463
469	464
469	470
469	485
469	486
469	497
469	499
470	26
470	39
470	64
470	87
470	90
470	153
470	182
470	192
470	196
470	204
470	229
470	300
470	318
470	323
470	338
470	351
470	359
470	379
470	383
470	392
470	408
470	416
470	419
470	424
470	425
470	435
470	442
470	453
470	463
470	464
470	469
470	474
470	485
470	486
470	489
470	492
470	495
471	23
471	97
471	119
471	143
471	212
471	274
471	291
471	295
471	308
471	320
471	330
471	338
471	350
471	352
471	367
471	386
471	388
471	396
471	415
471	428
471	432
471	436
471	441
471	442
471	443
471	444
471	445
471	454
471	472
471	477
471	483
471	484
471	489
471	490
471	491
471	498
471	500
472	72
472	97
472	102
472	157
472	194
472	205
472	208
472	211
472	214
472	254
472	274
472	320
472	330
472	339
472	350
472	352
472	367
472	385
472	393
472	396
472	402
472	414
472	428
472	432
472	436
472	441
472	442
472	443
472	444
472	454
472	465
472	471
472	477
472	483
472	484
472	489
472	490
472	491
473	53
473	109
473	135
473	142
473	169
473	210
473	211
473	219
473	242
473	272
473	287
473	297
473	316
473	322
473	325
473	340
473	353
473	361
473	369
473	373
473	378
473	394
473	395
473	412
473	422
473	423
473	437
473	452
473	459
473	460
473	462
473	465
473	474
473	475
473	476
473	478
473	480
473	482
474	21
474	53
474	85
474	109
474	122
474	142
474	169
474	171
474	211
474	219
474	234
474	262
474	272
474	274
474	287
474	316
474	322
474	325
474	336
474	340
474	362
474	394
474	404
474	412
474	423
474	437
474	452
474	459
474	460
474	465
474	470
474	473
474	475
474	476
474	478
474	479
474	480
474	482
474	492
475	21
475	142
475	146
475	169
475	171
475	211
475	242
475	262
475	272
475	287
475	297
475	301
475	316
475	322
475	323
475	325
475	340
475	361
475	362
475	394
475	395
475	412
475	414
475	422
475	423
475	437
475	452
475	459
475	460
475	465
475	473
475	474
475	476
475	478
475	480
475	482
475	485
475	486
475	499
476	21
476	50
476	53
476	109
476	111
476	142
476	169
476	171
476	211
476	219
476	234
476	242
476	245
476	262
476	272
476	274
476	287
476	297
476	322
476	325
476	340
476	362
476	366
476	389
476	394
476	395
476	401
476	412
476	423
476	431
476	437
476	459
476	460
476	465
476	473
476	474
476	475
476	478
476	480
476	482
477	66
477	94
477	97
477	129
477	136
477	205
477	208
477	212
477	214
477	254
477	274
477	320
477	330
477	342
477	350
477	364
477	367
477	385
477	386
477	393
477	396
477	398
477	415
477	428
477	432
477	441
477	442
477	443
477	444
477	445
477	454
477	461
477	466
477	471
477	472
477	483
477	484
477	489
477	490
477	491
478	21
478	68
478	109
478	169
478	171
478	198
478	211
478	219
478	234
478	242
478	272
478	287
478	297
478	302
478	316
478	322
478	325
478	333
478	340
478	361
478	362
478	366
478	390
478	394
478	395
478	396
478	412
478	413
478	423
478	437
478	452
478	459
478	460
478	465
478	473
478	474
478	475
478	476
478	480
478	482
478	494
479	9
479	130
479	176
479	209
479	217
479	301
479	316
479	328
479	369
479	370
479	376
479	399
479	409
479	413
479	422
479	426
479	431
479	444
479	446
479	448
479	450
479	451
479	455
479	458
479	461
479	462
479	466
479	467
479	474
479	481
479	486
479	487
479	488
479	493
479	494
479	495
479	496
479	497
479	498
479	499
479	500
480	21
480	38
480	53
480	109
480	142
480	154
480	169
480	171
480	211
480	219
480	227
480	234
480	242
480	262
480	272
480	287
480	297
480	316
480	322
480	325
480	339
480	340
480	361
480	362
480	381
480	395
480	412
480	413
480	423
480	424
480	437
480	452
480	459
480	460
480	465
480	473
480	474
480	475
480	476
480	478
480	482
480	488
481	34
481	60
481	172
481	176
481	209
481	268
481	328
481	342
481	348
481	363
481	369
481	376
481	399
481	409
481	410
481	411
481	413
481	422
481	425
481	426
481	431
481	443
481	446
481	448
481	455
481	458
481	461
481	462
481	466
481	467
481	479
481	487
481	488
481	492
481	493
481	494
481	495
481	496
481	497
481	498
481	499
481	500
482	21
482	39
482	43
482	53
482	109
482	142
482	169
482	171
482	211
482	219
482	230
482	234
482	242
482	262
482	272
482	287
482	297
482	316
482	325
482	340
482	361
482	362
482	376
482	392
482	394
482	395
482	412
482	423
482	437
482	446
482	452
482	459
482	460
482	463
482	465
482	473
482	474
482	475
482	476
482	478
482	480
482	486
483	40
483	78
483	102
483	119
483	151
483	154
483	156
483	157
483	205
483	208
483	212
483	214
483	254
483	308
483	320
483	330
483	350
483	352
483	363
483	385
483	386
483	393
483	396
483	415
483	423
483	428
483	432
483	436
483	442
483	443
483	444
483	445
483	446
483	454
483	471
483	472
483	477
483	484
483	489
483	490
483	491
483	494
484	1
484	10
484	66
484	97
484	102
484	104
484	119
484	157
484	212
484	214
484	254
484	274
484	308
484	316
484	320
484	330
484	350
484	352
484	366
484	367
484	385
484	386
484	396
484	415
484	428
484	429
484	432
484	436
484	441
484	442
484	444
484	445
484	454
484	465
484	467
484	471
484	472
484	477
484	483
484	489
484	490
484	491
485	11
485	23
485	39
485	45
485	64
485	90
485	113
485	114
485	127
485	136
485	153
485	170
485	182
485	192
485	201
485	204
485	229
485	300
485	318
485	323
485	325
485	335
485	338
485	351
485	359
485	379
485	383
485	389
485	392
485	408
485	416
485	424
485	425
485	435
485	453
485	457
485	463
485	464
485	468
485	469
485	470
485	475
485	486
486	14
486	23
486	39
486	45
486	64
486	87
486	90
486	127
486	136
486	152
486	153
486	159
486	170
486	182
486	192
486	201
486	204
486	221
486	229
486	300
486	318
486	323
486	338
486	351
486	359
486	379
486	383
486	392
486	394
486	408
486	416
486	424
486	425
486	435
486	453
486	456
486	463
486	464
486	469
486	470
486	475
486	479
486	482
486	485
487	27
487	42
487	79
487	164
487	176
487	252
487	263
487	268
487	276
487	328
487	331
487	348
487	369
487	370
487	375
487	382
487	399
487	409
487	413
487	422
487	423
487	426
487	431
487	446
487	448
487	451
487	455
487	457
487	458
487	461
487	462
487	466
487	467
487	479
487	481
487	488
487	492
487	493
487	494
487	495
487	496
487	497
487	498
487	499
487	500
488	2
488	47
488	55
488	166
488	175
488	188
488	209
488	219
488	263
488	268
488	328
488	348
488	350
488	369
488	370
488	376
488	382
488	399
488	409
488	413
488	418
488	422
488	426
488	431
488	446
488	448
488	451
488	455
488	458
488	462
488	466
488	467
488	479
488	480
488	481
488	487
488	492
488	493
488	494
488	495
488	496
488	497
488	498
488	499
488	500
489	6
489	97
489	102
489	119
489	157
489	205
489	208
489	211
489	212
489	214
489	238
489	254
489	274
489	275
489	308
489	320
489	329
489	330
489	350
489	352
489	367
489	385
489	386
489	390
489	393
489	396
489	410
489	415
489	428
489	432
489	436
489	441
489	442
489	443
489	444
489	445
489	454
489	470
489	471
489	472
489	477
489	483
489	484
489	490
489	491
489	497
490	8
490	66
490	97
490	119
490	124
490	156
490	157
490	169
490	176
490	205
490	208
490	212
490	214
490	254
490	274
490	277
490	297
490	308
490	320
490	330
490	339
490	350
490	352
490	367
490	385
490	386
490	393
490	396
490	415
490	427
490	428
490	432
490	436
490	441
490	442
490	443
490	444
490	445
490	454
490	471
490	472
490	477
490	483
490	484
490	489
490	491
491	8
491	66
491	97
491	102
491	119
491	128
491	157
491	159
491	205
491	208
491	212
491	214
491	220
491	271
491	274
491	308
491	320
491	330
491	350
491	352
491	367
491	370
491	371
491	385
491	386
491	393
491	396
491	415
491	428
491	432
491	438
491	441
491	442
491	443
491	444
491	445
491	454
491	463
491	471
491	472
491	477
491	483
491	484
491	489
491	490
491	499
492	34
492	69
492	74
492	77
492	130
492	166
492	176
492	203
492	209
492	252
492	263
492	271
492	328
492	348
492	364
492	369
492	370
492	376
492	382
492	398
492	399
492	409
492	413
492	422
492	426
492	431
492	446
492	451
492	455
492	458
492	459
492	461
492	462
492	466
492	467
492	470
492	474
492	481
492	487
492	488
492	493
492	494
492	495
492	496
492	497
492	498
492	499
492	500
493	34
493	37
493	78
493	130
493	166
493	176
493	231
493	263
493	268
493	281
493	293
493	328
493	340
493	348
493	369
493	370
493	376
493	382
493	399
493	401
493	407
493	409
493	413
493	422
493	426
493	431
493	446
493	448
493	449
493	451
493	455
493	458
493	461
493	462
493	466
493	467
493	479
493	481
493	487
493	488
493	492
493	494
493	495
493	496
493	497
493	498
493	499
493	500
494	130
494	166
494	176
494	209
494	252
494	263
494	265
494	268
494	299
494	306
494	326
494	328
494	348
494	357
494	369
494	370
494	376
494	382
494	399
494	409
494	410
494	413
494	415
494	422
494	426
494	431
494	446
494	448
494	451
494	455
494	458
494	461
494	462
494	466
494	467
494	478
494	479
494	481
494	483
494	487
494	488
494	492
494	493
494	495
494	496
494	497
494	498
494	499
494	500
495	34
495	49
495	57
495	94
495	130
495	137
495	166
495	207
495	209
495	220
495	252
495	263
495	268
495	282
495	328
495	348
495	369
495	370
495	376
495	379
495	382
495	409
495	413
495	422
495	426
495	430
495	431
495	446
495	448
495	451
495	455
495	458
495	461
495	462
495	466
495	467
495	470
495	479
495	481
495	487
495	488
495	492
495	493
495	494
495	496
495	497
495	498
495	499
495	500
496	34
496	51
496	62
496	111
496	130
496	156
496	166
496	176
496	202
496	209
496	251
496	252
496	263
496	268
496	305
496	328
496	369
496	370
496	376
496	382
496	396
496	398
496	399
496	409
496	411
496	413
496	422
496	426
496	431
496	446
496	448
496	451
496	455
496	458
496	461
496	462
496	466
496	467
496	479
496	481
496	487
496	488
496	492
496	493
496	494
496	495
496	497
496	498
496	499
496	500
497	75
497	130
497	160
497	166
497	176
497	209
497	219
497	252
497	263
497	268
497	328
497	348
497	367
497	369
497	370
497	376
497	382
497	390
497	396
497	399
497	409
497	411
497	413
497	422
497	426
497	431
497	446
497	448
497	451
497	454
497	455
497	458
497	461
497	462
497	466
497	467
497	469
497	479
497	481
497	487
497	488
497	489
497	492
497	493
497	494
497	495
497	496
497	498
497	499
497	500
498	30
498	34
498	35
498	66
498	130
498	146
498	158
498	176
498	209
498	252
498	263
498	268
498	293
498	328
498	348
498	350
498	357
498	369
498	370
498	376
498	382
498	399
498	409
498	413
498	422
498	426
498	431
498	446
498	448
498	451
498	455
498	458
498	461
498	462
498	466
498	467
498	468
498	471
498	479
498	481
498	487
498	488
498	492
498	493
498	494
498	495
498	496
498	497
498	499
498	500
499	28
499	52
499	82
499	130
499	166
499	176
499	209
499	228
499	234
499	240
499	252
499	256
499	263
499	268
499	328
499	348
499	369
499	370
499	376
499	382
499	399
499	409
499	413
499	422
499	426
499	431
499	446
499	448
499	451
499	455
499	458
499	461
499	462
499	466
499	467
499	469
499	475
499	479
499	481
499	487
499	488
499	491
499	492
499	493
499	494
499	495
499	496
499	497
499	498
499	500
500	34
500	75
500	83
500	166
500	176
500	204
500	209
500	230
500	252
500	263
500	266
500	268
500	313
500	328
500	348
500	355
500	369
500	370
500	376
500	382
500	399
500	409
500	413
500	422
500	426
500	430
500	431
500	438
500	446
500	448
500	451
500	455
500	458
500	461
500	462
500	466
500	467
500	471
500	479
500	481
500	487
500	488
500	492
500	493
500	494
500	495
500	496
500	497
500	498
500	499
