500 9442
1	93
1	143
1	228
1	265
1	294
1	367
1	413
1	433
1	461
1	480
2	69
2	77
2	133
2	251
2	290
2	309
2	397
2	458
2	489
2	495
3	28
3	107
3	112
3	193
3	302
3	327
3	335
3	386
3	404
3	461
4	65
4	177
4	183
4	206
4	410
4	435
4	449
4	461
4	468
4	476
5	89
5	112
5	118
5	186
5	305
5	370
5	377
5	398
5	406
5	447
6	81
6	138
6	143
6	293
6	329
6	335
6	354
6	355
6	395
6	451
7	203
7	225
7	323
7	341
7	438
7	445
7	474
7	488
7	493
7	494
8	164
8	185
8	313
8	326
8	340
8	362
8	364
8	396
8	450
8	473
9	11
9	15
9	218
9	287
9	371
9	378
9	413
9	451
9	468
9	494
10	238
10	258
10	279
10	284
10	331
10	386
10	402
10	439
10	460
10	464
11	9
11	98
11	165
11	187
11	264
11	268
11	340
11	348
11	404
11	466
12	143
12	312
12	390
12	392
12	402
12	416
12	429
12	452
12	458
12	484
13	17
13	23
13	226
13	308
13	368
13	445
13	455
13	460
13	470
13	471
14	234
14	377
14	383
14	389
14	409
14	434
14	439
14	465
14	484
14	493
15	9
15	155
15	309
15	318
15	355
15	376
15	468
15	479
15	481
15	497
16	83
16	259
16	279
16	347
16	378
16	428
16	445
16	454
16	464
16	485
17	13
17	116
17	179
17	335
17	345
17	348
17	392
17	420
17	476
17	498
18	238
18	269
18	319
18	332
18	404
18	414
18	432
18	455
18	468
18	470
19	20
19	100
19	116
19	139
19	265
19	356
19	377
19	382
19	491
19	495
20	19
20	115
20	127
20	298
20	367
20	370
20	380
20	416
20	476
20	490
21	146
21	175
21	284
21	324
21	379
21	389
21	392
21	428
21	440
21	451
22	142
22	225
22	267
22	347
22	381
22	403
22	413
22	444
22	497
22	499
23	13
23	75
23	267
23	391
23	404
23	454
23	463
23	480
23	487
23	496
24	96
24	240
24	288
24	295
24	369
24	372
24	423
24	477
24	481
24	485
25	251
25	324
25	335
25	336
25	339
25	345
25	417
25	449
25	485
25	492
26	233
26	287
26	346
26	356
26	385
26	403
26	429
26	445
26	481
26	497
27	32
27	174
27	227
27	430
27	439
27	467
27	470
27	479
27	480
27	494
28	3
28	60
28	64
28	176
28	206
28	248
28	351
28	429
28	439
28	451
29	55
29	311
29	324
29	363
29	400
29	434
29	435
29	440
29	442
29	475
30	200
30	271
30	272
30	312
30	339
30	430
30	452
30	474
30	492
30	496
31	67
31	170
31	311
31	360
31	369
31	391
31	403
31	450
31	483
31	487
32	27
32	209
32	232
32	286
32	316
32	337
32	377
32	415
32	442
32	472
33	133
33	199
33	236
33	329
33	378
33	401
33	404
33	426
33	470
33	487
34	205
34	245
34	261
34	264
34	315
34	419
34	469
34	477
34	491
34	493
35	264
35	309
35	344
35	401
35	404
35	428
35	479
35	485
35	492
35	493
36	117
36	183
36	203
36	210
36	243
36	345
36	406
36	434
36	449
36	496
37	166
37	249
37	292
37	303
37	363
37	440
37	455
37	457
37	475
37	490
38	150
38	296
38	305
38	421
38	455
38	467
38	479
38	491
38	499
38	500
39	191
39	318
39	323
39	376
39	401
39	411
39	440
39	492
39	499
39	500
40	111
40	236
40	321
40	366
40	369
40	455
40	461
40	469
40	484
40	491
41	161
41	348
41	400
41	442
41	452
41	458
41	475
41	484
41	489
41	499
42	118
42	124
42	150
42	151
42	166
42	375
42	448
42	454
42	476
42	493
43	126
43	292
43	309
43	317
43	382
43	429
43	430
43	491
43	492
43	496
44	57
44	245
44	296
44	353
44	378
44	443
44	465
44	478
44	497
44	499
45	131
45	160
45	174
45	216
45	310
45	360
45	365
45	441
45	479
45	496
46	219
46	344
46	353
46	383
46	406
46	452
46	453
46	462
46	489
46	492
47	49
47	113
47	197
47	309
47	320
47	388
47	432
47	455
47	459
47	478
48	51
48	82
48	129
48	279
48	323
48	397
48	420
48	458
48	482
48	495
49	47
49	277
49	378
49	417
49	424
49	443
49	473
49	476
49	493
49	494
50	90
50	182
50	217
50	337
50	369
50	385
50	432
50	439
50	463
50	480
51	48
51	54
51	208
51	287
51	339
51	340
51	349
51	396
51	432
51	494
52	204
52	296
52	307
52	339
52	359
52	375
52	434
52	456
52	475
52	489
53	188
53	216
53	278
53	281
53	401
53	434
53	444
53	472
53	473
53	480
53	486
54	51
54	283
54	302
54	379
54	427
54	431
54	441
54	451
54	464
54	478
54	496
55	29
55	301
55	359
55	408
55	442
55	462
55	466
55	485
55	488
55	493
55	496
56	92
56	137
56	210
56	265
56	292
56	379
56	402
56	421
56	433
56	442
56	454
57	44
57	103
57	107
57	209
57	334
57	355
57	364
57	375
57	405
57	409
57	480
58	292
58	345
58	357
58	390
58	398
58	413
58	451
58	455
58	471
58	489
58	498
59	121
59	254
59	308
59	325
59	348
59	390
59	395
59	399
59	471
59	478
59	493
60	28
60	203
60	302
60	415
60	436
60	451
60	473
60	474
60	475
60	479
60	485
61	122
61	240
61	273
61	405
61	408
61	412
61	424
61	454
61	474
61	483
61	489
62	71
62	152
62	158
62	280
62	286
62	406
62	447
62	459
62	472
62	473
62	490
63	89
63	93
63	116
63	123
63	328
63	424
63	434
63	448
63	470
63	482
63	483
64	28
64	167
64	286
64	303
64	338
64	344
64	354
64	358
64	371
64	403
64	500
65	4
65	181
65	204
65	273
65	304
65	407
65	413
65	418
65	428
65	455
65	485
66	227
66	285
66	323
66	342
66	345
66	356
66	393
66	399
66	420
66	429
66	432
67	31
67	169
67	277
67	317
67	337
67	341
67	437
67	443
67	469
67	473
67	487
68	154
68	198
68	283
68	380
68	391
68	418
68	426
68	475
68	476
68	486
68	490
69	2
69	139
69	204
69	260
69	368
69	397
69	435
69	443
69	472
69	486
69	499
70	277
70	318
70	337
70	405
70	413
70	425
70	428
70	445
70	464
70	487
70	488
71	62
71	73
71	228
71	288
71	338
71	355
71	361
71	433
71	436
71	450
71	475
72	118
72	208
72	241
72	245
72	421
72	462
72	474
72	478
72	482
72	483
72	489
73	71
73	98
73	297
73	327
73	341
73	367
73	398
73	426
73	455
73	458
73	473
74	167
74	183
74	185
74	229
74	282
74	284
74	372
74	428
74	446
74	478
74	485
75	23
75	78
75	84
75	145
75	156
75	250
75	266
75	358
75	389
75	438
75	498
76	126
76	225
76	334
76	352
76	366
76	372
76	412
76	451
76	465
76	476
76	484
77	2
77	158
77	288
77	295
77	297
77	322
77	366
77	445
77	464
77	486
77	490
78	75
78	84
78	145
78	233
78	308
78	342
78	413
78	420
78	426
78	449
78	498
79	227
79	238
79	255
79	279
79	312
79	431
79	439
79	444
79	456
79	470
79	498
80	142
80	169
80	188
80	274
80	297
80	328
80	352
80	464
80	475
80	480
80	497
81	6
81	235
81	257
81	260
81	372
81	411
81	435
81	451
81	456
81	469
81	481
82	48
82	170
82	175
82	197
82	248
82	318
82	401
82	420
82	465
82	469
82	490
83	16
83	239
83	240
83	245
83	257
83	331
83	342
83	383
83	387
83	472
83	490
84	75
84	78
84	209
84	230
84	285
84	353
84	389
84	399
84	405
84	461
84	494
85	89
85	100
85	204
85	259
85	303
85	318
85	332
85	404
85	415
85	465
85	484
86	146
86	188
86	191
86	217
86	256
86	435
86	463
86	472
86	483
86	496
86	497
87	158
87	189
87	192
87	319
87	327
87	378
87	426
87	474
87	486
87	493
87	498
88	161
88	191
88	246
88	385
88	409
88	434
88	453
88	484
88	492
88	499
88	500
89	5
89	63
89	85
89	226
89	249
89	327
89	416
89	422
89	430
89	455
89	489
90	50
90	92
90	104
90	211
90	311
90	331
90	346
90	361
90	393
90	397
90	444
91	148
91	249
91	288
91	465
91	469
91	474
91	475
91	485
91	489
91	495
91	496
92	56
92	90
92	229
92	334
92	344
92	355
92	427
92	456
92	483
92	486
92	495
93	1
93	63
93	157
93	181
93	226
93	381
93	398
93	407
93	415
93	434
93	489
94	110
94	338
94	347
94	365
94	378
94	411
94	429
94	467
94	490
94	499
94	500
95	212
95	259
95	313
95	369
95	371
95	374
95	395
95	398
95	470
95	476
95	498
96	24
96	114
96	170
96	206
96	237
96	303
96	373
96	445
96	467
96	487
96	492
97	108
97	269
97	325
97	332
97	370
97	389
97	419
97	459
97	461
97	469
97	494
98	11
98	73
98	109
98	195
98	353
98	445
98	475
98	477
98	479
98	494
98	498
99	148
99	170
99	320
99	355
99	441
99	453
99	469
99	471
99	487
99	492
99	495
100	19
100	85
100	107
100	109
100	387
100	414
100	422
100	446
100	450
100	471
100	478
101	222
101	262
101	279
101	300
101	319
101	325
101	406
101	414
101	423
101	425
101	456
102	247
102	252
102	324
102	372
102	386
102	396
102	422
102	429
102	449
102	462
102	471
103	57
103	167
103	244
103	326
103	374
103	397
103	403
103	424
103	429
103	442
103	459
104	90
104	225
104	276
104	305
104	418
104	454
104	455
104	468
104	469
104	471
104	489
105	113
105	180
105	241
105	323
105	369
105	392
105	429
105	463
105	481
105	494
105	496
106	165
106	255
106	290
106	393
106	394
106	410
106	443
106	459
106	470
106	479
106	499
107	3
107	57
107	100
107	229
107	314
107	360
107	419
107	466
107	486
107	491
107	495
108	97
108	187
108	193
108	326
108	342
108	346
108	373
108	389
108	409
108	413
108	414
109	98
109	100
109	115
109	207
109	262
109	279
109	297
109	448
109	481
109	488
109	499
110	94
110	121
110	163
110	220
110	232
110	326
110	366
110	373
110	385
110	423
110	456
111	40
111	177
111	227
111	246
111	260
111	267
111	311
111	394
111	458
111	475
111	487
112	3
112	5
112	126
112	186
112	343
112	352
112	405
112	438
112	455
112	469
112	470
112	497
113	47
113	105
113	176
113	228
113	275
113	372
113	413
113	414
113	428
113	458
113	471
113	486
114	96
114	121
114	129
114	224
114	301
114	359
114	368
114	423
114	435
114	456
114	488
114	500
115	20
115	109
115	176
115	208
115	231
115	236
115	257
115	316
115	336
115	389
115	448
115	494
116	17
116	19
116	63
116	202
116	309
116	351
116	353
116	363
116	380
116	384
116	448
116	482
117	36
117	124
117	200
117	218
117	219
117	271
117	311
117	320
117	335
117	357
117	431
117	487
118	5
118	42
118	72
118	136
118	298
118	346
118	352
118	358
118	438
118	453
118	481
118	488
119	142
119	208
119	227
119	275
119	341
119	343
119	364
119	366
119	421
119	453
119	486
119	492
120	123
120	175
120	194
120	222
120	236
120	307
120	389
120	405
120	434
120	447
120	460
120	492
121	59
121	110
121	114
121	216
121	339
121	359
121	423
121	452
121	457
121	460
121	481
121	486
122	61
122	151
122	184
122	198
122	365
122	371
122	422
122	449
122	457
122	468
122	473
122	489
123	63
123	120
123	213
123	222
123	246
123	347
123	362
123	415
123	418
123	443
123	460
123	488
124	42
124	117
124	232
124	284
124	302
124	316
124	319
124	402
124	444
124	459
124	466
124	472
125	130
125	308
125	356
125	408
125	422
125	468
125	478
125	482
125	491
125	495
125	497
125	499
126	43
126	76
126	112
126	161
126	273
126	283
126	314
126	337
126	373
126	407
126	413
126	446
127	20
127	210
127	254
127	323
127	346
127	356
127	395
127	433
127	461
127	469
127	488
127	495
128	159
128	198
128	223
128	242
128	301
128	319
128	390
128	457
128	459
128	471
128	486
128	493
129	48
129	114
129	171
129	278
129	309
129	324
129	339
129	371
129	408
129	462
129	474
129	480
130	125
130	145
130	216
130	266
130	307
130	334
130	336
130	427
130	433
130	434
130	453
130	477
131	45
131	174
131	176
131	286
131	310
131	420
131	422
131	437
131	461
131	464
131	472
131	475
132	133
132	188
132	258
132	384
132	389
132	391
132	431
132	441
132	442
132	462
132	486
132	494
133	2
133	33
133	132
133	232
133	263
133	345
133	385
133	444
133	452
133	481
133	493
133	496
134	177
134	203
134	224
134	262
134	345
134	370
134	382
134	384
134	464
134	470
134	474
134	490
135	156
135	253
135	301
135	316
135	362
135	393
135	428
135	440
135	444
135	468
135	494
135	500
136	118
136	188
136	230
136	233
136	264
136	267
136	342
136	386
136	414
136	431
136	470
136	489
137	56
137	237
137	308
137	321
137	324
137	340
137	353
137	368
137	448
137	491
137	494
137	496
138	6
138	207
138	250
138	328
138	342
138	376
138	377
138	385
138	404
138	420
138	432
138	449
139	19
139	69
139	279
139	300
139	323
139	382
139	422
139	435
139	481
139	489
139	492
139	499
140	178
140	239
140	315
140	383
140	397
140	433
140	434
140	459
140	467
140	474
140	480
140	498
141	171
141	249
141	275
141	312
141	342
141	361
141	391
141	405
141	421
141	449
141	466
141	485
142	22
142	80
142	119
142	223
142	259
142	387
142	411
142	430
142	481
142	485
142	491
142	493
143	1
143	6
143	12
143	234
143	248
143	277
143	300
143	317
143	393
143	399
143	472
143	477
144	238
144	326
144	333
144	338
144	340
144	358
144	409
144	420
144	430
144	446
144	450
144	475
145	75
145	78
145	130
145	264
145	327
145	353
145	358
145	376
145	445
145	447
145	461
145	494
146	21
146	86
146	236
146	258
146	269
146	310
146	411
146	440
146	462
146	466
146	480
146	493
147	167
147	175
147	239
147	253
147	295
147	325
147	336
147	379
147	387
147	431
147	434
147	460
148	91
148	99
148	180
148	191
148	196
148	198
148	229
148	285
148	327
148	363
148	467
148	475
149	192
149	204
149	296
149	311
149	410
149	430
149	439
149	449
149	462
149	469
149	478
149	487
149	489
150	38
150	42
150	171
150	250
150	415
150	428
150	437
150	466
150	470
150	473
150	478
150	494
150	496
151	42
151	122
151	327
151	333
151	407
151	431
151	463
151	472
151	473
151	482
151	487
151	498
151	500
152	62
152	155
152	168
152	253
152	275
152	294
152	375
152	415
152	418
152	433
152	455
152	459
152	500
153	232
153	262
153	294
153	297
153	348
153	422
153	433
153	446
153	449
153	459
153	466
153	473
153	477
154	68
154	168
154	190
154	255
154	289
154	367
154	384
154	397
154	421
154	433
154	457
154	476
154	490
155	15
155	152
155	159
155	206
155	226
155	231
155	351
155	371
155	402
155	437
155	447
155	489
155	498
156	75
156	135
156	289
156	376
156	382
156	414
156	417
156	420
156	432
156	438
156	445
156	481
156	494
157	93
157	161
157	273
157	337
157	367
157	371
157	378
157	386
157	407
157	453
157	468
157	486
157	498
158	62
158	77
158	87
158	166
158	171
158	414
158	427
158	436
158	444
158	467
158	476
158	481
158	490
159	128
159	155
159	167
159	194
159	251
159	326
159	354
159	385
159	413
159	435
159	445
159	449
159	488
160	45
160	351
160	366
160	379
160	399
160	410
160	415
160	417
160	435
160	446
160	458
160	460
160	476
161	41
161	88
161	126
161	157
161	181
161	213
161	215
161	261
161	263
161	271
161	473
161	484
161	493
162	184
162	191
162	228
162	275
162	290
162	306
162	335
162	394
162	402
162	447
162	450
162	470
162	486
163	110
163	207
163	226
163	244
163	264
163	301
163	320
163	373
163	393
163	442
163	457
163	473
163	493
164	8
164	245
164	393
164	414
164	422
164	445
164	461
164	477
164	483
164	484
164	485
164	495
164	496
165	11
165	106
165	259
165	381
165	410
165	412
165	419
165	452
165	460
165	461
165	479
165	482
165	491
166	37
166	42
166	158
166	180
166	205
166	283
166	381
166	419
166	425
166	427
166	458
166	460
166	476
167	64
167	74
167	103
167	147
167	159
167	291
167	308
167	427
167	482
167	488
167	489
167	493
167	497
168	152
168	154
168	241
168	246
168	384
168	388
168	393
168	396
168	451
168	457
168	471
168	479
168	484
169	67
169	80
169	225
169	306
169	381
169	395
169	400
169	425
169	450
169	463
169	472
169	473
169	487
170	31
170	82
170	96
170	99
170	300
170	334
170	341
170	359
170	373
170	389
170	399
170	432
170	460
171	129
171	141
171	150
171	158
171	280
171	370
171	374
171	417
171	425
171	451
171	476
171	484
171	490
172	292
172	334
172	384
172	396
172	406
172	411
172	443
172	454
172	467
172	472
172	492
172	499
172	500
173	187
173	201
173	363
173	398
173	406
173	442
173	460
173	467
173	471
173	477
173	489
173	499
173	500
174	27
174	45
174	131
174	227
174	265
174	327
174	335
174	352
174	373
174	431
174	439
174	442
174	496
175	21
175	82
175	120
175	147
175	329
175	379
175	381
175	396
175	411
175	439
175	444
175	451
175	469
176	28
176	113
176	115
176	131
176	190
176	201
176	320
176	386
176	430
176	442
176	459
176	462
176	484
177	4
177	111
177	134
177	179
177	182
177	205
177	426
177	439
177	460
177	469
177	486
177	499
177	500
178	140
178	241
178	256
178	263
178	321
178	322
178	332
178	386
178	404
178	453
178	454
178	461
178	484
179	17
179	177
179	223
179	236
179	330
179	339
179	361
179	365
179	369
179	393
179	436
179	484
179	497
180	105
180	148
180	166
180	207
180	225
180	269
180	276
180	294
180	318
180	322
180	421
180	447
180	457
181	65
181	93
181	161
181	252
181	303
181	331
181	351
181	381
181	413
181	434
181	436
181	443
181	495
182	50
182	177
182	184
182	210
182	317
182	321
182	385
182	424
182	428
182	445
182	484
182	489
182	499
183	4
183	36
183	74
183	264
183	266
183	302
183	355
183	397
183	445
183	477
183	482
183	494
183	495
184	122
184	162
184	182
184	237
184	351
184	375
184	376
184	415
184	416
184	419
184	429
184	441
184	492
185	8
185	74
185	300
185	332
185	357
185	365
185	393
185	418
185	431
185	443
185	480
185	489
185	493
186	5
186	112
186	197
186	247
186	255
186	274
186	309
186	324
186	348
186	421
186	426
186	432
186	464
187	11
187	108
187	173
187	226
187	405
187	410
187	414
187	421
187	426
187	467
187	493
187	498
187	499
187	500
188	53
188	80
188	86
188	132
188	136
188	250
188	269
188	300
188	319
188	391
188	408
188	418
188	461
188	498
189	87
189	258
189	268
189	313
189	325
189	352
189	400
189	446
189	452
189	459
189	463
189	469
189	481
189	482
190	154
190	176
190	265
190	277
190	282
190	320
190	333
190	359
190	373
190	429
190	432
190	448
190	478
190	493
191	39
191	86
191	88
191	148
191	162
191	203
191	270
191	311
191	333
191	358
191	411
191	471
191	473
191	475
192	87
192	149
192	253
192	288
192	313
192	343
192	354
192	357
192	442
192	445
192	464
192	477
192	483
192	493
193	3
193	108
193	211
193	288
193	329
193	366
193	372
193	393
193	400
193	409
193	412
193	488
193	496
193	498
194	120
194	159
194	195
194	240
194	244
194	326
194	335
194	346
194	379
194	428
194	438
194	441
194	490
194	497
195	98
195	194
195	247
195	270
195	311
195	340
195	363
195	377
195	385
195	428
195	437
195	446
195	475
195	496
196	148
196	224
196	246
196	251
196	292
196	348
196	363
196	399
196	436
196	462
196	468
196	472
196	475
196	494
197	47
197	82
197	186
197	198
197	215
197	391
197	392
197	400
197	412
197	424
197	425
197	444
197	465
197	489
198	68
198	122
198	128
198	148
198	197
198	277
198	298
198	381
198	410
198	434
198	457
198	464
198	486
198	487
199	33
199	249
199	298
199	305
199	342
199	350
199	370
199	397
199	416
199	426
199	452
199	465
199	476
199	481
200	30
200	117
200	233
200	237
200	244
200	378
200	380
200	408
200	435
200	441
200	471
200	474
200	477
200	483
201	173
201	176
201	272
201	273
201	282
201	328
201	338
201	339
201	366
201	462
201	466
201	471
201	475
201	498
202	116
202	313
202	319
202	373
202	392
202	423
202	453
202	460
202	470
202	482
202	483
202	488
202	495
202	497
203	7
203	36
203	60
203	134
203	191
203	279
203	314
203	348
203	430
203	448
203	455
203	474
203	481
203	493
204	52
204	65
204	69
204	85
204	149
204	228
204	338
204	351
204	424
204	441
204	446
204	455
204	477
204	488
205	34
205	166
205	177
205	222
205	256
205	326
205	332
205	344
205	371
205	384
205	443
205	452
205	457
205	472
206	4
206	28
206	96
206	155
206	303
206	327
206	358
206	379
206	418
206	444
206	456
206	462
206	479
206	484
207	109
207	138
207	163
207	180
207	223
207	272
207	309
207	421
207	422
207	446
207	448
207	457
207	469
207	471
208	51
208	72
208	115
208	119
208	211
208	275
208	308
208	438
208	456
208	468
208	473
208	485
208	491
208	496
209	32
209	57
209	84
209	217
209	246
209	261
209	286
209	375
209	384
209	429
209	466
209	484
209	488
209	489
210	36
210	56
210	127
210	182
210	232
210	333
210	334
210	351
210	394
210	431
210	462
210	475
210	490
210	496
211	90
211	193
211	208
211	258
211	355
211	357
211	372
211	413
211	419
211	422
211	428
211	444
211	458
211	500
212	95
212	348
212	382
212	392
212	419
212	427
212	445
212	448
212	450
212	452
212	458
212	482
212	483
212	487
213	123
213	161
213	336
213	371
213	391
213	407
213	415
213	416
213	458
213	465
213	469
213	474
213	489
213	495
214	224
214	264
214	287
214	293
214	309
214	365
214	378
214	430
214	437
214	451
214	463
214	465
214	480
214	481
215	161
215	197
215	218
215	321
215	342
215	344
215	386
215	436
215	453
215	463
215	473
215	475
215	487
215	499
216	45
216	53
216	121
216	130
216	315
216	327
216	339
216	361
216	370
216	435
216	459
216	465
216	491
216	496
217	50
217	86
217	209
217	268
217	289
217	302
217	344
217	378
217	385
217	388
217	421
217	441
217	476
217	488
217	494
218	9
218	117
218	215
218	280
218	318
218	349
218	358
218	375
218	415
218	463
218	465
218	468
218	473
218	487
218	495
219	46
219	117
219	257
219	273
219	290
219	304
219	320
219	331
219	338
219	343
219	367
219	395
219	425
219	441
219	486
220	110
220	251
220	280
220	293
220	303
220	304
220	374
220	375
220	395
220	412
220	420
220	478
220	479
220	480
220	496
221	223
221	234
221	242
221	256
221	278
221	341
221	346
221	357
221	385
221	405
221	417
221	464
221	469
221	490
221	494
222	101
222	120
222	123
222	205
222	286
222	322
222	374
222	377
222	431
222	443
222	447
222	465
222	470
222	492
222	495
223	128
223	142
223	179
223	207
223	221
223	226
223	240
223	265
223	375
223	428
223	451
223	464
223	477
223	481
223	496
224	114
224	134
224	196
224	214
224	289
224	321
224	363
224	415
224	427
224	461
224	463
224	473
224	474
224	487
224	488
225	7
225	22
225	76
225	104
225	169
225	180
225	281
225	314
225	325
225	330
225	337
225	381
225	407
225	413
225	419
226	13
226	89
226	93
226	155
226	163
226	187
226	223
226	310
226	330
226	406
226	441
226	442
226	456
226	491
226	496
227	27
227	66
227	79
227	111
227	119
227	174
227	230
227	287
227	307
227	330
227	371
227	434
227	439
227	456
227	482
228	1
228	71
228	113
228	162
228	204
228	282
228	314
228	354
228	357
228	360
228	400
228	403
228	440
228	450
228	477
229	74
229	92
229	107
229	148
229	269
229	313
229	319
229	394
229	395
229	457
229	462
229	476
229	489
229	497
229	498
230	84
230	136
230	227
230	254
230	266
230	281
230	285
230	313
230	340
230	350
230	376
230	420
230	432
230	437
230	488
231	115
231	155
231	251
231	279
231	329
231	370
231	380
231	394
231	401
231	404
231	437
231	456
231	457
231	490
231	499
232	32
232	110
232	124
232	133
232	153
232	210
232	237
232	269
232	293
232	404
232	458
232	468
232	472
232	477
232	495
233	26
233	78
233	136
233	200
233	235
233	238
233	380
233	410
233	411
233	416
233	438
233	449
233	464
233	481
233	497
234	14
234	143
234	221
234	260
234	290
234	296
234	315
234	437
234	444
234	466
234	473
234	474
234	479
234	483
234	500
235	81
235	233
235	268
235	288
235	304
235	310
235	330
235	331
235	352
235	366
235	390
235	455
235	456
235	491
235	500
236	33
236	40
236	115
236	120
236	146
236	179
236	357
236	376
236	415
236	467
236	470
236	472
236	481
236	487
236	492
237	96
237	137
237	184
237	200
237	232
237	265
237	270
237	310
237	356
237	454
237	474
237	486
237	493
237	497
237	499
238	10
238	18
238	79
238	144
238	233
238	251
238	311
238	345
238	349
238	362
238	435
238	449
238	455
238	482
238	485
239	83
239	140
239	147
239	240
239	251
239	253
239	263
239	295
239	325
239	417
239	418
239	450
239	466
239	478
239	490
240	24
240	61
240	83
240	194
240	223
240	239
240	284
240	325
240	340
240	347
240	351
240	405
240	488
240	495
240	499
241	72
241	105
241	168
241	178
241	256
241	275
241	279
241	359
241	391
241	400
241	416
241	438
241	441
241	451
241	474
242	128
242	221
242	248
242	251
242	253
242	280
242	309
242	339
242	356
242	357
242	438
242	440
242	478
242	479
242	489
242	494
243	36
243	245
243	291
243	336
243	379
243	383
243	399
243	405
243	407
243	422
243	433
243	437
243	438
243	458
243	469
243	477
244	103
244	163
244	194
244	200
244	306
244	314
244	325
244	383
244	417
244	421
244	425
244	465
244	477
244	490
244	495
244	499
245	34
245	44
245	72
245	83
245	164
245	243
245	296
245	415
245	431
245	437
245	439
245	447
245	472
245	487
245	490
245	498
246	88
246	111
246	123
246	168
246	196
246	209
246	292
246	298
246	311
246	399
246	425
246	429
246	431
246	451
246	475
246	490
247	102
247	186
247	195
247	249
247	269
247	319
247	332
247	355
247	415
247	419
247	427
247	458
247	460
247	473
247	479
247	494
248	28
248	82
248	143
248	242
248	263
248	264
248	321
248	333
248	446
248	463
248	473
248	482
248	484
248	485
248	487
248	493
249	37
249	89
249	91
249	141
249	199
249	247
249	287
249	357
249	376
249	410
249	428
249	431
249	455
249	457
249	467
249	492
250	75
250	138
250	150
250	188
250	263
250	265
250	282
250	299
250	322
250	352
250	355
250	407
250	421
250	428
250	467
250	478
251	2
251	25
251	159
251	196
251	220
251	231
251	238
251	239
251	242
251	306
251	338
251	340
251	360
251	391
251	494
251	500
252	102
252	181
252	329
252	362
252	368
252	388
252	401
252	405
252	411
252	424
252	433
252	445
252	457
252	492
252	494
252	500
253	135
253	147
253	152
253	192
253	239
253	242
253	261
253	385
253	413
253	421
253	440
253	444
253	479
253	492
253	494
253	496
254	59
254	127
254	230
254	282
254	364
254	416
254	426
254	446
254	457
254	462
254	471
254	472
254	482
254	492
254	495
254	497
255	79
255	106
255	154
255	186
255	295
255	311
255	315
255	356
255	377
255	383
255	417
255	423
255	441
255	465
255	486
255	490
256	86
256	178
256	205
256	221
256	241
256	375
256	404
256	405
256	428
256	447
256	466
256	474
256	477
256	480
256	484
256	495
257	81
257	83
257	115
257	219
257	302
257	305
257	372
257	374
257	375
257	385
257	387
257	440
257	457
257	459
257	478
257	494
258	10
258	132
258	146
258	189
258	211
258	260
258	268
258	299
258	366
258	382
258	391
258	446
258	474
258	483
258	494
258	496
259	16
259	85
259	95
259	142
259	165
259	301
259	315
259	403
259	404
259	419
259	427
259	458
259	460
259	461
259	470
259	472
260	69
260	81
260	111
260	234
260	258
260	264
260	316
260	338
260	354
260	365
260	411
260	422
260	425
260	447
260	452
260	495
261	34
261	161
261	209
261	253
261	289
261	315
261	335
261	364
261	375
261	394
261	404
261	441
261	462
261	483
261	484
261	494
262	101
262	109
262	134
262	153
262	309
262	313
262	314
262	365
262	407
262	417
262	420
262	447
262	454
262	481
262	485
262	498
263	133
263	161
263	178
263	239
263	248
263	250
263	274
263	285
263	361
263	404
263	409
263	410
263	464
263	476
263	484
263	486
264	11
264	34
264	35
264	136
264	145
264	163
264	183
264	214
264	248
264	260
264	267
264	290
264	292
264	456
264	460
264	476
265	1
265	19
265	56
265	174
265	190
265	223
265	237
265	250
265	289
265	322
265	387
265	390
265	414
265	424
265	470
265	492
266	75
266	130
266	183
266	230
266	278
266	280
266	320
266	347
266	349
266	396
266	408
266	431
266	465
266	466
266	486
266	498
267	22
267	23
267	111
267	136
267	264
267	282
267	345
267	371
267	403
267	442
267	456
267	457
267	458
267	467
267	486
267	489
268	11
268	189
268	217
268	235
268	258
268	284
268	302
268	329
268	334
268	383
268	397
268	402
268	430
268	440
268	445
268	453
269	18
269	97
269	146
269	180
269	188
269	229
269	232
269	247
269	324
269	341
269	349
269	412
269	419
269	439
269	450
269	490
270	191
270	195
270	237
270	283
270	292
270	341
270	344
270	360
270	363
270	376
270	392
270	403
270	417
270	475
270	478
270	481
271	30
271	117
271	161
271	327
271	333
271	336
271	342
271	344
271	375
271	378
271	386
271	435
271	460
271	463
271	473
271	487
272	30
272	201
272	207
272	315
272	322
272	328
272	350
272	365
272	389
272	410
272	418
272	432
272	433
272	452
272	469
272	489
273	61
273	65
273	126
273	157
273	201
273	219
273	305
273	378
273	380
273	381
273	400
273	407
273	469
273	475
273	477
273	478
274	80
274	186
274	263
274	291
274	309
274	312
274	333
274	348
274	357
274	370
274	398
274	437
274	441
274	448
274	485
274	486
275	113
275	119
275	141
275	152
275	162
275	208
275	241
275	287
275	337
275	340
275	362
275	419
275	455
275	468
275	471
275	494
275	498
276	104
276	180
276	301
276	315
276	343
276	366
276	373
276	375
276	382
276	395
276	402
276	429
276	453
276	455
276	466
276	491
276	499
277	49
277	67
277	70
277	143
277	190
277	198
277	314
277	321
277	349
277	350
277	377
277	407
277	443
277	446
277	456
277	474
277	476
278	53
278	129
278	221
278	266
278	299
278	324
278	355
278	358
278	371
278	448
278	449
278	451
278	480
278	485
278	491
278	494
278	500
279	10
279	16
279	48
279	79
279	101
279	109
279	139
279	203
279	231
279	241
279	368
279	370
279	437
279	476
279	477
279	498
279	499
280	62
280	171
280	218
280	220
280	242
280	266
280	300
280	369
280	392
280	398
280	419
280	423
280	466
280	476
280	486
280	493
280	496
281	53
281	225
281	230
281	355
281	358
281	408
281	412
281	434
281	436
281	442
281	444
281	454
281	456
281	493
281	496
281	497
281	499
282	74
282	190
282	201
282	228
282	250
282	254
282	267
282	289
282	356
282	377
282	421
282	463
282	466
282	471
282	476
282	478
282	486
283	54
283	68
283	126
283	166
283	270
283	335
283	356
283	361
283	376
283	382
283	408
283	429
283	433
283	438
283	471
283	478
283	492
284	10
284	21
284	74
284	124
284	240
284	268
284	305
284	345
284	386
284	390
284	421
284	423
284	428
284	440
284	452
284	463
284	465
285	66
285	84
285	148
285	230
285	263
285	310
285	320
285	342
285	347
285	349
285	396
285	399
285	428
285	432
285	450
285	467
285	475
286	32
286	62
286	64
286	131
286	209
286	222
286	303
286	325
286	363
286	368
286	388
286	417
286	425
286	437
286	483
286	486
286	490
287	9
287	26
287	51
287	214
287	227
287	249
287	275
287	326
287	368
287	387
287	390
287	411
287	412
287	417
287	428
287	467
287	486
288	24
288	71
288	77
288	91
288	192
288	193
288	235
288	294
288	296
288	316
288	325
288	377
288	383
288	406
288	441
288	480
288	490
289	154
289	156
289	217
289	224
289	261
289	265
289	282
289	308
289	363
289	364
289	380
289	424
289	460
289	471
289	483
289	486
289	494
290	2
290	106
290	162
290	219
290	234
290	264
290	301
290	343
290	361
290	362
290	428
290	431
290	436
290	448
290	454
290	483
290	489
291	167
291	243
291	274
291	330
291	354
291	360
291	370
291	403
291	406
291	422
291	429
291	450
291	457
291	472
291	480
291	490
291	500
292	37
292	43
292	56
292	58
292	172
292	196
292	246
292	264
292	270
292	329
292	384
292	398
292	403
292	427
292	475
292	490
292	500
293	6
293	214
293	220
293	232
293	299
293	332
293	363
293	366
293	392
293	395
293	419
293	423
293	445
293	462
293	467
293	476
293	483
294	1
294	152
294	153
294	180
294	288
294	309
294	318
294	367
294	402
294	413
294	418
294	427
294	428
294	439
294	443
294	459
294	466
295	24
295	77
295	147
295	239
295	255
295	320
295	325
295	362
295	406
295	407
295	425
295	436
295	442
295	473
295	476
295	487
295	491
296	38
296	44
296	52
296	149
296	234
296	245
296	288
296	350
296	362
296	418
296	423
296	457
296	465
296	469
296	471
296	480
296	488
297	73
297	77
297	80
297	109
297	153
297	357
297	389
297	392
297	402
297	409
297	410
297	416
297	427
297	428
297	458
297	460
297	461
298	20
298	118
298	198
298	199
298	246
298	304
298	399
298	403
298	421
298	423
298	453
298	458
298	459
298	462
298	465
298	479
298	490
299	250
299	258
299	278
299	293
299	306
299	344
299	385
299	396
299	409
299	421
299	449
299	473
299	475
299	487
299	491
299	497
299	498
300	101
300	139
300	143
300	170
300	185
300	188
300	280
300	306
300	307
300	330
300	369
300	382
300	394
300	427
300	478
300	486
300	491
300	496
301	55
301	114
301	128
301	135
301	163
301	259
301	276
301	290
301	320
301	333
301	341
301	346
301	372
301	442
301	456
301	465
301	479
301	487
302	3
302	54
302	60
302	124
302	183
302	217
302	257
302	268
302	334
302	357
302	393
302	423
302	426
302	430
302	441
302	466
302	490
302	491
303	37
303	64
303	85
303	96
303	181
303	206
303	220
303	286
303	326
303	354
303	362
303	380
303	411
303	426
303	437
303	467
303	479
303	499
304	65
304	219
304	220
304	235
304	298
304	316
304	331
304	342
304	366
304	376
304	399
304	420
304	432
304	439
304	446
304	471
304	477
304	482
305	5
305	38
305	104
305	199
305	257
305	273
305	284
305	364
305	400
305	401
305	405
305	406
305	408
305	437
305	452
305	480
305	489
305	492
306	162
306	169
306	244
306	251
306	299
306	300
306	320
306	333
306	361
306	367
306	369
306	370
306	372
306	380
306	388
306	398
306	407
306	455
307	52
307	120
307	130
307	227
307	300
307	311
307	315
307	316
307	335
307	351
307	358
307	362
307	363
307	456
307	458
307	482
307	483
307	500
308	13
308	59
308	78
308	125
308	137
308	167
308	208
308	289
308	331
308	414
308	435
308	447
308	449
308	454
308	457
308	459
308	486
308	495
309	2
309	15
309	35
309	43
309	47
309	116
309	129
309	186
309	207
309	214
309	242
309	262
309	274
309	294
309	328
309	439
309	457
309	488
310	45
310	131
310	146
310	226
310	235
310	237
310	285
310	334
310	341
310	379
310	394
310	404
310	421
310	426
310	441
310	442
310	445
310	465
311	29
311	31
311	90
311	111
311	117
311	149
311	191
311	195
311	238
311	246
311	255
311	307
311	318
311	346
311	411
311	432
311	475
311	478
312	12
312	30
312	79
312	141
312	274
312	316
312	343
312	357
312	374
312	395
312	398
312	412
312	416
312	438
312	454
312	464
312	491
312	499
313	8
313	95
313	189
313	192
313	202
313	229
313	230
313	262
313	405
313	422
313	429
313	449
313	452
313	476
313	483
313	488
313	495
313	497
314	107
314	126
314	203
314	225
314	228
314	244
314	262
314	277
314	340
314	377
314	402
314	422
314	426
314	431
314	434
314	463
314	470
314	500
315	34
315	140
315	216
315	234
315	255
315	259
315	261
315	272
315	276
315	307
315	386
315	388
315	392
315	409
315	425
315	464
315	480
315	493
316	32
316	115
316	124
316	135
316	260
316	288
316	304
316	307
316	312
316	317
316	335
316	359
316	379
316	428
316	452
316	461
316	468
316	472
316	500
317	43
317	67
317	143
317	182
317	316
317	332
317	384
317	414
317	422
317	435
317	446
317	450
317	472
317	473
317	474
317	492
317	495
317	497
317	498
318	15
318	39
318	70
318	82
318	85
318	180
318	218
318	294
318	311
318	329
318	344
318	375
318	383
318	391
318	404
318	409
318	447
318	460
318	484
319	18
319	87
319	101
319	124
319	128
319	188
319	202
319	229
319	247
319	323
319	365
319	401
319	412
319	440
319	441
319	461
319	468
319	485
319	486
320	47
320	99
320	117
320	163
320	176
320	190
320	219
320	266
320	285
320	295
320	301
320	306
320	359
320	372
320	390
320	423
320	442
320	450
320	500
321	40
321	137
321	178
321	182
321	215
321	224
321	248
321	277
321	336
321	436
321	443
321	450
321	453
321	455
321	460
321	463
321	473
321	483
321	487
322	77
322	178
322	180
322	222
322	250
322	265
322	272
322	334
322	343
322	387
322	393
322	412
322	431
322	434
322	444
322	445
322	470
322	485
322	500
323	7
323	39
323	48
323	66
323	105
323	127
323	139
323	319
323	348
323	387
323	397
323	416
323	417
323	429
323	441
323	448
323	453
323	487
323	491
324	21
324	25
324	29
324	102
324	129
324	137
324	186
324	269
324	278
324	361
324	386
324	390
324	399
324	429
324	430
324	445
324	474
324	477
324	496
325	59
325	97
325	101
325	147
325	189
325	225
325	239
325	240
325	244
325	286
325	288
325	295
325	347
325	421
325	448
325	470
325	487
325	488
325	493
326	8
326	103
326	108
326	110
326	144
326	159
326	194
326	205
326	287
326	303
326	354
326	368
326	386
326	403
326	438
326	452
326	459
326	475
326	495
327	3
327	73
327	87
327	89
327	145
327	148
327	151
327	174
327	206
327	216
327	271
327	370
327	390
327	408
327	441
327	455
327	483
327	496
327	500
328	63
328	80
328	138
328	201
328	272
328	309
328	378
328	421
328	424
328	429
328	436
328	438
328	442
328	450
328	464
328	491
328	493
328	497
328	499
329	6
329	33
329	175
329	193
329	231
329	252
329	268
329	292
329	318
329	353
329	385
329	393
329	398
329	463
329	479
329	484
329	487
329	491
329	500
330	179
330	225
330	226
330	227
330	235
330	291
330	300
330	341
330	387
330	393
330	404
330	412
330	419
330	443
330	465
330	466
330	467
330	491
330	496
331	10
331	83
331	90
331	181
331	219
331	235
331	304
331	308
331	343
331	374
331	377
331	385
331	441
331	447
331	448
331	472
331	483
331	484
331	492
332	18
332	85
332	97
332	178
332	185
332	205
332	247
332	293
332	317
332	337
332	362
332	374
332	392
332	400
332	401
332	406
332	434
332	441
332	469
332	489
333	144
333	151
333	190
333	191
333	210
333	248
333	271
333	274
333	301
333	306
333	348
333	353
333	375
333	381
333	456
333	462
333	463
333	471
333	473
333	487
334	57
334	76
334	92
334	130
334	170
334	172
334	210
334	268
334	302
334	310
334	322
334	344
334	356
334	373
334	414
334	434
334	436
334	474
334	481
334	492
335	3
335	6
335	17
335	25
335	117
335	162
335	174
335	194
335	261
335	283
335	307
335	316
335	355
335	403
335	423
335	458
335	478
335	481
335	493
335	498
336	25
336	115
336	130
336	147
336	213
336	243
336	271
336	321
336	353
336	371
336	380
336	405
336	406
336	418
336	422
336	444
336	459
336	468
336	479
336	486
337	32
337	50
337	67
337	70
337	126
337	157
337	225
337	275
337	332
337	347
337	356
337	363
337	381
337	401
337	407
337	410
337	413
337	457
337	480
337	496
338	64
338	71
338	94
338	144
338	201
338	204
338	219
338	251
338	260
338	340
338	350
338	359
338	371
338	378
338	402
338	403
338	408
338	453
338	486
338	487
339	25
339	30
339	51
339	52
339	121
339	129
339	179
339	201
339	216
339	242
339	389
339	398
339	407
339	420
339	426
339	430
339	472
339	483
339	494
339	496
340	8
340	11
340	51
340	137
340	144
340	195
340	230
340	240
340	251
340	275
340	314
340	338
340	360
340	362
340	379
340	397
340	450
340	459
340	484
340	488
341	7
341	67
341	73
341	119
341	170
341	221
341	269
341	270
341	301
341	310
341	330
341	353
341	359
341	373
341	434
341	442
341	469
341	471
341	493
341	495
342	66
342	78
342	83
342	108
342	136
342	138
342	141
342	199
342	215
342	271
342	285
342	304
342	356
342	418
342	432
342	440
342	459
342	472
342	491
342	495
343	112
343	119
343	192
343	219
343	276
343	290
343	312
343	322
343	331
343	366
343	368
343	383
343	433
343	441
343	444
343	464
343	474
343	475
343	495
343	498
344	35
344	46
344	64
344	92
344	205
344	215
344	217
344	270
344	271
344	299
344	318
344	334
344	361
344	383
344	396
344	405
344	451
344	469
344	477
344	494
345	17
345	25
345	36
345	58
345	66
345	133
345	134
345	238
345	267
345	284
345	395
345	396
345	411
345	416
345	431
345	453
345	454
345	473
345	479
345	482
346	26
346	90
346	108
346	118
346	127
346	194
346	221
346	301
346	311
346	360
346	364
346	397
346	401
346	416
346	422
346	424
346	438
346	466
346	473
346	496
347	16
347	22
347	94
347	123
347	240
347	266
347	285
347	325
347	337
347	412
347	414
347	420
347	435
347	446
347	449
347	455
347	461
347	468
347	472
347	480
348	11
348	17
348	41
348	59
348	153
348	186
348	196
348	203
348	212
348	274
348	323
348	333
348	350
348	354
348	363
348	365
348	388
348	390
348	447
348	492
349	51
349	218
349	238
349	266
349	269
349	277
349	285
349	366
349	376
349	390
349	402
349	404
349	425
349	435
349	438
349	443
349	466
349	476
349	484
349	492
349	493
350	199
350	230
350	272
350	277
350	296
350	338
350	348
350	381
350	382
350	400
350	401
350	406
350	414
350	415
350	430
350	446
350	465
350	471
350	489
350	490
350	491
351	28
351	116
351	155
351	160
351	181
351	184
351	204
351	210
351	240
351	307
351	364
351	386
351	401
351	420
351	431
351	452
351	474
351	488
351	491
351	495
351	497
352	76
352	80
352	112
352	118
352	174
352	189
352	235
352	250
352	355
352	364
352	373
352	399
352	407
352	411
352	418
352	442
352	445
352	451
352	491
352	493
352	495
353	44
353	46
353	84
353	98
353	116
353	137
353	145
353	329
353	333
353	336
353	341
353	389
353	393
353	421
353	422
353	436
353	447
353	456
353	461
353	470
353	477
354	6
354	64
354	159
354	192
354	228
354	260
354	291
354	303
354	326
354	348
354	360
354	364
354	394
354	417
354	426
354	436
354	442
354	450
354	451
354	457
354	495
355	6
355	15
355	57
355	71
355	92
355	99
355	183
355	211
355	247
355	250
355	278
355	281
355	335
355	352
355	368
355	384
355	403
355	431
355	481
355	486
355	491
356	19
356	26
356	66
356	125
356	127
356	237
356	242
356	255
356	282
356	283
356	334
356	337
356	342
356	370
356	389
356	395
356	416
356	419
356	441
356	453
356	492
357	58
357	117
357	185
357	192
357	211
357	221
357	228
357	236
357	242
357	249
357	274
357	297
357	302
357	312
357	400
357	462
357	468
357	483
357	488
357	494
357	497
358	64
358	75
358	118
358	144
358	145
358	191
358	206
358	218
358	278
358	281
358	307
358	374
358	379
358	404
358	444
358	456
358	462
358	471
358	484
358	494
358	499
359	52
359	55
359	114
359	121
359	170
359	190
359	241
359	316
359	320
359	338
359	341
359	360
359	372
359	389
359	398
359	409
359	443
359	452
359	454
359	462
359	464
360	31
360	45
360	107
360	228
360	251
360	270
360	291
360	340
360	346
360	354
360	359
360	364
360	373
360	383
360	402
360	444
360	450
360	457
360	464
360	481
360	488
360	496
361	71
361	90
361	141
361	179
361	216
361	263
361	283
361	290
361	306
361	324
361	344
361	383
361	384
361	390
361	398
361	410
361	448
361	450
361	455
361	463
361	478
361	493
362	8
362	123
362	135
362	238
362	252
362	275
362	290
362	295
362	296
362	303
362	307
362	332
362	340
362	365
362	406
362	424
362	426
362	451
362	454
362	467
362	499
362	500
363	29
363	37
363	116
363	148
363	173
363	195
363	196
363	224
363	270
363	286
363	289
363	293
363	307
363	337
363	348
363	388
363	400
363	436
363	440
363	464
363	475
363	482
364	8
364	57
364	119
364	254
364	261
364	289
364	305
364	346
364	351
364	352
364	354
364	360
364	380
364	446
364	447
364	453
364	461
364	465
364	467
364	475
364	482
364	488
365	45
365	94
365	122
365	179
365	185
365	214
365	260
365	262
365	272
365	319
365	348
365	362
365	366
365	380
365	388
365	443
365	459
365	460
365	463
365	471
365	477
365	489
366	40
366	76
366	77
366	110
366	119
366	160
366	193
366	201
366	235
366	258
366	276
366	293
366	304
366	343
366	349
366	365
366	377
366	382
366	409
366	418
366	440
366	478
367	1
367	20
367	73
367	154
367	157
367	219
367	294
367	306
367	372
367	384
367	410
367	412
367	414
367	435
367	449
367	451
367	455
367	466
367	468
367	470
367	489
367	498
368	13
368	69
368	114
368	137
368	252
368	279
368	286
368	287
368	326
368	343
368	355
368	378
368	409
368	411
368	424
368	426
368	465
368	467
368	484
368	489
368	499
368	500
369	24
369	31
369	40
369	50
369	95
369	105
369	179
369	280
369	300
369	306
369	391
369	417
369	420
369	432
369	457
369	478
369	481
369	482
369	488
369	489
369	491
369	496
370	5
370	20
370	97
370	134
370	171
370	199
370	216
370	231
370	274
370	279
370	291
370	306
370	327
370	356
370	372
370	386
370	394
370	396
370	400
370	447
370	477
370	483
370	490
371	9
371	64
371	95
371	122
371	129
371	155
371	157
371	205
371	213
371	227
371	267
371	278
371	336
371	338
371	372
371	380
371	387
371	390
371	399
371	418
371	437
371	447
371	479
372	24
372	74
372	76
372	81
372	102
372	113
372	193
372	211
372	257
372	301
372	306
372	320
372	359
372	367
372	370
372	371
372	386
372	410
372	419
372	431
372	474
372	482
372	492
373	96
373	108
373	110
373	126
373	163
373	170
373	174
373	190
373	202
373	276
373	334
373	341
373	352
373	360
373	408
373	438
373	442
373	447
373	453
373	457
373	480
373	483
373	487
374	95
374	103
374	171
374	220
374	222
374	257
374	312
374	331
374	332
374	358
374	393
374	395
374	401
374	416
374	426
374	429
374	440
374	445
374	453
374	477
374	478
374	488
374	492
375	42
375	52
375	57
375	152
375	184
375	209
375	218
375	220
375	223
375	256
375	257
375	261
375	271
375	276
375	318
375	333
375	382
375	386
375	409
375	419
375	427
375	477
375	484
376	15
376	39
376	138
376	145
376	156
376	184
376	230
376	236
376	249
376	270
376	283
376	304
376	349
376	377
376	388
376	418
376	420
376	432
376	437
376	447
376	455
376	461
376	483
377	5
377	14
377	19
377	32
377	138
377	195
377	222
377	255
377	277
377	282
377	288
377	314
377	331
377	366
377	376
377	390
377	394
377	399
377	411
377	459
377	464
377	497
377	498
378	9
378	16
378	33
378	44
378	49
378	87
378	94
378	157
378	200
378	214
378	217
378	271
378	273
378	328
378	338
378	368
378	388
378	431
378	469
378	476
378	483
378	486
378	493
379	21
379	54
379	56
379	147
379	160
379	175
379	194
379	206
379	243
379	310
379	316
379	340
379	358
379	400
379	419
379	433
379	434
379	444
379	456
379	466
379	480
379	483
379	499
380	20
380	68
380	116
380	200
380	231
380	233
380	273
380	289
380	303
380	306
380	336
380	364
380	365
380	371
380	385
380	386
380	397
380	412
380	431
380	434
380	435
380	477
380	488
381	22
381	93
381	165
381	166
381	169
381	175
381	181
381	198
381	225
381	273
381	333
381	337
381	350
381	408
381	413
381	443
381	450
381	457
381	464
381	466
381	467
381	475
381	484
382	19
382	43
382	134
382	139
382	156
382	212
382	258
382	276
382	283
382	300
382	350
382	366
382	375
382	391
382	403
382	430
382	433
382	437
382	441
382	453
382	491
382	492
382	500
383	14
383	46
383	83
383	140
383	243
383	244
383	255
383	268
383	288
383	318
383	343
383	344
383	360
383	361
383	385
383	406
383	415
383	417
383	418
383	425
383	449
383	470
383	480
384	116
384	132
384	134
384	154
384	168
384	172
384	205
384	209
384	292
384	317
384	355
384	361
384	367
384	405
384	412
384	414
384	416
384	422
384	435
384	461
384	478
384	482
384	496
385	26
385	50
385	88
385	110
385	133
385	138
385	159
385	182
385	195
385	217
385	221
385	253
385	257
385	299
385	329
385	331
385	380
385	383
385	416
385	455
385	460
385	481
385	495
386	3
386	10
386	102
386	136
386	157
386	176
386	178
386	215
386	271
386	284
386	315
386	324
386	326
386	351
386	370
386	372
386	375
386	380
386	387
386	400
386	450
386	456
386	481
387	83
387	100
387	142
387	147
387	257
387	265
387	287
387	322
387	323
387	330
387	371
387	386
387	398
387	414
387	418
387	434
387	449
387	458
387	459
387	463
387	496
387	497
387	500
388	47
388	168
388	217
388	252
388	286
388	306
388	315
388	348
388	363
388	365
388	376
388	378
388	399
388	436
388	448
388	454
388	463
388	470
388	477
388	478
388	479
388	480
388	484
388	493
389	14
389	21
389	75
389	84
389	97
389	108
389	115
389	120
389	132
389	170
389	272
389	297
389	339
389	353
389	356
389	359
389	393
389	427
389	440
389	457
389	460
389	475
389	479
389	488
390	12
390	58
390	59
390	128
390	235
390	265
390	284
390	287
390	320
390	324
390	327
390	348
390	349
390	361
390	371
390	377
390	418
390	445
390	447
390	455
390	462
390	491
390	492
390	495
391	23
391	31
391	68
391	132
391	141
391	188
391	197
391	213
391	241
391	251
391	258
391	318
391	369
391	382
391	407
391	412
391	421
391	432
391	457
391	469
391	470
391	471
391	482
391	486
392	12
392	17
392	21
392	105
392	197
392	202
392	212
392	270
392	280
392	293
392	297
392	315
392	332
392	410
392	419
392	423
392	427
392	432
392	433
392	458
392	460
392	466
392	468
392	487
392	495
393	66
393	90
393	106
393	135
393	143
393	163
393	164
393	168
393	179
393	185
393	193
393	302
393	322
393	329
393	330
393	353
393	374
393	389
393	396
393	435
393	442
393	454
393	462
393	484
393	494
394	106
394	111
394	162
394	210
394	229
394	231
394	261
394	300
394	310
394	354
394	370
394	377
394	399
394	411
394	415
394	416
394	421
394	424
394	444
394	446
394	458
394	469
394	470
394	477
394	481
395	6
395	59
395	95
395	127
395	169
395	219
395	220
395	229
395	276
395	293
395	312
395	345
395	356
395	374
395	412
395	422
395	424
395	433
395	465
395	468
395	471
395	472
395	485
395	488
395	492
396	8
396	51
396	102
396	168
396	172
396	175
396	266
396	285
396	299
396	344
396	345
396	370
396	393
396	408
396	413
396	430
396	439
396	448
396	451
396	459
396	463
396	475
396	485
396	490
396	500
397	2
397	48
397	69
397	90
397	103
397	140
397	154
397	183
397	199
397	268
397	323
397	340
397	346
397	380
397	407
397	422
397	426
397	429
397	445
397	449
397	454
397	466
397	471
397	482
397	485
398	5
398	58
398	73
398	93
398	95
398	173
398	274
398	280
398	292
398	306
398	312
398	329
398	339
398	359
398	361
398	387
398	415
398	416
398	430
398	434
398	447
398	476
398	482
398	491
398	496
399	59
399	66
399	84
399	143
399	160
399	170
399	196
399	243
399	246
399	285
399	298
399	304
399	324
399	352
399	371
399	377
399	388
399	394
399	427
399	439
399	459
399	462
399	479
399	480
399	491
399	498
400	29
400	41
400	169
400	189
400	193
400	197
400	228
400	241
400	273
400	305
400	332
400	350
400	357
400	363
400	370
400	379
400	386
400	404
400	418
400	431
400	433
400	443
400	444
400	445
400	450
400	452
401	33
401	35
401	39
401	53
401	82
401	231
401	252
401	305
401	319
401	332
401	337
401	346
401	350
401	351
401	374
401	405
401	409
401	412
401	414
401	443
401	452
401	465
401	469
401	476
401	482
401	486
402	10
402	12
402	56
402	124
402	155
402	162
402	268
402	276
402	294
402	297
402	314
402	338
402	349
402	360
402	408
402	423
402	425
402	426
402	440
402	451
402	463
402	470
402	484
402	491
402	492
402	498
403	22
403	26
403	31
403	64
403	103
403	228
403	259
403	267
403	270
403	291
403	292
403	298
403	326
403	335
403	338
403	355
403	382
403	420
403	450
403	453
403	460
403	461
403	468
403	472
403	487
403	497
404	3
404	11
404	18
404	23
404	33
404	35
404	85
404	138
404	178
404	231
404	232
404	256
404	259
404	261
404	263
404	310
404	318
404	330
404	349
404	358
404	400
404	409
404	410
404	461
404	463
404	484
405	57
405	61
405	70
405	84
405	112
405	120
405	141
405	187
405	221
405	240
405	243
405	252
405	256
405	305
405	313
405	336
405	344
405	384
405	401
405	451
405	473
405	474
405	482
405	488
405	490
405	497
406	5
406	36
406	46
406	62
406	101
406	172
406	173
406	226
406	288
406	291
406	295
406	305
406	332
406	336
406	350
406	362
406	383
406	411
406	416
406	417
406	425
406	439
406	463
406	476
406	490
406	498
407	65
407	93
407	126
407	151
407	157
407	213
407	225
407	243
407	250
407	262
407	273
407	277
407	295
407	306
407	337
407	339
407	352
407	391
407	397
407	413
407	420
407	450
407	462
407	473
407	498
407	500
408	55
408	61
408	125
408	129
408	188
408	200
408	266
408	281
408	283
408	305
408	327
408	338
408	373
408	381
408	396
408	402
408	433
408	436
408	448
408	464
408	476
408	480
408	482
408	483
408	485
408	499
409	14
409	57
409	88
409	108
409	144
409	193
409	263
409	297
409	299
409	315
409	318
409	359
409	366
409	368
409	375
409	401
409	404
409	423
409	424
409	440
409	471
409	481
409	484
409	486
409	497
409	499
410	4
410	106
410	149
410	160
410	165
410	187
410	198
410	233
410	249
410	263
410	272
410	297
410	337
410	361
410	367
410	372
410	392
410	404
410	419
410	420
410	427
410	437
410	451
410	458
410	460
410	477
411	39
411	81
411	94
411	142
411	146
411	172
411	175
411	191
411	233
411	252
411	260
411	287
411	303
411	311
411	345
411	352
411	368
411	377
411	394
411	406
411	426
411	437
411	458
411	484
411	497
411	500
412	61
412	76
412	165
412	193
412	197
412	220
412	269
412	281
412	287
412	312
412	319
412	322
412	330
412	347
412	367
412	380
412	384
412	391
412	395
412	401
412	425
412	428
412	433
412	461
412	468
412	472
412	489
413	1
413	9
413	22
413	58
413	65
413	70
413	78
413	108
413	113
413	126
413	159
413	181
413	211
413	225
413	253
413	294
413	337
413	381
413	396
413	407
413	417
413	448
413	451
413	456
413	466
413	487
413	496
414	18
414	100
414	101
414	108
414	113
414	136
414	156
414	158
414	164
414	187
414	265
414	308
414	317
414	334
414	347
414	350
414	367
414	384
414	387
414	401
414	424
414	435
414	443
414	460
414	468
414	472
414	497
415	32
415	60
415	85
415	93
415	123
415	150
415	152
415	160
415	184
415	213
415	218
415	224
415	236
415	245
415	247
415	350
415	383
415	394
415	398
415	441
415	448
415	466
415	476
415	477
415	479
415	488
415	498
416	12
416	20
416	89
416	184
416	199
416	213
416	233
416	241
416	254
416	297
416	312
416	323
416	345
416	346
416	356
416	374
416	384
416	385
416	394
416	398
416	406
416	417
416	425
416	448
416	453
416	485
416	492
417	25
417	49
417	156
417	160
417	171
417	221
417	239
417	244
417	255
417	262
417	270
417	286
417	287
417	323
417	354
417	369
417	383
417	406
417	413
417	416
417	419
417	452
417	458
417	469
417	475
417	482
417	490
418	65
418	68
418	104
418	123
418	152
418	185
418	188
418	206
418	239
418	272
418	294
418	296
418	336
418	342
418	352
418	366
418	371
418	376
418	383
418	387
418	390
418	400
418	435
418	469
418	475
418	489
418	495
419	34
419	97
419	107
419	165
419	166
419	184
419	211
419	212
419	225
419	247
419	259
419	269
419	275
419	280
419	293
419	330
419	356
419	372
419	375
419	379
419	392
419	410
419	417
419	450
419	458
419	460
419	497
420	17
420	48
420	66
420	78
420	82
420	131
420	138
420	144
420	156
420	220
420	230
420	262
420	304
420	339
420	347
420	351
420	369
420	376
420	403
420	407
420	410
420	432
420	442
420	480
420	482
420	485
420	489
421	38
421	56
421	72
421	119
421	141
421	154
421	180
421	186
421	187
421	207
421	217
421	244
421	250
421	253
421	282
421	284
421	298
421	299
421	310
421	325
421	328
421	353
421	391
421	394
421	473
421	485
421	486
422	89
422	100
422	102
422	122
422	125
422	131
422	139
422	153
422	164
422	207
422	211
422	243
422	260
422	291
422	313
422	314
422	317
422	336
422	346
422	353
422	384
422	395
422	397
422	459
422	490
422	493
422	499
423	24
423	101
423	110
423	114
423	121
423	202
423	255
423	280
423	284
423	293
423	296
423	298
423	302
423	320
423	335
423	392
423	402
423	409
423	429
423	439
423	452
423	453
423	465
423	476
423	485
423	490
423	498
424	49
424	61
424	63
424	103
424	182
424	197
424	204
424	252
424	265
424	289
424	328
424	346
424	362
424	368
424	394
424	395
424	409
424	414
424	426
424	432
424	433
424	436
424	467
424	497
424	498
424	499
424	500
425	70
425	101
425	166
425	169
425	171
425	197
425	219
425	244
425	246
425	260
425	286
425	295
425	315
425	349
425	383
425	402
425	406
425	412
425	416
425	436
425	449
425	458
425	468
425	471
425	481
425	490
425	495
425	497
426	33
426	68
426	73
426	78
426	87
426	177
426	186
426	187
426	199
426	254
426	302
426	303
426	310
426	314
426	339
426	354
426	362
426	368
426	374
426	397
426	402
426	411
426	424
426	436
426	452
426	459
426	499
426	500
427	54
427	92
427	130
427	158
427	166
427	167
427	212
427	224
427	247
427	259
427	292
427	294
427	297
427	300
427	375
427	389
427	392
427	399
427	410
427	458
427	460
427	461
427	462
427	471
427	478
427	487
427	491
427	498
428	16
428	21
428	35
428	65
428	70
428	74
428	113
428	135
428	150
428	182
428	194
428	195
428	211
428	223
428	249
428	250
428	256
428	284
428	285
428	287
428	290
428	294
428	297
428	316
428	412
428	467
428	481
428	485
429	12
429	26
429	28
429	43
429	66
429	94
429	102
429	103
429	105
429	184
429	190
429	209
429	246
429	276
429	283
429	291
429	313
429	323
429	324
429	328
429	374
429	397
429	423
429	433
429	441
429	449
429	464
429	492
429	497
430	27
430	30
430	43
430	89
430	142
430	144
430	149
430	176
430	203
430	214
430	268
430	302
430	324
430	339
430	350
430	382
430	396
430	398
430	435
430	438
430	455
430	461
430	462
430	468
430	476
430	485
430	491
430	496
430	498
431	54
431	79
431	117
431	132
431	136
431	147
431	151
431	174
431	185
431	210
431	222
431	245
431	246
431	249
431	266
431	290
431	314
431	322
431	345
431	351
431	355
431	372
431	378
431	380
431	400
431	465
431	468
431	477
431	496
432	18
432	47
432	50
432	51
432	66
432	138
432	156
432	170
432	186
432	190
432	230
432	272
432	285
432	304
432	311
432	342
432	369
432	376
432	391
432	392
432	420
432	424
432	433
432	437
432	448
432	452
432	459
432	461
432	464
433	1
433	56
433	71
433	127
433	130
433	140
433	152
433	153
433	154
433	243
433	252
433	272
433	283
433	343
433	379
433	382
433	392
433	395
433	400
433	408
433	412
433	424
433	429
433	432
433	441
433	444
433	453
433	468
433	492
434	14
434	29
434	36
434	52
434	53
434	63
434	88
434	93
434	120
434	130
434	140
434	147
434	181
434	198
434	227
434	281
434	314
434	322
434	332
434	334
434	341
434	379
434	380
434	387
434	398
434	436
434	444
434	456
434	463
434	499
435	4
435	29
435	69
435	81
435	86
435	114
435	139
435	159
435	160
435	200
435	216
435	238
435	271
435	308
435	317
435	347
435	349
435	367
435	380
435	384
435	393
435	414
435	418
435	430
435	454
435	461
435	468
435	479
435	482
435	483
436	60
436	71
436	158
436	179
436	181
436	196
436	215
436	281
436	290
436	295
436	321
436	328
436	334
436	353
436	354
436	363
436	388
436	408
436	424
436	425
436	426
436	434
436	448
436	449
436	464
436	471
436	480
436	483
436	493
436	495
437	67
437	131
437	150
437	155
437	195
437	214
437	230
437	231
437	234
437	243
437	245
437	274
437	279
437	286
437	303
437	305
437	371
437	376
437	382
437	410
437	411
437	432
437	439
437	454
437	456
437	474
437	477
437	484
437	495
437	496
438	7
438	75
438	112
438	118
438	156
438	194
438	208
438	233
438	241
438	242
438	243
438	283
438	312
438	326
438	328
438	346
438	349
438	373
438	430
438	440
438	445
438	446
438	463
438	468
438	476
438	479
438	481
438	482
438	494
438	495
438	500
439	10
439	14
439	27
439	28
439	50
439	79
439	149
439	174
439	175
439	177
439	227
439	245
439	269
439	294
439	304
439	309
439	396
439	399
439	406
439	423
439	437
439	442
439	446
439	448
439	459
439	477
439	478
439	479
439	485
439	489
439	490
440	21
440	29
440	37
440	39
440	135
440	146
440	228
440	242
440	253
440	257
440	268
440	284
440	319
440	342
440	363
440	366
440	374
440	389
440	402
440	409
440	438
440	444
440	461
440	466
440	481
440	490
440	494
440	495
440	497
440	498
440	499
441	45
441	54
441	99
441	132
441	184
441	194
441	200
441	204
441	217
441	219
441	226
441	241
441	255
441	261
441	274
441	288
441	302
441	310
441	319
441	323
441	327
441	331
441	332
441	343
441	356
441	382
441	415
441	429
441	433
441	446
441	462
442	29
442	32
442	41
442	55
442	56
442	103
442	132
442	163
442	173
442	174
442	176
442	192
442	226
442	267
442	281
442	295
442	301
442	310
442	320
442	328
442	341
442	352
442	354
442	373
442	393
442	420
442	439
442	453
442	460
442	475
442	497
443	44
443	49
443	67
443	69
443	106
443	123
443	172
443	181
443	185
443	205
443	222
443	277
443	294
443	321
443	330
443	349
443	359
443	365
443	381
443	400
443	401
443	414
443	447
443	449
443	452
443	467
443	468
443	471
443	489
443	499
443	500
444	22
444	53
444	79
444	90
444	124
444	133
444	135
444	158
444	175
444	197
444	206
444	211
444	234
444	253
444	281
444	322
444	336
444	343
444	358
444	360
444	379
444	394
444	400
444	433
444	434
444	440
444	454
444	456
444	479
444	481
444	485
445	7
445	13
445	16
445	26
445	70
445	77
445	96
445	98
445	145
445	156
445	159
445	164
445	182
445	183
445	192
445	212
445	252
445	268
445	293
445	310
445	322
445	324
445	352
445	374
445	390
445	397
445	400
445	438
445	477
445	493
445	495
445	497
446	74
446	100
446	126
446	144
446	153
446	160
446	189
446	195
446	204
446	207
446	248
446	254
446	258
446	277
446	304
446	317
446	347
446	350
446	364
446	394
446	438
446	439
446	441
446	448
446	454
446	467
446	477
446	482
446	488
446	495
446	497
446	500
447	5
447	62
447	120
447	145
447	155
447	162
447	180
447	222
447	245
447	256
447	260
447	262
447	308
447	318
447	331
447	348
447	353
447	364
447	370
447	371
447	373
447	376
447	390
447	398
447	443
447	456
447	458
447	464
447	466
447	473
447	474
447	487
447	488
448	42
448	63
448	109
448	115
448	116
448	137
448	190
448	203
448	207
448	212
448	274
448	278
448	290
448	323
448	325
448	331
448	361
448	388
448	396
448	408
448	413
448	415
448	416
448	432
448	436
448	439
448	446
448	464
448	474
448	480
448	487
448	490
448	492
449	4
449	25
449	36
449	78
449	102
449	122
449	138
449	141
449	149
449	153
449	159
449	233
449	238
449	278
449	299
449	308
449	313
449	347
449	367
449	383
449	387
449	397
449	425
449	429
449	436
449	443
449	454
449	456
449	472
449	481
449	488
449	491
449	498
450	8
450	31
450	71
450	100
450	144
450	162
450	169
450	212
450	228
450	239
450	269
450	285
450	291
450	317
450	320
450	321
450	328
450	340
450	354
450	360
450	361
450	381
450	386
450	400
450	403
450	407
450	419
450	454
450	456
450	472
450	476
450	479
450	488
450	491
451	6
451	9
451	21
451	28
451	54
451	58
451	60
451	76
451	81
451	168
451	171
451	175
451	214
451	223
451	241
451	246
451	278
451	344
451	352
451	354
451	362
451	367
451	396
451	402
451	405
451	410
451	413
451	465
451	468
451	474
451	481
451	485
451	488
451	500
452	12
452	30
452	41
452	46
452	121
452	133
452	165
452	189
452	199
452	205
452	212
452	260
452	272
452	284
452	305
452	313
452	316
452	326
452	351
452	359
452	400
452	401
452	417
452	423
452	426
452	432
452	443
452	465
452	467
452	469
452	472
452	475
452	482
452	500
453	46
453	88
453	99
453	118
453	119
453	130
453	157
453	178
453	202
453	215
453	268
453	276
453	298
453	321
453	323
453	338
453	345
453	356
453	364
453	373
453	374
453	382
453	403
453	416
453	423
453	433
453	442
453	464
453	465
453	470
453	478
453	482
453	492
453	497
454	16
454	23
454	42
454	56
454	61
454	104
454	172
454	178
454	237
454	262
454	281
454	290
454	308
454	312
454	345
454	359
454	362
454	388
454	393
454	397
454	435
454	437
454	444
454	446
454	449
454	450
454	456
454	464
454	465
454	470
454	474
454	480
454	483
454	491
455	13
455	18
455	37
455	38
455	40
455	47
455	58
455	65
455	73
455	89
455	104
455	112
455	152
455	203
455	204
455	235
455	238
455	249
455	275
455	276
455	306
455	321
455	327
455	347
455	361
455	367
455	376
455	385
455	390
455	430
455	456
455	457
455	482
455	483
456	52
456	79
456	81
456	92
456	101
456	110
456	114
456	206
456	208
456	226
456	227
456	231
456	235
456	264
456	267
456	277
456	281
456	301
456	307
456	333
456	353
456	358
456	379
456	386
456	413
456	434
456	437
456	444
456	447
456	449
456	450
456	454
456	455
456	467
456	474
457	37
457	121
457	122
457	128
457	154
457	163
457	168
457	180
457	198
457	205
457	207
457	229
457	231
457	249
457	252
457	254
457	257
457	267
457	291
457	296
457	308
457	309
457	337
457	354
457	360
457	369
457	373
457	381
457	389
457	391
457	455
457	463
457	471
457	484
457	496
458	2
458	12
458	41
458	48
458	73
458	111
458	113
458	160
458	166
458	211
458	212
458	213
458	232
458	243
458	247
458	259
458	267
458	297
458	298
458	307
458	335
458	387
458	392
458	394
458	410
458	411
458	417
458	419
458	425
458	427
458	447
458	460
458	468
458	485
458	500
459	47
459	62
459	97
459	103
459	106
459	124
459	128
459	140
459	152
459	153
459	176
459	189
459	216
459	257
459	294
459	298
459	308
459	326
459	336
459	340
459	342
459	365
459	377
459	387
459	396
459	399
459	422
459	426
459	432
459	439
459	462
459	467
459	470
459	475
459	478
459	489
460	10
460	13
460	120
460	121
460	123
460	147
460	160
460	165
460	166
460	170
460	173
460	177
460	202
460	247
460	259
460	264
460	271
460	289
460	297
460	318
460	321
460	365
460	385
460	389
460	392
460	403
460	410
460	414
460	419
460	427
460	442
460	458
460	463
460	470
460	492
460	499
461	1
461	3
461	4
461	40
461	84
461	97
461	127
461	131
461	145
461	164
461	165
461	178
461	188
461	224
461	259
461	297
461	316
461	319
461	347
461	353
461	364
461	376
461	384
461	403
461	404
461	412
461	427
461	430
461	432
461	435
461	440
461	466
461	468
461	472
461	488
461	500
462	46
462	55
462	72
462	102
462	129
462	132
462	146
462	149
462	176
462	196
462	201
462	206
462	210
462	229
462	254
462	261
462	293
462	298
462	333
462	357
462	358
462	359
462	390
462	393
462	399
462	407
462	427
462	430
462	441
462	459
462	466
462	470
462	479
462	480
462	492
462	497
462	498
463	23
463	50
463	86
463	105
463	151
463	169
463	189
463	214
463	215
463	218
463	224
463	248
463	271
463	282
463	284
463	314
463	321
463	329
463	333
463	361
463	365
463	387
463	388
463	396
463	402
463	404
463	406
463	434
463	438
463	457
463	460
463	466
463	473
463	485
463	487
463	498
463	500
464	10
464	16
464	54
464	70
464	77
464	80
464	131
464	134
464	186
464	192
464	198
464	221
464	223
464	233
464	263
464	312
464	315
464	328
464	343
464	359
464	360
464	363
464	377
464	381
464	408
464	429
464	432
464	436
464	447
464	448
464	453
464	454
464	473
464	477
464	480
464	483
464	494
464	495
465	14
465	44
465	76
465	82
465	85
465	91
465	197
465	199
465	213
465	214
465	216
465	218
465	222
465	244
465	255
465	266
465	284
465	296
465	298
465	301
465	310
465	330
465	350
465	364
465	368
465	395
465	401
465	423
465	431
465	451
465	452
465	453
465	454
465	469
465	473
465	492
465	496
465	497
466	11
466	55
466	107
466	124
466	141
466	146
466	150
466	153
466	201
466	209
466	234
466	239
466	256
466	266
466	276
466	280
466	282
466	294
466	302
466	330
466	346
466	349
466	367
466	379
466	381
466	392
466	397
466	413
466	415
466	440
466	447
466	461
466	462
466	463
466	467
466	478
466	479
466	481
467	27
467	38
467	94
467	96
467	140
467	148
467	158
467	172
467	173
467	187
467	236
467	249
467	250
467	267
467	285
467	287
467	293
467	303
467	330
467	362
467	364
467	368
467	381
467	424
467	428
467	443
467	446
467	452
467	456
467	459
467	466
467	476
467	482
467	484
467	487
467	490
467	499
467	500
468	4
468	9
468	15
468	18
468	104
468	122
468	125
468	135
468	157
468	196
468	208
468	218
468	232
468	275
468	316
468	319
468	336
468	347
468	357
468	367
468	392
468	395
468	403
468	412
468	414
468	425
468	430
468	431
468	433
468	435
468	438
468	443
468	451
468	458
468	461
468	470
468	472
468	478
468	482
469	34
469	40
469	67
469	81
469	82
469	91
469	97
469	99
469	104
469	112
469	127
469	149
469	175
469	177
469	189
469	207
469	213
469	221
469	243
469	272
469	273
469	296
469	332
469	341
469	344
469	378
469	391
469	394
469	401
469	417
469	418
469	452
469	465
469	475
469	477
469	479
469	489
469	490
469	498
470	13
470	18
470	27
470	33
470	63
470	79
470	95
470	106
470	112
470	134
470	136
470	150
470	162
470	202
470	222
470	236
470	259
470	265
470	314
470	322
470	325
470	353
470	367
470	383
470	388
470	391
470	394
470	402
470	453
470	454
470	459
470	460
470	462
470	468
470	471
470	478
470	479
470	480
470	494
471	13
471	58
471	59
471	99
471	100
471	102
471	104
471	113
471	128
471	168
471	173
471	191
471	200
471	201
471	207
471	254
471	275
471	282
471	283
471	289
471	296
471	304
471	333
471	341
471	350
471	358
471	365
471	391
471	395
471	397
471	409
471	425
471	427
471	436
471	443
471	457
471	470
471	474
471	478
471	486
472	32
472	53
472	62
472	69
472	83
472	86
472	124
472	131
472	143
472	151
472	169
472	172
472	196
472	205
472	232
472	236
472	245
472	254
472	259
472	291
472	316
472	317
472	331
472	339
472	342
472	347
472	395
472	403
472	412
472	414
472	449
472	450
472	452
472	461
472	468
472	474
472	482
472	483
472	484
472	500
473	8
473	49
473	53
473	60
473	62
473	67
473	73
473	122
473	150
473	151
473	153
473	161
473	163
473	169
473	191
473	208
473	215
473	218
473	224
473	234
473	247
473	248
473	271
473	295
473	299
473	317
473	321
473	333
473	345
473	346
473	405
473	407
473	421
473	447
473	463
473	464
473	465
473	474
473	487
473	493
474	7
474	30
474	60
474	61
474	72
474	87
474	91
474	129
474	134
474	140
474	200
474	203
474	213
474	224
474	234
474	237
474	241
474	256
474	258
474	277
474	317
474	324
474	334
474	343
474	351
474	372
474	405
474	437
474	447
474	448
474	451
474	454
474	456
474	471
474	472
474	473
474	485
474	493
474	496
474	498
474	499
475	29
475	37
475	41
475	52
475	60
475	68
475	71
475	80
475	91
475	98
475	111
475	131
475	144
475	148
475	191
475	195
475	196
475	201
475	210
475	215
475	246
475	270
475	273
475	285
475	292
475	299
475	311
475	326
475	343
475	363
475	364
475	381
475	389
475	396
475	417
475	418
475	442
475	452
475	459
475	469
475	486
476	4
476	17
476	20
476	42
476	49
476	68
476	76
476	95
476	154
476	158
476	160
476	166
476	171
476	199
476	217
476	229
476	263
476	264
476	277
476	279
476	280
476	282
476	293
476	295
476	313
476	349
476	378
476	398
476	401
476	406
476	408
476	415
476	423
476	430
476	438
476	450
476	467
476	478
476	485
476	494
476	498
477	24
477	34
477	98
477	130
477	143
477	153
477	164
477	173
477	183
477	192
477	200
477	204
477	223
477	228
477	232
477	243
477	244
477	256
477	273
477	279
477	304
477	324
477	344
477	353
477	365
477	370
477	374
477	375
477	380
477	388
477	394
477	410
477	415
477	431
477	437
477	439
477	445
477	446
477	464
477	469
477	499
478	44
478	47
478	54
478	59
478	72
478	74
478	100
478	125
478	149
478	150
478	190
478	220
478	239
478	242
478	250
478	257
478	270
478	273
478	282
478	283
478	300
478	311
478	335
478	361
478	366
478	369
478	374
478	384
478	388
478	427
478	439
478	453
478	459
478	466
478	468
478	470
478	471
478	476
478	494
478	498
478	499
479	15
479	27
479	35
479	38
479	45
479	60
479	98
479	106
479	165
479	168
479	206
479	220
479	234
479	242
479	247
479	253
479	298
479	301
479	303
479	329
479	336
479	345
479	371
479	388
479	389
479	399
479	415
479	435
479	438
479	439
479	444
479	450
479	462
479	466
479	469
479	470
479	490
479	493
479	497
479	498
479	499
480	1
480	23
480	27
480	50
480	53
480	57
480	80
480	129
480	140
480	146
480	185
480	214
480	220
480	256
480	278
480	288
480	291
480	296
480	305
480	315
480	337
480	347
480	373
480	379
480	383
480	388
480	399
480	408
480	420
480	436
480	448
480	454
480	462
480	464
480	470
480	483
480	484
480	487
480	490
480	491
480	492
480	493
481	15
481	24
481	26
481	81
481	105
481	109
481	118
481	121
481	133
481	139
481	142
481	156
481	158
481	189
481	199
481	203
481	214
481	223
481	233
481	236
481	262
481	270
481	334
481	335
481	355
481	360
481	369
481	385
481	386
481	394
481	409
481	425
481	428
481	438
481	440
481	444
481	449
481	451
481	466
481	485
481	486
481	493
482	48
482	63
482	72
482	116
482	125
482	151
482	165
482	167
482	183
482	189
482	202
482	212
482	227
482	238
482	248
482	254
482	304
482	307
482	345
482	363
482	364
482	369
482	372
482	384
482	391
482	397
482	398
482	401
482	405
482	408
482	417
482	420
482	435
482	438
482	446
482	452
482	453
482	455
482	467
482	468
482	472
482	488
482	497
483	31
483	61
483	63
483	72
483	86
483	92
483	164
483	192
483	200
483	202
483	212
483	234
483	258
483	261
483	286
483	289
483	290
483	293
483	307
483	313
483	321
483	327
483	331
483	339
483	357
483	370
483	373
483	376
483	378
483	379
483	408
483	435
483	436
483	454
483	455
483	464
483	472
483	480
483	484
483	485
483	491
483	493
483	494
484	12
484	14
484	40
484	41
484	76
484	85
484	88
484	161
484	164
484	168
484	171
484	176
484	178
484	179
484	182
484	206
484	209
484	248
484	256
484	261
484	263
484	318
484	329
484	331
484	340
484	349
484	358
484	368
484	375
484	381
484	388
484	393
484	402
484	404
484	409
484	411
484	437
484	457
484	467
484	472
484	480
484	483
484	498
485	16
485	24
485	25
485	35
485	55
485	60
485	65
485	74
485	91
485	141
485	142
485	164
485	208
485	238
485	248
485	262
485	274
485	278
485	319
485	322
485	395
485	396
485	397
485	408
485	416
485	420
485	421
485	423
485	428
485	430
485	439
485	444
485	451
485	458
485	463
485	474
485	476
485	481
485	483
485	494
485	495
485	499
485	500
486	53
486	68
486	69
486	77
486	87
486	92
486	107
486	113
486	119
486	121
486	128
486	132
486	157
486	162
486	177
486	198
486	219
486	237
486	255
486	263
486	266
486	267
486	274
486	280
486	282
486	286
486	287
486	289
486	300
486	308
486	319
486	336
486	338
486	355
486	378
486	391
486	401
486	409
486	421
486	471
486	475
486	481
486	498
487	23
487	31
487	33
487	67
487	70
487	96
487	99
487	111
487	117
487	149
487	151
487	169
487	198
487	212
487	215
487	218
487	224
487	236
487	245
487	248
487	271
487	295
487	299
487	301
487	321
487	323
487	325
487	329
487	333
487	338
487	373
487	392
487	403
487	413
487	427
487	447
487	448
487	463
487	467
487	473
487	480
487	488
487	495
488	7
488	55
488	70
488	109
488	114
488	118
488	123
488	127
488	159
488	167
488	193
488	202
488	204
488	209
488	217
488	224
488	230
488	240
488	296
488	309
488	313
488	325
488	340
488	351
488	357
488	360
488	364
488	369
488	374
488	380
488	389
488	395
488	405
488	415
488	446
488	447
488	449
488	450
488	451
488	461
488	482
488	487
488	497
488	500
489	2
489	41
489	46
489	52
489	58
489	61
489	72
489	89
489	91
489	93
489	104
489	122
489	136
489	139
489	149
489	155
489	167
489	173
489	182
489	185
489	197
489	209
489	213
489	229
489	242
489	267
489	272
489	290
489	305
489	332
489	350
489	365
489	367
489	368
489	369
489	412
489	418
489	420
489	439
489	443
489	459
489	469
489	494
489	497
490	20
490	37
490	62
490	68
490	77
490	82
490	83
490	94
490	134
490	154
490	158
490	171
490	194
490	210
490	221
490	231
490	239
490	244
490	245
490	246
490	255
490	269
490	286
490	288
490	291
490	292
490	298
490	302
490	350
490	370
490	396
490	405
490	406
490	417
490	422
490	423
490	425
490	439
490	440
490	448
490	467
490	469
490	479
490	480
491	19
491	34
491	38
491	40
491	43
491	107
491	125
491	137
491	142
491	165
491	208
491	216
491	226
491	235
491	276
491	278
491	295
491	299
491	300
491	302
491	312
491	323
491	328
491	329
491	330
491	342
491	350
491	351
491	352
491	355
491	369
491	382
491	390
491	398
491	399
491	402
491	427
491	430
491	449
491	450
491	454
491	480
491	483
491	496
491	497
492	25
492	30
492	35
492	39
492	43
492	46
492	88
492	96
492	99
492	119
492	120
492	139
492	172
492	184
492	222
492	236
492	249
492	252
492	253
492	254
492	265
492	283
492	305
492	317
492	331
492	334
492	348
492	349
492	356
492	372
492	374
492	382
492	390
492	395
492	402
492	416
492	429
492	433
492	448
492	453
492	460
492	462
492	465
492	480
492	493
493	7
493	14
493	34
493	35
493	42
493	49
493	55
493	59
493	87
493	128
493	133
493	142
493	146
493	161
493	163
493	167
493	185
493	187
493	190
493	192
493	203
493	237
493	248
493	280
493	281
493	315
493	325
493	328
493	335
493	341
493	349
493	352
493	361
493	378
493	388
493	422
493	436
493	445
493	473
493	474
493	479
493	480
493	481
493	483
493	492
494	7
494	9
494	27
494	49
494	51
494	84
494	97
494	98
494	105
494	115
494	132
494	135
494	137
494	145
494	150
494	156
494	183
494	196
494	217
494	221
494	242
494	247
494	251
494	252
494	253
494	257
494	258
494	261
494	275
494	278
494	289
494	339
494	344
494	357
494	358
494	393
494	438
494	440
494	464
494	470
494	476
494	478
494	483
494	485
494	489
494	499
495	2
495	19
495	48
495	91
495	92
495	99
495	107
495	125
495	127
495	164
495	181
495	183
495	202
495	213
495	218
495	222
495	232
495	240
495	244
495	254
495	256
495	260
495	308
495	313
495	317
495	326
495	341
495	342
495	343
495	351
495	352
495	354
495	385
495	390
495	392
495	418
495	425
495	436
495	437
495	438
495	440
495	445
495	446
495	464
495	485
495	487
495	497
496	23
496	30
496	36
496	43
496	45
496	54
496	55
496	86
496	91
496	105
496	133
496	137
496	150
496	164
496	174
496	193
496	195
496	208
496	210
496	216
496	220
496	223
496	226
496	253
496	258
496	280
496	281
496	300
496	324
496	327
496	330
496	337
496	339
496	346
496	360
496	369
496	384
496	387
496	398
496	413
496	430
496	431
496	437
496	457
496	465
496	474
496	491
496	499
497	15
497	22
497	26
497	44
497	80
497	86
497	112
497	125
497	167
497	179
497	194
497	202
497	229
497	233
497	237
497	254
497	281
497	299
497	313
497	317
497	328
497	351
497	357
497	377
497	387
497	403
497	405
497	409
497	411
497	414
497	419
497	424
497	425
497	429
497	440
497	442
497	445
497	446
497	453
497	462
497	465
497	479
497	482
497	488
497	489
497	491
497	495
497	498
498	17
498	58
498	75
498	78
498	79
498	87
498	95
498	98
498	140
498	151
498	155
498	157
498	187
498	188
498	193
498	201
498	229
498	245
498	262
498	266
498	275
498	279
498	299
498	317
498	335
498	343
498	367
498	377
498	399
498	402
498	406
498	407
498	415
498	423
498	424
498	427
498	430
498	440
498	449
498	462
498	463
498	469
498	474
498	476
498	478
498	479
498	484
498	486
498	497
499	22
499	38
499	39
499	41
499	44
499	69
499	88
499	94
499	106
499	109
499	125
499	139
499	172
499	173
499	177
499	182
499	187
499	215
499	231
499	237
499	240
499	244
499	276
499	279
499	281
499	303
499	312
499	328
499	358
499	362
499	368
499	379
499	408
499	409
499	422
499	424
499	426
499	434
499	440
499	443
499	460
499	467
499	474
499	477
499	478
499	479
499	485
499	494
499	496
499	500
500	38
500	39
500	64
500	88
500	94
500	114
500	135
500	151
500	152
500	172
500	173
500	177
500	187
500	211
500	234
500	235
500	251
500	252
500	278
500	291
500	292
500	307
500	314
500	316
500	320
500	322
500	327
500	329
500	362
500	368
500	382
500	387
500	396
500	407
500	411
500	424
500	426
500	438
500	443
500	446
500	451
500	452
500	458
500	461
500	463
500	467
500	472
500	485
500	488
500	499
