500 10386
1	208
1	481
1	488
1	490
1	491
1	493
1	494
1	496
1	498
1	499
2	436
2	441
2	459
2	464
2	469
2	470
2	474
2	478
2	480
2	482
3	334
3	389
3	406
3	410
3	412
3	424
3	433
3	434
3	438
3	439
4	232
4	254
4	283
4	294
4	298
4	301
4	315
4	376
4	378
4	411
5	70
5	89
5	104
5	118
5	148
5	152
5	160
5	165
5	183
5	304
6	9
6	14
6	15
6	21
6	30
6	35
6	36
6	39
6	46
6	453
7	26
7	292
7	319
7	329
7	344
7	383
7	385
7	398
7	399
7	475
8	140
8	143
8	224
8	335
8	362
8	377
8	382
8	384
8	396
8	400
9	6
9	14
9	15
9	21
9	30
9	35
9	36
9	39
9	46
9	465
10	17
10	45
10	61
10	64
10	73
10	78
10	98
10	119
10	129
10	244
11	190
11	334
11	412
11	414
11	419
11	424
11	433
11	438
11	439
11	445
12	66
12	150
12	199
12	222
12	225
12	259
12	265
12	268
12	277
12	286
13	217
13	273
13	284
13	402
13	413
13	419
13	421
13	426
13	427
13	485
14	6
14	9
14	15
14	21
14	30
14	35
14	36
14	39
14	46
14	389
15	6
15	9
15	14
15	21
15	30
15	35
15	36
15	39
15	46
15	491
16	50
16	67
16	139
16	254
16	283
16	298
16	371
16	376
16	378
16	411
17	10
17	25
17	61
17	64
17	73
17	78
17	98
17	119
17	126
17	129
18	468
18	481
18	486
18	487
18	488
18	490
18	492
18	495
18	497
18	500
19	313
19	325
19	350
19	369
19	377
19	382
19	390
19	396
19	400
19	488
20	333
20	362
20	363
20	369
20	377
20	382
20	384
20	390
20	396
20	400
21	6
21	9
21	14
21	15
21	30
21	35
21	36
21	39
21	46
21	395
22	79
22	232
22	233
22	281
22	301
22	316
22	371
22	376
22	378
22	411
23	48
23	162
23	215
23	217
23	273
23	343
23	413
23	419
23	421
23	426
24	100
24	395
24	415
24	463
24	466
24	476
24	479
24	480
24	483
24	484
25	17
25	45
25	61
25	64
25	73
25	78
25	98
25	119
25	129
25	407
26	7
26	305
26	309
26	319
26	330
26	344
26	383
26	385
26	399
26	490
27	295
27	405
27	425
27	435
27	447
27	453
27	455
27	460
27	473
27	490
28	313
28	333
28	362
28	377
28	382
28	384
28	385
28	390
28	396
28	400
29	65
29	127
29	212
29	213
29	219
29	227
29	241
29	243
29	262
29	359
30	6
30	9
30	14
30	15
30	21
30	35
30	36
30	39
30	46
30	397
31	70
31	71
31	104
31	106
31	118
31	148
31	152
31	160
31	183
31	307
32	260
32	361
32	379
32	403
32	408
32	409
32	422
32	423
32	430
32	488
33	260
33	279
33	305
33	319
33	323
33	329
33	344
33	383
33	393
33	399
34	231
34	307
34	308
34	310
34	348
34	357
34	373
34	404
34	417
34	418
35	6
35	9
35	14
35	15
35	21
35	30
35	36
35	39
35	46
35	439
36	6
36	9
36	14
36	15
36	21
36	30
36	35
36	39
36	46
36	438
37	56
37	58
37	97
37	103
37	127
37	212
37	227
37	241
37	243
37	262
38	223
38	256
38	333
38	335
38	350
38	369
38	390
38	396
38	400
38	498
39	6
39	9
39	14
39	15
39	21
39	30
39	35
39	36
39	46
39	328
40	153
40	159
40	225
40	236
40	257
40	259
40	265
40	268
40	277
40	286
41	150
41	159
41	225
41	257
41	259
41	265
41	268
41	277
41	286
41	376
42	80
42	168
42	274
42	308
42	310
42	340
42	401
42	404
42	417
42	418
43	44
43	136
43	221
43	250
43	270
43	332
43	339
43	352
43	364
43	392
44	43
44	117
44	143
44	194
44	288
44	332
44	339
44	352
44	364
44	392
45	10
45	25
45	61
45	64
45	73
45	78
45	98
45	119
45	129
45	485
46	6
46	9
46	14
46	15
46	21
46	30
46	35
46	36
46	39
46	209
47	226
47	233
47	283
47	298
47	304
47	315
47	367
47	371
47	376
47	378
47	411
48	23
48	380
48	416
48	428
48	461
48	462
48	476
48	479
48	480
48	483
48	484
49	68
49	159
49	184
49	202
49	281
49	315
49	316
49	371
49	376
49	378
49	411
50	16
50	303
50	334
50	406
50	410
50	424
50	432
50	433
50	438
50	439
50	445
51	280
51	325
51	335
51	350
51	362
51	369
51	382
51	384
51	390
51	396
51	400
52	150
52	163
52	199
52	236
52	257
52	259
52	265
52	268
52	277
52	286
52	331
53	207
53	245
53	293
53	327
53	366
53	381
53	394
53	409
53	422
53	423
53	430
54	311
54	458
54	461
54	463
54	466
54	476
54	479
54	480
54	483
54	484
54	492
55	305
55	317
55	319
55	323
55	344
55	383
55	385
55	393
55	398
55	399
55	495
56	37
56	58
56	88
56	127
56	142
56	202
56	219
56	227
56	241
56	243
56	262
57	331
57	431
57	436
57	464
57	467
57	469
57	470
57	475
57	478
57	482
57	489
58	37
58	56
58	65
58	103
58	213
58	219
58	227
58	241
58	243
58	262
58	348
59	137
59	196
59	308
59	318
59	337
59	340
59	373
59	401
59	404
59	418
59	484
60	133
60	220
60	270
60	288
60	306
60	332
60	339
60	352
60	364
60	392
60	498
61	10
61	17
61	25
61	45
61	64
61	73
61	78
61	98
61	101
61	119
61	129
62	318
62	397
62	431
62	459
62	464
62	467
62	469
62	470
62	471
62	478
62	482
63	386
63	420
63	425
63	435
63	453
63	454
63	455
63	460
63	461
63	468
63	473
64	10
64	17
64	25
64	45
64	61
64	73
64	78
64	98
64	119
64	129
64	354
65	29
65	58
65	103
65	138
65	142
65	212
65	213
65	219
65	243
65	262
65	431
66	12
66	79
66	120
66	199
66	236
66	257
66	259
66	268
66	277
66	286
66	425
67	16
67	85
67	202
67	304
67	316
67	326
67	359
67	371
67	376
67	378
67	411
68	49
68	198
68	202
68	301
68	304
68	315
68	316
68	320
68	376
68	378
68	411
69	146
69	261
69	334
69	389
69	410
69	417
69	432
69	433
69	438
69	439
69	445
70	5
70	31
70	104
70	106
70	111
70	118
70	152
70	160
70	165
70	183
70	395
71	31
71	89
71	104
71	111
71	118
71	148
71	152
71	160
71	165
71	183
71	351
72	107
72	245
72	272
72	292
72	293
72	309
72	329
72	383
72	393
72	398
72	399
73	10
73	17
73	25
73	45
73	61
73	64
73	78
73	98
73	119
73	129
73	452
74	141
74	231
74	258
74	308
74	337
74	340
74	357
74	401
74	404
74	417
74	464
75	428
75	429
75	434
75	458
75	461
75	470
75	476
75	479
75	480
75	483
75	484
76	299
76	309
76	347
76	375
76	407
76	413
76	435
76	443
76	451
76	468
76	473
77	242
77	391
77	429
77	461
77	462
77	466
77	476
77	479
77	480
77	483
77	484
78	10
78	17
78	25
78	45
78	61
78	64
78	73
78	98
78	119
78	129
78	358
79	22
79	66
79	120
79	199
79	225
79	236
79	257
79	265
79	268
79	277
79	286
80	42
80	169
80	205
80	258
80	274
80	308
80	340
80	404
80	415
80	417
80	418
81	128
81	287
81	405
81	425
81	443
81	451
81	453
81	454
81	456
81	460
81	473
82	335
82	485
82	486
82	487
82	489
82	492
82	493
82	494
82	497
82	499
82	500
83	336
83	354
83	410
83	414
83	424
83	432
83	433
83	438
83	439
83	445
83	496
84	299
84	334
84	336
84	389
84	406
84	412
84	424
84	432
84	433
84	438
84	445
85	67
85	232
85	281
85	283
85	298
85	316
85	371
85	376
85	378
85	411
85	468
86	214
86	289
86	317
86	329
86	330
86	344
86	383
86	385
86	393
86	398
86	399
87	93
87	189
87	220
87	288
87	300
87	306
87	332
87	352
87	364
87	392
87	441
88	56
88	138
88	142
88	212
88	213
88	219
88	227
88	241
88	243
88	262
88	291
89	5
89	71
89	104
89	106
89	111
89	152
89	160
89	165
89	183
89	199
89	455
90	206
90	360
90	435
90	437
90	443
90	447
90	451
90	453
90	460
90	468
90	473
91	96
91	153
91	156
91	192
91	210
91	216
91	218
91	230
91	242
91	247
91	312
92	303
92	405
92	406
92	410
92	412
92	414
92	432
92	433
92	438
92	439
92	445
93	87
93	121
93	133
93	194
93	213
93	288
93	306
93	339
93	352
93	364
93	392
94	327
94	361
94	379
94	381
94	394
94	403
94	408
94	422
94	423
94	430
94	450
95	266
95	312
95	420
95	437
95	443
95	451
95	453
95	454
95	460
95	468
95	473
96	91
96	153
96	156
96	161
96	192
96	208
96	216
96	218
96	242
96	247
96	471
97	37
97	244
97	253
97	284
97	368
97	402
97	413
97	419
97	421
97	426
97	427
98	10
98	17
98	25
98	45
98	61
98	64
98	73
98	78
98	119
98	129
98	130
99	119
99	144
99	240
99	250
99	270
99	300
99	332
99	339
99	352
99	364
99	392
100	24
100	114
100	201
100	274
100	318
100	337
100	357
100	373
100	401
100	404
100	417
100	418
101	61
101	342
101	359
101	386
101	407
101	443
101	451
101	453
101	454
101	455
101	460
101	468
102	278
102	352
102	372
102	441
102	442
102	448
102	459
102	467
102	471
102	474
102	475
102	482
103	37
103	58
103	65
103	127
103	138
103	155
103	212
103	219
103	227
103	241
103	243
103	262
104	5
104	31
104	70
104	71
104	89
104	106
104	111
104	118
104	148
104	152
104	165
104	253
105	137
105	200
105	209
105	258
105	307
105	337
105	357
105	373
105	401
105	404
105	417
105	418
106	31
106	70
106	89
106	104
106	111
106	118
106	148
106	152
106	160
106	165
106	183
106	452
107	72
107	293
107	297
107	305
107	309
107	317
107	319
107	383
107	385
107	393
107	398
107	477
108	296
108	485
108	487
108	491
108	492
108	493
108	494
108	495
108	496
108	498
108	499
108	500
109	272
109	279
109	297
109	305
109	317
109	319
109	344
109	383
109	385
109	393
109	398
109	466
110	174
110	415
110	428
110	458
110	462
110	463
110	466
110	476
110	479
110	480
110	483
110	484
111	70
111	71
111	89
111	104
111	106
111	118
111	148
111	152
111	160
111	165
111	183
111	396
112	397
112	409
112	448
112	459
112	464
112	467
112	470
112	471
112	474
112	475
112	478
112	482
113	122
113	348
113	415
113	434
113	462
113	463
113	476
113	479
113	480
113	483
113	484
113	489
114	100
114	169
114	196
114	209
114	218
114	307
114	310
114	373
114	401
114	404
114	417
114	418
115	249
115	251
115	284
115	341
115	346
115	368
115	402
115	413
115	419
115	421
115	426
115	427
116	210
116	267
116	325
116	335
116	350
116	369
116	377
116	382
116	384
116	390
116	396
116	400
117	44
117	125
117	168
117	189
117	220
117	288
117	300
117	306
117	332
117	339
117	364
117	392
118	5
118	31
118	70
118	71
118	104
118	106
118	111
118	148
118	160
118	164
118	165
118	183
119	10
119	17
119	25
119	45
119	61
119	64
119	73
119	78
119	98
119	99
119	129
119	203
120	66
120	79
120	163
120	199
120	236
120	257
120	259
120	265
120	268
120	277
120	286
120	453
121	93
121	133
121	189
121	221
121	270
121	300
121	306
121	332
121	352
121	364
121	392
121	473
122	113
122	297
122	305
122	317
122	323
122	329
122	330
122	383
122	385
122	393
122	398
122	399
123	258
123	307
123	308
123	310
123	318
123	340
123	373
123	401
123	404
123	417
123	418
123	498
124	157
124	188
124	327
124	381
124	394
124	403
124	408
124	409
124	422
124	423
124	430
124	467
125	117
125	144
125	194
125	221
125	250
125	270
125	288
125	332
125	352
125	364
125	392
125	413
126	17
126	139
126	254
126	283
126	298
126	304
126	315
126	316
126	371
126	376
126	378
126	411
127	29
127	37
127	56
127	103
127	138
127	142
127	212
127	213
127	227
127	241
127	262
127	365
128	81
128	291
128	324
128	434
128	457
128	458
128	461
128	463
128	476
128	480
128	483
128	484
129	10
129	17
129	25
129	45
129	61
129	64
129	73
129	78
129	98
129	119
129	314
129	371
130	98
130	156
130	161
130	181
130	208
130	210
130	216
130	218
130	230
130	242
130	247
130	478
131	159
131	336
131	354
131	406
131	410
131	412
131	414
131	424
131	432
131	438
131	439
131	445
132	153
132	161
132	181
132	192
132	208
132	210
132	216
132	218
132	230
132	242
132	247
132	420
132	463
133	60
133	93
133	121
133	250
133	265
133	270
133	288
133	300
133	306
133	339
133	352
133	364
133	392
134	245
134	260
134	345
134	358
134	361
134	366
134	379
134	403
134	408
134	409
134	422
134	423
134	430
135	155
135	238
135	239
135	282
135	343
135	353
135	368
135	402
135	413
135	419
135	421
135	426
135	427
136	43
136	336
136	354
136	410
136	412
136	414
136	419
136	424
136	432
136	433
136	438
136	439
136	445
137	59
137	105
137	141
137	258
137	310
137	337
137	357
137	373
137	404
137	405
137	410
137	417
137	418
138	65
138	88
138	103
138	127
138	142
138	212
138	213
138	219
138	227
138	241
138	243
138	262
138	429
139	16
139	126
139	184
139	281
139	298
139	304
139	315
139	316
139	366
139	371
139	376
139	378
139	411
140	8
140	203
140	303
140	354
140	389
140	406
140	410
140	412
140	414
140	424
140	432
140	438
140	445
141	74
141	137
141	186
141	201
141	307
141	318
141	340
141	357
141	373
141	401
141	404
141	417
141	418
142	56
142	65
142	88
142	127
142	138
142	212
142	213
142	219
142	227
142	241
142	243
142	262
142	496
143	8
143	44
143	313
143	322
143	333
143	350
143	369
143	377
143	382
143	384
143	390
143	396
143	400
144	99
144	125
144	149
144	189
144	270
144	300
144	306
144	332
144	339
144	352
144	364
144	392
144	466
145	162
145	204
145	239
145	346
145	353
145	368
145	402
145	413
145	419
145	421
145	426
145	427
145	446
146	69
146	163
146	240
146	354
146	389
146	406
146	410
146	412
146	432
146	433
146	438
146	439
146	445
147	345
147	356
147	411
147	436
147	441
147	442
147	469
147	470
147	471
147	474
147	475
147	478
147	482
148	5
148	31
148	71
148	104
148	106
148	111
148	118
148	152
148	160
148	165
148	183
148	247
148	329
149	144
149	303
149	389
149	406
149	410
149	414
149	424
149	432
149	433
149	438
149	439
149	445
149	492
150	12
150	41
150	52
150	163
150	225
150	236
150	257
150	259
150	265
150	268
150	277
150	286
150	477
151	367
151	374
151	387
151	391
151	431
151	441
151	442
151	464
151	470
151	471
151	474
151	475
151	482
152	5
152	31
152	70
152	71
152	89
152	104
152	106
152	111
152	148
152	160
152	165
152	183
152	444
153	40
153	91
153	96
153	132
153	156
153	181
153	192
153	208
153	216
153	218
153	230
153	242
153	247
154	224
154	256
154	267
154	333
154	362
154	369
154	377
154	382
154	384
154	390
154	396
154	400
154	444
155	103
155	135
155	166
155	239
155	244
155	341
155	343
155	346
155	413
155	419
155	421
155	426
155	427
156	91
156	96
156	130
156	153
156	161
156	181
156	192
156	210
156	216
156	230
156	242
156	247
156	273
157	124
157	207
157	260
157	327
157	342
157	358
157	379
157	403
157	409
157	422
157	423
157	430
157	443
158	283
158	395
158	415
158	434
158	458
158	461
158	462
158	463
158	466
158	476
158	479
158	483
158	484
159	40
159	41
159	49
159	131
159	163
159	199
159	225
159	236
159	257
159	259
159	265
159	268
159	286
160	5
160	31
160	70
160	71
160	89
160	106
160	111
160	118
160	148
160	152
160	165
160	183
160	463
161	96
161	130
161	132
161	156
161	181
161	208
161	210
161	216
161	218
161	230
161	242
161	247
161	432
162	23
162	145
162	251
162	264
162	284
162	341
162	353
162	368
162	419
162	421
162	426
162	427
162	456
163	52
163	120
163	146
163	150
163	159
163	186
163	225
163	257
163	259
163	265
163	268
163	277
163	286
164	118
164	178
164	280
164	334
164	389
164	406
164	412
164	414
164	416
164	424
164	433
164	438
164	439
164	445
165	5
165	70
165	71
165	89
165	104
165	106
165	111
165	118
165	148
165	152
165	160
165	183
165	189
165	443
166	155
166	204
166	244
166	251
166	284
166	341
166	343
166	353
166	402
166	413
166	417
166	419
166	421
166	478
167	282
167	321
167	420
167	437
167	443
167	447
167	451
167	453
167	454
167	455
167	460
167	468
167	473
167	494
168	42
168	117
168	388
168	415
168	416
168	434
168	458
168	461
168	462
168	476
168	479
168	480
168	483
168	484
169	80
169	114
169	201
169	209
169	307
169	337
169	338
169	340
169	357
169	373
169	401
169	417
169	418
169	422
170	287
170	375
170	420
170	425
170	437
170	443
170	446
170	451
170	453
170	454
170	455
170	460
170	468
170	473
171	228
171	238
171	239
171	341
171	343
171	353
171	368
171	402
171	413
171	419
171	421
171	426
171	427
171	460
172	241
172	294
172	370
172	391
172	434
172	461
172	462
172	463
172	466
172	476
172	479
172	480
172	483
172	484
173	207
173	260
173	269
173	271
173	358
173	366
173	394
173	401
173	403
173	408
173	409
173	423
173	430
173	433
174	110
174	214
174	279
174	292
174	305
174	317
174	323
174	330
174	344
174	383
174	385
174	393
174	398
174	399
175	314
175	372
175	442
175	448
175	456
175	464
175	467
175	469
175	470
175	471
175	474
175	475
175	478
175	482
176	205
176	372
176	431
176	441
176	448
176	451
176	464
176	467
176	469
176	471
176	474
176	475
176	478
176	482
177	178
177	302
177	338
177	358
177	361
177	379
177	394
177	403
177	408
177	409
177	422
177	423
177	424
177	430
178	164
178	177
178	240
178	336
178	389
178	406
178	412
178	414
178	424
178	431
178	432
178	433
178	439
178	445
179	256
179	324
179	415
179	428
179	434
179	458
179	461
179	463
179	466
179	476
179	479
179	480
179	483
179	484
180	394
180	397
180	431
180	436
180	441
180	448
180	464
180	467
180	470
180	471
180	474
180	475
180	478
180	482
181	130
181	132
181	153
181	156
181	161
181	192
181	208
181	210
181	216
181	218
181	230
181	242
181	247
181	387
182	189
182	194
182	220
182	221
182	250
182	288
182	300
182	306
182	332
182	339
182	352
182	364
182	392
182	462
183	5
183	31
183	70
183	71
183	89
183	106
183	111
183	118
183	148
183	152
183	160
183	165
183	278
183	363
184	49
184	139
184	198
184	202
184	226
184	254
184	301
184	304
184	315
184	316
184	371
184	378
184	411
184	447
185	359
185	369
185	405
185	425
185	435
185	437
185	443
185	447
185	451
185	453
185	454
185	455
185	468
185	473
186	141
186	163
186	196
186	231
186	308
186	317
186	318
186	337
186	357
186	373
186	401
186	404
186	417
186	418
187	205
187	238
187	239
187	251
187	271
187	341
187	346
187	353
187	368
187	402
187	413
187	419
187	426
187	427
188	124
188	245
188	269
188	302
188	338
188	366
188	394
188	403
188	408
188	409
188	422
188	423
188	430
188	474
189	87
189	117
189	121
189	144
189	165
189	182
189	220
189	270
189	300
189	339
189	352
189	364
189	392
189	459
190	11
190	203
190	303
190	389
190	410
190	412
190	414
190	424
190	432
190	433
190	438
190	439
190	445
190	493
191	313
191	325
191	333
191	335
191	350
191	362
191	369
191	377
191	382
191	384
191	390
191	396
191	400
191	434
192	91
192	96
192	132
192	153
192	156
192	181
192	208
192	210
192	216
192	218
192	230
192	242
192	247
192	423
193	265
193	373
193	485
193	487
193	488
193	489
193	490
193	491
193	494
193	495
193	496
193	497
193	498
193	499
193	500
194	44
194	93
194	125
194	182
194	220
194	221
194	250
194	300
194	306
194	308
194	332
194	339
194	352
194	392
194	418
195	196
195	301
195	312
195	395
195	429
195	458
195	461
195	462
195	463
195	466
195	476
195	479
195	480
195	483
195	484
196	59
196	114
196	186
196	195
196	201
196	205
196	307
196	310
196	318
196	340
196	357
196	372
196	373
196	417
196	418
197	447
197	474
197	481
197	485
197	486
197	488
197	489
197	491
197	492
197	495
197	496
197	497
197	498
197	499
197	500
198	68
198	184
198	226
198	232
198	281
198	283
198	301
198	304
198	315
198	316
198	371
198	376
198	378
198	379
198	411
199	12
199	52
199	66
199	79
199	89
199	120
199	159
199	225
199	236
199	257
199	259
199	265
199	268
199	277
199	286
200	105
200	485
200	486
200	488
200	489
200	490
200	491
200	493
200	494
200	495
200	496
200	497
200	498
200	499
200	500
201	100
201	141
201	169
201	196
201	205
201	209
201	258
201	337
201	340
201	357
201	401
201	404
201	417
201	418
201	442
202	49
202	56
202	67
202	68
202	184
202	226
202	254
202	281
202	298
202	301
202	304
202	371
202	376
202	411
202	472
203	119
203	140
203	190
203	252
203	354
203	389
203	412
203	414
203	424
203	432
203	433
203	438
203	439
203	445
203	482
204	145
204	166
204	228
204	299
204	341
204	343
204	353
204	368
204	402
204	413
204	419
204	421
204	426
204	427
204	459
205	80
205	176
205	187
205	196
205	201
205	231
205	274
205	307
205	308
205	318
205	337
205	340
205	401
205	404
205	417
206	90
206	436
206	441
206	442
206	448
206	459
206	464
206	467
206	469
206	470
206	471
206	474
206	475
206	478
206	482
207	53
207	157
207	173
207	338
207	358
207	361
207	379
207	381
207	403
207	408
207	409
207	422
207	423
207	425
207	430
208	1
208	96
208	130
208	132
208	153
208	161
208	181
208	192
208	210
208	216
208	218
208	230
208	242
208	247
208	365
209	46
209	105
209	114
209	169
209	201
209	231
209	258
209	274
209	307
209	308
209	310
209	401
209	404
209	417
209	418
210	91
210	116
210	130
210	132
210	156
210	161
210	181
210	192
210	208
210	216
210	218
210	230
210	242
210	247
210	495
211	309
211	370
211	380
211	391
211	416
211	434
211	458
211	462
211	463
211	466
211	476
211	479
211	480
211	483
211	484
212	29
212	37
212	65
212	88
212	103
212	127
212	138
212	142
212	213
212	219
212	227
212	241
212	243
212	262
212	497
213	29
213	58
213	65
213	88
213	93
213	127
213	138
213	142
213	212
213	219
213	227
213	241
213	243
213	262
213	403
214	86
214	174
214	272
214	292
214	297
214	309
214	323
214	329
214	330
214	344
214	383
214	384
214	385
214	393
214	398
214	399
215	23
215	217
215	228
215	273
215	343
215	346
215	353
215	368
215	402
215	413
215	419
215	421
215	426
215	427
215	475
215	479
216	91
216	96
216	130
216	132
216	153
216	156
216	161
216	181
216	192
216	208
216	210
216	218
216	230
216	242
216	247
216	393
217	13
217	23
217	215
217	228
217	273
217	284
217	343
217	346
217	353
217	372
217	402
217	419
217	421
217	426
217	427
217	481
218	91
218	96
218	114
218	130
218	132
218	153
218	161
218	181
218	192
218	208
218	210
218	216
218	230
218	242
218	247
218	495
219	29
219	56
219	58
219	65
219	88
219	103
219	138
219	142
219	212
219	213
219	227
219	241
219	243
219	254
219	262
219	470
220	60
220	87
220	117
220	182
220	189
220	194
220	221
220	250
220	270
220	300
220	306
220	332
220	352
220	364
220	392
220	477
221	43
221	121
221	125
221	182
221	194
221	220
221	250
221	277
221	288
221	300
221	306
221	332
221	339
221	364
221	392
221	444
222	12
222	314
222	356
222	367
222	431
222	436
222	441
222	448
222	459
222	467
222	469
222	470
222	471
222	474
222	475
222	478
223	38
223	313
223	325
223	333
223	335
223	350
223	351
223	362
223	369
223	377
223	382
223	384
223	390
223	396
223	400
223	491
224	8
224	154
224	267
224	287
224	308
224	313
224	325
224	335
224	350
224	362
224	369
224	377
224	384
224	390
224	396
224	400
225	12
225	40
225	41
225	79
225	150
225	159
225	163
225	199
225	236
225	257
225	259
225	268
225	277
225	286
225	440
225	470
226	47
226	184
226	198
226	202
226	232
226	233
226	254
226	281
226	283
226	298
226	304
226	316
226	376
226	378
226	380
226	411
227	29
227	37
227	56
227	58
227	88
227	103
227	127
227	138
227	142
227	212
227	213
227	219
227	241
227	243
227	262
227	423
228	171
228	204
228	215
228	217
228	244
228	273
228	341
228	343
228	346
228	358
228	368
228	402
228	413
228	419
228	426
228	427
229	230
229	345
229	360
229	374
229	442
229	448
229	459
229	464
229	467
229	469
229	470
229	471
229	474
229	475
229	478
229	482
230	91
230	130
230	132
230	153
230	156
230	161
230	181
230	192
230	208
230	210
230	216
230	218
230	229
230	242
230	247
230	310
231	34
231	74
231	186
231	205
231	209
231	305
231	310
231	318
231	337
231	340
231	357
231	373
231	404
231	417
231	418
231	498
232	4
232	22
232	85
232	198
232	226
232	233
232	254
232	281
232	301
232	304
232	315
232	316
232	371
232	378
232	404
232	411
233	22
233	47
233	226
233	232
233	281
233	283
233	298
233	301
233	304
233	315
233	316
233	349
233	371
233	376
233	411
233	460
234	266
234	386
234	405
234	407
234	420
234	425
234	435
234	437
234	443
234	447
234	451
234	454
234	455
234	461
234	468
234	473
235	282
235	299
235	321
235	381
235	386
235	425
235	435
235	447
235	451
235	453
235	454
235	455
235	460
235	468
235	473
235	487
236	40
236	52
236	66
236	79
236	120
236	150
236	159
236	199
236	225
236	243
236	257
236	259
236	265
236	268
236	277
236	286
236	471
237	356
237	431
237	436
237	441
237	442
237	448
237	459
237	464
237	467
237	469
237	470
237	471
237	474
237	475
237	478
237	482
237	489
238	135
238	171
238	187
238	239
238	244
238	273
238	343
238	346
238	368
238	384
238	402
238	413
238	419
238	421
238	426
238	427
238	500
239	135
239	145
239	155
239	171
239	187
239	238
239	251
239	254
239	341
239	346
239	353
239	413
239	419
239	421
239	426
239	427
239	454
240	99
240	146
240	178
240	252
240	354
240	389
240	406
240	410
240	412
240	414
240	424
240	432
240	433
240	438
240	439
240	445
240	489
241	29
241	37
241	56
241	58
241	88
241	103
241	127
241	138
241	142
241	172
241	212
241	213
241	219
241	227
241	243
241	262
241	438
242	77
242	91
242	96
242	130
242	132
242	153
242	156
242	161
242	181
242	192
242	208
242	210
242	216
242	218
242	230
242	247
242	425
243	29
243	37
243	56
243	58
243	65
243	88
243	103
243	138
243	142
243	212
243	213
243	219
243	227
243	236
243	241
243	262
243	475
244	10
244	97
244	155
244	166
244	228
244	238
244	284
244	341
244	346
244	353
244	368
244	402
244	419
244	421
244	426
244	427
244	474
245	53
245	72
245	134
245	188
245	248
245	269
245	302
245	327
245	366
245	379
245	381
245	394
245	408
245	409
245	422
245	423
245	430
246	271
246	327
246	338
246	341
246	358
246	361
246	366
246	379
246	381
246	394
246	403
246	408
246	409
246	422
246	423
246	430
246	445
247	91
247	96
247	130
247	132
247	148
247	153
247	156
247	161
247	181
247	192
247	208
247	210
247	216
247	218
247	230
247	242
247	348
248	245
248	269
248	271
248	302
248	329
248	358
248	361
248	366
248	381
248	394
248	403
248	408
248	409
248	422
248	423
248	430
248	432
249	115
249	356
249	374
249	436
249	441
249	442
249	459
249	464
249	467
249	469
249	470
249	471
249	474
249	475
249	478
249	482
249	494
250	43
250	99
250	125
250	133
250	182
250	194
250	220
250	221
250	270
250	288
250	332
250	339
250	352
250	364
250	386
250	392
250	473
251	115
251	162
251	166
251	187
251	239
251	273
251	284
251	341
251	343
251	350
251	368
251	402
251	413
251	414
251	419
251	421
251	426
251	427
252	203
252	240
252	280
252	303
252	334
252	336
252	354
252	389
252	406
252	410
252	414
252	424
252	432
252	433
252	438
252	439
252	445
252	476
253	97
253	104
253	485
253	486
253	487
253	488
253	489
253	490
253	491
253	492
253	493
253	494
253	495
253	496
253	497
253	498
253	499
253	500
254	4
254	16
254	126
254	184
254	202
254	219
254	226
254	232
254	239
254	281
254	283
254	298
254	301
254	304
254	315
254	371
254	378
254	411
255	278
255	290
255	331
255	367
255	441
255	442
255	448
255	454
255	459
255	464
255	467
255	469
255	470
255	471
255	474
255	475
255	478
255	482
256	38
256	154
256	179
256	267
256	313
256	325
256	333
256	335
256	350
256	362
256	369
256	377
256	382
256	384
256	390
256	396
256	400
256	463
257	40
257	41
257	52
257	66
257	79
257	120
257	150
257	159
257	163
257	199
257	225
257	236
257	259
257	265
257	268
257	277
257	286
257	336
258	74
258	80
258	105
258	123
258	137
258	201
258	209
258	259
258	274
258	307
258	310
258	318
258	340
258	343
258	357
258	373
258	401
258	418
259	12
259	40
259	41
259	52
259	66
259	120
259	150
259	159
259	163
259	199
259	225
259	236
259	257
259	258
259	265
259	277
259	286
259	493
260	32
260	33
260	134
260	157
260	173
260	302
260	327
260	337
260	338
260	361
260	366
260	379
260	381
260	394
260	403
260	422
260	423
260	430
261	69
261	295
261	342
261	347
261	359
261	360
261	375
261	405
261	436
261	437
261	443
261	447
261	451
261	453
261	454
261	455
261	460
261	473
262	29
262	37
262	56
262	58
262	65
262	88
262	103
262	127
262	138
262	142
262	212
262	213
262	219
262	227
262	241
262	243
262	266
262	472
263	299
263	335
263	342
263	360
263	386
263	420
263	425
263	435
263	437
263	447
263	451
263	453
263	454
263	455
263	460
263	468
263	473
263	483
264	162
264	285
264	367
264	372
264	392
264	436
264	442
264	448
264	459
264	464
264	467
264	469
264	470
264	471
264	474
264	475
264	478
264	482
265	12
265	40
265	41
265	52
265	79
265	120
265	133
265	150
265	159
265	163
265	193
265	199
265	236
265	257
265	259
265	268
265	277
265	286
266	95
266	234
266	262
266	321
266	342
266	375
266	405
266	407
266	420
266	425
266	435
266	447
266	451
266	454
266	455
266	460
266	468
266	473
266	499
267	116
267	154
267	224
267	256
267	313
267	325
267	333
267	335
267	350
267	362
267	364
267	369
267	377
267	382
267	384
267	390
267	396
267	400
267	469
268	12
268	40
268	41
268	52
268	66
268	79
268	120
268	150
268	159
268	163
268	199
268	225
268	236
268	257
268	265
268	277
268	286
268	362
268	471
269	173
269	188
269	245
269	248
269	270
269	338
269	358
269	361
269	366
269	370
269	379
269	381
269	394
269	403
269	408
269	409
269	422
269	423
269	430
270	43
270	60
270	99
270	121
270	125
270	133
270	144
270	189
270	220
270	250
270	269
270	288
270	300
270	306
270	332
270	339
270	364
270	392
270	481
271	173
271	187
271	246
271	248
271	302
271	327
271	338
271	358
271	361
271	366
271	379
271	381
271	394
271	403
271	408
271	422
271	423
271	430
271	478
272	72
272	109
272	214
272	279
272	292
272	293
272	297
272	305
272	309
272	319
272	322
272	323
272	330
272	344
272	383
272	393
272	398
272	399
272	472
273	13
273	23
273	156
273	215
273	217
273	228
273	238
273	251
273	343
273	346
273	353
273	368
273	402
273	413
273	419
273	421
273	426
273	427
273	466
274	42
274	80
274	100
274	205
274	209
274	258
274	300
274	308
274	310
274	318
274	337
274	340
274	357
274	373
274	401
274	404
274	417
274	418
274	468
275	318
275	327
275	481
275	485
275	486
275	487
275	488
275	489
275	490
275	491
275	492
275	493
275	494
275	495
275	496
275	497
275	498
275	499
275	500
276	312
276	320
276	324
276	373
276	380
276	385
276	415
276	416
276	428
276	458
276	461
276	462
276	463
276	466
276	476
276	479
276	480
276	483
276	484
277	12
277	40
277	41
277	52
277	66
277	79
277	120
277	150
277	163
277	199
277	221
277	225
277	236
277	257
277	259
277	265
277	268
277	286
277	427
278	102
278	183
278	255
278	285
278	332
278	367
278	372
278	374
278	431
278	436
278	459
278	464
278	467
278	469
278	470
278	471
278	475
278	478
278	482
279	33
279	109
279	174
279	272
279	292
279	293
279	297
279	309
279	323
279	329
279	330
279	344
279	383
279	385
279	393
279	398
279	399
279	451
279	458
280	51
280	164
280	252
280	303
280	334
280	336
280	354
280	389
280	406
280	410
280	412
280	414
280	424
280	432
280	433
280	438
280	439
280	445
280	449
281	22
281	49
281	85
281	139
281	198
281	202
281	226
281	232
281	233
281	254
281	298
281	301
281	315
281	371
281	376
281	378
281	411
281	472
281	492
282	135
282	167
282	235
282	299
282	359
282	375
282	405
282	407
282	420
282	435
282	437
282	440
282	443
282	447
282	453
282	454
282	455
282	468
282	473
283	4
283	16
283	47
283	85
283	126
283	158
283	198
283	226
283	233
283	254
283	298
283	301
283	304
283	316
283	371
283	376
283	378
283	382
283	411
284	13
284	97
284	115
284	162
284	166
284	217
284	244
284	251
284	290
284	343
284	346
284	353
284	368
284	402
284	413
284	419
284	421
284	426
284	427
284	428
285	264
285	278
285	286
285	290
285	314
285	367
285	374
285	397
285	408
285	431
285	442
285	459
285	464
285	469
285	470
285	471
285	474
285	475
285	478
285	482
286	12
286	40
286	41
286	52
286	66
286	79
286	120
286	150
286	159
286	163
286	199
286	225
286	236
286	257
286	259
286	265
286	268
286	277
286	285
286	424
287	81
287	170
287	224
287	299
287	321
287	342
287	374
287	405
287	407
287	425
287	437
287	443
287	447
287	451
287	453
287	454
287	455
287	460
287	468
287	473
288	44
288	60
288	87
288	93
288	117
288	125
288	133
288	182
288	221
288	250
288	270
288	300
288	306
288	330
288	332
288	339
288	352
288	364
288	392
288	438
289	86
289	414
289	477
289	481
289	485
289	486
289	487
289	488
289	489
289	490
289	491
289	492
289	493
289	494
289	495
289	496
289	497
289	498
289	499
289	500
290	255
290	284
290	285
290	306
290	331
290	345
290	372
290	397
290	436
290	441
290	448
290	459
290	467
290	469
290	470
290	471
290	474
290	475
290	478
290	482
291	88
291	128
291	292
291	348
291	391
291	395
291	415
291	416
291	428
291	429
291	434
291	458
291	462
291	463
291	466
291	476
291	479
291	480
291	483
291	484
292	7
292	72
292	174
292	214
292	272
292	279
292	291
292	293
292	309
292	317
292	319
292	323
292	329
292	330
292	383
292	385
292	393
292	398
292	399
292	490
293	53
293	72
293	107
293	272
293	279
293	292
293	297
293	305
293	309
293	317
293	319
293	329
293	330
293	344
293	383
293	385
293	393
293	398
293	399
293	494
294	4
294	172
294	315
294	388
294	391
294	415
294	416
294	428
294	429
294	434
294	458
294	461
294	462
294	463
294	466
294	476
294	479
294	480
294	483
294	484
295	27
295	261
295	298
295	303
295	359
295	360
295	375
295	386
295	407
295	425
295	435
295	437
295	443
295	447
295	451
295	453
295	455
295	460
295	468
295	473
296	108
296	370
296	380
296	388
296	391
296	395
296	428
296	429
296	434
296	458
296	461
296	462
296	463
296	466
296	476
296	479
296	480
296	483
296	484
296	493
297	107
297	109
297	122
297	214
297	272
297	279
297	293
297	309
297	317
297	319
297	323
297	329
297	330
297	344
297	383
297	385
297	393
297	398
297	399
297	427
297	433
298	4
298	16
298	47
298	85
298	126
298	139
298	202
298	226
298	233
298	254
298	281
298	283
298	295
298	301
298	304
298	316
298	355
298	371
298	376
298	378
298	411
299	76
299	84
299	204
299	235
299	263
299	282
299	287
299	347
299	359
299	360
299	375
299	420
299	425
299	437
299	447
299	451
299	454
299	455
299	460
299	468
299	473
300	87
300	99
300	117
300	121
300	133
300	144
300	182
300	189
300	194
300	220
300	221
300	270
300	274
300	288
300	306
300	332
300	339
300	352
300	364
300	392
300	477
301	4
301	22
301	68
301	184
301	195
301	198
301	202
301	232
301	233
301	254
301	281
301	283
301	298
301	304
301	315
301	316
301	321
301	371
301	376
301	378
301	411
302	177
302	188
302	245
302	248
302	260
302	271
302	303
302	304
302	338
302	358
302	361
302	366
302	379
302	381
302	394
302	403
302	408
302	409
302	422
302	423
302	430
303	50
303	92
303	140
303	149
303	190
303	252
303	280
303	295
303	302
303	334
303	389
303	406
303	410
303	412
303	414
303	424
303	432
303	433
303	438
303	439
303	445
304	5
304	47
304	67
304	68
304	126
304	139
304	184
304	198
304	202
304	226
304	232
304	233
304	254
304	283
304	298
304	301
304	302
304	315
304	371
304	376
304	411
305	26
305	33
305	55
305	107
305	109
305	122
305	174
305	231
305	272
305	293
305	317
305	319
305	323
305	329
305	330
305	344
305	346
305	385
305	393
305	398
305	399
306	60
306	87
306	93
306	117
306	121
306	133
306	144
306	182
306	194
306	220
306	221
306	270
306	288
306	290
306	300
306	332
306	339
306	352
306	364
306	392
306	435
307	31
307	34
307	105
307	114
307	123
307	141
307	169
307	196
307	205
307	209
307	258
307	310
307	318
307	337
307	340
307	354
307	357
307	373
307	401
307	417
307	418
308	34
308	42
308	59
308	74
308	80
308	123
308	186
308	194
308	205
308	209
308	224
308	274
308	310
308	318
308	337
308	357
308	373
308	401
308	404
308	417
308	418
309	26
309	72
309	76
309	107
309	211
309	214
309	272
309	279
309	292
309	293
309	297
309	317
309	319
309	323
309	329
309	330
309	344
309	385
309	393
309	398
309	399
310	34
310	42
310	114
310	123
310	137
310	196
310	209
310	230
310	231
310	258
310	274
310	307
310	308
310	318
310	337
310	340
310	347
310	401
310	404
310	417
310	418
311	54
311	348
311	370
311	380
311	388
311	391
311	428
311	429
311	434
311	458
311	459
311	461
311	462
311	463
311	466
311	476
311	479
311	480
311	483
311	484
311	500
312	91
312	95
312	195
312	276
312	320
312	370
312	388
312	391
312	395
312	416
312	429
312	434
312	458
312	461
312	462
312	463
312	466
312	476
312	479
312	480
312	483
312	484
313	19
313	28
313	143
313	191
313	223
313	224
313	256
313	267
313	325
313	333
313	335
313	350
313	362
313	369
313	371
313	377
313	382
313	384
313	390
313	396
313	400
313	418
314	129
314	175
314	222
314	285
314	353
314	356
314	372
314	397
314	431
314	441
314	442
314	448
314	459
314	464
314	467
314	469
314	470
314	471
314	474
314	475
314	478
314	482
315	4
315	47
315	49
315	68
315	126
315	139
315	184
315	198
315	232
315	233
315	254
315	281
315	294
315	301
315	304
315	316
315	371
315	375
315	376
315	378
315	411
315	469
316	22
316	49
316	67
316	68
316	85
316	126
316	139
316	184
316	198
316	226
316	232
316	233
316	283
316	298
316	301
316	315
316	371
316	376
316	378
316	411
316	440
316	450
317	55
317	86
317	107
317	109
317	122
317	174
317	186
317	292
317	293
317	297
317	305
317	309
317	319
317	323
317	329
317	344
317	383
317	385
317	393
317	398
317	399
317	436
318	59
318	62
318	100
318	123
318	141
318	186
318	196
318	205
318	231
318	258
318	274
318	275
318	307
318	308
318	310
318	337
318	357
318	373
318	401
318	404
318	417
318	418
319	7
319	26
319	33
319	55
319	107
319	109
319	272
319	292
319	293
319	297
319	305
319	309
319	317
319	323
319	328
319	329
319	330
319	384
319	385
319	393
319	398
319	399
320	68
320	276
320	312
320	326
320	370
320	380
320	391
320	395
320	415
320	416
320	428
320	429
320	434
320	458
320	461
320	463
320	466
320	476
320	479
320	480
320	483
320	484
321	167
321	235
321	266
321	287
321	301
321	342
321	360
321	375
321	386
321	405
321	407
321	409
321	420
321	435
321	437
321	443
321	447
321	453
321	455
321	460
321	468
321	473
322	143
322	272
322	472
322	477
322	478
322	481
322	485
322	486
322	487
322	488
322	489
322	490
322	491
322	492
322	493
322	494
322	495
322	496
322	497
322	498
322	499
322	500
323	33
323	55
323	122
323	174
323	214
323	272
323	279
323	292
323	297
323	305
323	309
323	317
323	319
323	329
323	330
323	383
323	385
323	393
323	398
323	399
323	471
323	491
324	128
324	179
324	276
324	348
324	370
324	373
324	391
324	415
324	416
324	428
324	429
324	458
324	461
324	462
324	463
324	464
324	466
324	476
324	479
324	480
324	483
324	484
325	19
325	51
325	116
325	191
325	223
325	224
325	256
325	267
325	313
325	333
325	335
325	350
325	362
325	369
325	377
325	382
325	384
325	390
325	396
325	400
325	448
325	475
326	67
326	320
326	451
326	472
326	477
326	481
326	485
326	486
326	487
326	488
326	489
326	490
326	491
326	492
326	493
326	494
326	495
326	496
326	497
326	498
326	499
326	500
327	53
327	94
327	124
327	157
327	245
327	246
327	260
327	271
327	275
327	338
327	358
327	366
327	379
327	381
327	394
327	403
327	404
327	408
327	409
327	422
327	423
327	430
328	39
328	319
328	472
328	477
328	480
328	481
328	485
328	486
328	487
328	488
328	489
328	490
328	491
328	492
328	493
328	494
328	495
328	496
328	497
328	498
328	499
328	500
329	7
329	33
329	72
329	86
329	122
329	148
329	214
329	248
329	279
329	292
329	293
329	297
329	305
329	309
329	317
329	319
329	323
329	330
329	344
329	383
329	393
329	398
329	399
330	26
330	86
330	122
330	174
330	214
330	272
330	279
330	288
330	292
330	293
330	297
330	305
330	309
330	319
330	323
330	329
330	331
330	344
330	383
330	385
330	393
330	398
330	399
331	52
331	57
331	255
331	290
331	330
331	345
331	367
331	372
331	397
331	431
331	436
331	441
331	442
331	448
331	459
331	464
331	467
331	469
331	470
331	474
331	475
331	478
331	482
332	43
332	44
332	60
332	87
332	99
332	117
332	121
332	125
332	144
332	182
332	194
332	220
332	221
332	250
332	270
332	278
332	288
332	300
332	306
332	339
332	352
332	388
332	392
333	20
333	28
333	38
333	143
333	154
333	191
333	223
333	256
333	267
333	313
333	325
333	335
333	350
333	362
333	369
333	377
333	382
333	384
333	390
333	396
333	400
333	488
333	497
334	3
334	11
334	50
334	69
334	84
334	164
334	252
334	280
334	303
334	336
334	349
334	354
334	406
334	410
334	412
334	414
334	424
334	432
334	433
334	438
334	439
334	445
334	450
335	8
335	38
335	51
335	82
335	116
335	191
335	223
335	224
335	256
335	263
335	267
335	313
335	325
335	333
335	350
335	362
335	369
335	377
335	382
335	384
335	390
335	396
335	400
336	83
336	84
336	131
336	136
336	178
336	252
336	257
336	280
336	334
336	346
336	354
336	389
336	406
336	410
336	412
336	414
336	424
336	432
336	433
336	438
336	439
336	445
336	484
337	59
337	74
337	100
337	105
337	137
337	169
337	186
337	201
337	205
337	231
337	260
337	274
337	307
337	308
337	310
337	318
337	357
337	373
337	401
337	404
337	417
337	418
337	459
338	169
338	177
338	188
338	207
338	246
338	260
338	269
338	271
338	302
338	327
338	341
338	358
338	361
338	366
338	379
338	381
338	394
338	403
338	408
338	409
338	422
338	423
338	430
339	43
339	44
339	60
339	93
339	99
339	117
339	133
339	144
339	182
339	189
339	194
339	221
339	250
339	270
339	288
339	300
339	306
339	332
339	352
339	364
339	392
339	402
339	453
340	42
340	59
340	74
340	80
340	123
340	141
340	169
340	196
340	201
340	205
340	231
340	258
340	274
340	307
340	310
340	357
340	373
340	398
340	401
340	404
340	417
340	418
340	449
341	115
341	155
341	162
341	166
341	171
341	187
341	204
341	228
341	239
341	244
341	246
341	251
341	338
341	343
341	346
341	353
341	368
341	402
341	413
341	419
341	421
341	426
341	427
342	101
342	157
342	261
342	263
342	266
342	287
342	321
342	359
342	361
342	405
342	407
342	408
342	420
342	435
342	437
342	443
342	447
342	451
342	453
342	454
342	460
342	468
342	473
343	23
343	135
343	155
343	166
343	171
343	204
343	215
343	217
343	228
343	238
343	251
343	258
343	273
343	284
343	341
343	353
343	368
343	402
343	413
343	419
343	421
343	426
343	427
343	479
344	7
344	26
344	33
344	55
344	86
344	109
344	174
344	214
344	272
344	279
344	293
344	297
344	305
344	309
344	317
344	329
344	330
344	383
344	385
344	388
344	393
344	398
344	399
344	483
345	134
345	147
345	229
345	290
345	331
345	356
345	367
345	372
345	374
345	397
345	431
345	436
345	441
345	442
345	459
345	464
345	469
345	470
345	471
345	474
345	475
345	478
345	482
345	486
346	115
346	145
346	155
346	187
346	215
346	217
346	228
346	238
346	239
346	244
346	273
346	284
346	305
346	336
346	341
346	353
346	368
346	400
346	402
346	413
346	419
346	421
346	426
346	427
347	76
347	261
347	299
347	310
347	359
347	360
347	375
347	386
347	405
347	407
347	420
347	425
347	435
347	437
347	443
347	447
347	448
347	451
347	453
347	454
347	455
347	460
347	468
347	473
348	34
348	58
348	113
348	247
348	291
348	311
348	324
348	380
348	388
348	391
348	395
348	416
348	428
348	429
348	458
348	461
348	462
348	463
348	466
348	476
348	479
348	480
348	483
348	484
349	233
349	334
349	457
349	465
349	472
349	477
349	480
349	481
349	485
349	486
349	487
349	488
349	489
349	490
349	491
349	492
349	493
349	494
349	495
349	496
349	497
349	498
349	499
349	500
350	19
350	38
350	51
350	116
350	143
350	191
350	223
350	224
350	251
350	256
350	267
350	313
350	325
350	333
350	335
350	362
350	369
350	377
350	382
350	384
350	390
350	396
350	400
350	461
351	71
351	223
351	356
351	457
351	465
351	472
351	477
351	481
351	485
351	486
351	487
351	488
351	489
351	490
351	491
351	492
351	493
351	494
351	495
351	496
351	497
351	498
351	499
351	500
352	43
352	44
352	60
352	87
352	93
352	99
352	102
352	121
352	125
352	133
352	144
352	182
352	189
352	194
352	220
352	250
352	288
352	300
352	306
352	332
352	339
352	364
352	392
352	485
352	498
353	135
353	145
353	162
353	166
353	171
353	187
353	204
353	215
353	217
353	239
353	244
353	273
353	284
353	314
353	341
353	343
353	346
353	355
353	368
353	402
353	413
353	419
353	421
353	426
353	427
354	64
354	83
354	131
354	136
354	140
354	146
354	203
354	240
354	252
354	280
354	307
354	334
354	336
354	389
354	406
354	410
354	412
354	414
354	424
354	432
354	433
354	438
354	439
354	445
354	447
355	298
355	353
355	449
355	456
355	457
355	465
355	472
355	477
355	481
355	485
355	486
355	487
355	488
355	489
355	490
355	491
355	492
355	493
355	494
355	495
355	496
355	497
355	498
355	499
355	500
356	147
356	222
356	237
356	249
356	314
356	345
356	351
356	360
356	367
356	374
356	397
356	414
356	431
356	436
356	441
356	442
356	448
356	464
356	467
356	469
356	471
356	474
356	475
356	478
356	482
357	34
357	74
357	100
357	105
357	137
357	141
357	169
357	186
357	196
357	201
357	231
357	258
357	274
357	307
357	308
357	318
357	337
357	340
357	373
357	388
357	401
357	404
357	417
357	418
357	473
358	78
358	134
358	157
358	173
358	177
358	207
358	228
358	246
358	248
358	269
358	271
358	302
358	327
358	338
358	361
358	366
358	379
358	381
358	382
358	394
358	408
358	409
358	422
358	423
358	430
359	29
359	67
359	101
359	185
359	261
359	282
359	295
359	299
359	342
359	347
359	360
359	375
359	386
359	405
359	407
359	435
359	437
359	443
359	447
359	451
359	453
359	455
359	460
359	468
359	473
360	90
360	229
360	261
360	263
360	295
360	299
360	321
360	347
360	356
360	359
360	375
360	386
360	405
360	407
360	420
360	435
360	437
360	443
360	447
360	453
360	454
360	460
360	468
360	473
360	496
361	32
361	94
361	134
361	177
361	207
361	246
361	248
361	260
361	269
361	271
361	302
361	338
361	342
361	358
361	366
361	372
361	379
361	381
361	394
361	403
361	408
361	409
361	422
361	423
361	496
362	8
362	20
362	28
362	51
362	154
362	191
362	223
362	224
362	256
362	267
362	268
362	313
362	325
362	333
362	335
362	350
362	369
362	377
362	381
362	382
362	384
362	390
362	396
362	400
362	500
363	20
363	183
363	407
363	449
363	457
363	465
363	472
363	477
363	481
363	485
363	486
363	487
363	488
363	489
363	490
363	491
363	492
363	493
363	494
363	495
363	496
363	497
363	498
363	499
363	500
364	43
364	44
364	60
364	87
364	93
364	99
364	117
364	121
364	125
364	133
364	144
364	182
364	189
364	220
364	221
364	250
364	267
364	270
364	288
364	300
364	306
364	339
364	352
364	392
364	444
365	127
365	208
365	449
365	452
365	456
365	457
365	465
365	472
365	477
365	481
365	485
365	486
365	487
365	488
365	489
365	490
365	491
365	492
365	493
365	494
365	495
365	496
365	497
365	498
365	499
365	500
366	53
366	134
366	139
366	173
366	188
366	245
366	246
366	248
366	260
366	269
366	271
366	302
366	327
366	338
366	358
366	361
366	379
366	381
366	394
366	403
366	408
366	409
366	422
366	423
366	424
366	430
367	47
367	151
367	222
367	255
367	264
367	278
367	285
367	331
367	345
367	356
367	374
367	397
367	431
367	436
367	441
367	448
367	457
367	459
367	466
367	467
367	469
367	471
367	474
367	475
367	478
367	482
368	97
368	115
368	135
368	145
368	162
368	171
368	187
368	204
368	215
368	228
368	238
368	244
368	251
368	273
368	284
368	341
368	343
368	346
368	353
368	402
368	413
368	415
368	421
368	426
368	427
368	479
369	19
369	20
369	38
369	51
369	116
369	143
369	154
369	185
369	191
369	223
369	224
369	256
369	267
369	313
369	325
369	333
369	335
369	350
369	362
369	377
369	382
369	384
369	390
369	396
369	400
369	463
370	172
370	211
370	269
370	296
370	311
370	312
370	320
370	324
370	380
370	388
370	395
370	415
370	416
370	427
370	429
370	434
370	437
370	458
370	461
370	462
370	463
370	466
370	479
370	480
370	483
370	484
371	16
371	22
371	47
371	49
371	67
371	85
371	126
371	129
371	139
371	184
371	198
371	202
371	232
371	233
371	254
371	281
371	283
371	298
371	301
371	304
371	313
371	315
371	316
371	376
371	378
371	380
371	411
372	102
372	175
372	176
372	196
372	217
372	264
372	278
372	290
372	314
372	331
372	345
372	361
372	374
372	431
372	436
372	441
372	442
372	448
372	459
372	464
372	467
372	469
372	470
372	471
372	475
372	478
372	482
373	34
373	59
373	100
373	105
373	114
373	123
373	137
373	141
373	169
373	186
373	193
373	196
373	231
373	258
373	274
373	276
373	307
373	308
373	318
373	324
373	337
373	340
373	357
373	401
373	404
373	417
373	418
374	151
374	229
374	249
374	278
374	285
374	287
374	345
374	356
374	367
374	372
374	377
374	397
374	431
374	436
374	441
374	442
374	448
374	459
374	464
374	467
374	469
374	470
374	474
374	475
374	478
374	482
374	487
375	76
375	170
375	261
375	266
375	282
375	295
375	299
375	315
375	321
375	347
375	359
375	360
375	377
375	386
375	405
375	407
375	420
375	425
375	431
375	435
375	437
375	443
375	447
375	454
375	455
375	468
375	473
376	4
376	16
376	22
376	41
376	47
376	49
376	67
376	68
376	85
376	126
376	139
376	198
376	202
376	226
376	233
376	281
376	283
376	298
376	301
376	304
376	315
376	316
376	371
376	378
376	392
376	411
376	482
377	8
377	19
377	20
377	28
377	116
377	143
377	154
377	191
377	223
377	224
377	256
377	267
377	313
377	325
377	333
377	335
377	350
377	362
377	369
377	374
377	375
377	382
377	384
377	390
377	396
377	400
377	497
378	4
378	16
378	22
378	47
378	49
378	67
378	68
378	85
378	126
378	139
378	184
378	198
378	226
378	232
378	254
378	281
378	283
378	298
378	301
378	315
378	316
378	371
378	376
378	398
378	411
378	455
378	482
379	32
379	94
379	134
379	157
379	177
379	198
379	207
379	245
379	246
379	260
379	269
379	271
379	302
379	327
379	338
379	358
379	361
379	366
379	381
379	403
379	408
379	409
379	422
379	423
379	430
379	431
379	490
380	48
380	211
380	226
380	276
380	296
380	311
380	320
380	348
380	370
380	371
380	388
380	395
380	415
380	416
380	428
380	429
380	434
380	458
380	461
380	462
380	463
380	466
380	476
380	479
380	480
380	483
380	484
381	53
381	94
381	124
381	207
381	235
381	245
381	246
381	248
381	260
381	269
381	271
381	302
381	327
381	338
381	358
381	361
381	362
381	366
381	379
381	392
381	394
381	403
381	408
381	409
381	422
381	423
381	430
382	8
382	19
382	20
382	28
382	51
382	116
382	143
382	154
382	191
382	223
382	256
382	267
382	283
382	313
382	325
382	333
382	335
382	350
382	358
382	362
382	369
382	377
382	384
382	390
382	396
382	400
382	442
383	7
383	26
383	33
383	55
383	72
383	86
383	107
383	109
383	122
383	174
383	214
383	272
383	279
383	292
383	293
383	297
383	317
383	323
383	329
383	330
383	344
383	385
383	393
383	398
383	399
383	430
383	484
384	8
384	20
384	28
384	51
384	116
384	143
384	154
384	191
384	214
384	223
384	224
384	238
384	256
384	267
384	313
384	319
384	325
384	333
384	335
384	350
384	362
384	369
384	377
384	382
384	390
384	396
384	400
385	7
385	26
385	28
385	55
385	86
385	107
385	109
385	122
385	174
385	214
385	276
385	279
385	292
385	293
385	297
385	305
385	309
385	317
385	319
385	323
385	330
385	344
385	383
385	393
385	394
385	398
385	399
386	63
386	101
386	234
386	235
386	250
386	263
386	295
386	321
386	347
386	359
386	360
386	375
386	407
386	420
386	421
386	425
386	435
386	437
386	443
386	445
386	447
386	451
386	453
386	454
386	455
386	460
386	468
386	473
387	151
387	181
387	440
387	449
387	450
387	452
387	456
387	457
387	465
387	472
387	477
387	481
387	485
387	486
387	487
387	488
387	489
387	490
387	491
387	492
387	493
387	494
387	495
387	496
387	497
387	498
387	499
387	500
388	168
388	294
388	296
388	311
388	312
388	332
388	344
388	348
388	357
388	370
388	380
388	391
388	395
388	415
388	416
388	428
388	429
388	434
388	458
388	461
388	462
388	463
388	466
388	476
388	479
388	480
388	483
388	484
389	3
389	14
389	69
389	84
389	140
389	146
389	149
389	164
389	178
389	190
389	203
389	240
389	252
389	280
389	303
389	336
389	354
389	406
389	410
389	412
389	414
389	424
389	432
389	433
389	438
389	439
389	445
389	494
390	19
390	20
390	28
390	38
390	51
390	116
390	143
390	154
390	191
390	223
390	224
390	256
390	267
390	313
390	325
390	333
390	335
390	350
390	362
390	369
390	377
390	382
390	384
390	394
390	396
390	400
390	447
390	489
391	77
391	151
391	172
391	211
391	291
391	294
391	296
391	311
391	312
391	320
391	324
391	348
391	388
391	402
391	415
391	416
391	428
391	429
391	434
391	461
391	462
391	463
391	466
391	476
391	479
391	480
391	483
391	484
392	43
392	44
392	60
392	87
392	93
392	99
392	117
392	121
392	125
392	133
392	144
392	182
392	189
392	194
392	220
392	221
392	250
392	264
392	270
392	288
392	300
392	306
392	332
392	339
392	352
392	364
392	376
392	381
393	33
393	55
393	72
393	86
393	107
393	109
393	122
393	174
393	214
393	216
393	272
393	279
393	292
393	293
393	297
393	305
393	309
393	317
393	319
393	323
393	329
393	330
393	344
393	383
393	385
393	398
393	399
393	487
394	53
394	94
394	124
394	173
394	177
394	180
394	188
394	245
394	246
394	248
394	260
394	269
394	271
394	302
394	327
394	338
394	358
394	361
394	366
394	381
394	385
394	390
394	403
394	408
394	409
394	422
394	423
394	430
395	21
395	24
395	70
395	158
395	195
395	291
395	296
395	312
395	320
395	348
395	370
395	380
395	388
395	415
395	416
395	421
395	428
395	429
395	434
395	458
395	461
395	462
395	463
395	466
395	476
395	479
395	480
395	483
395	484
396	8
396	19
396	20
396	28
396	38
396	51
396	111
396	116
396	143
396	154
396	191
396	223
396	224
396	256
396	267
396	313
396	325
396	333
396	335
396	350
396	362
396	369
396	377
396	382
396	384
396	390
396	397
396	400
396	497
397	30
397	62
397	112
397	180
397	285
397	290
397	314
397	331
397	345
397	356
397	367
397	374
397	396
397	400
397	431
397	436
397	441
397	442
397	448
397	459
397	464
397	467
397	469
397	470
397	471
397	474
397	475
397	478
397	482
398	7
398	55
398	72
398	86
398	107
398	109
398	122
398	174
398	214
398	272
398	279
398	292
398	293
398	297
398	305
398	309
398	317
398	319
398	323
398	329
398	330
398	340
398	344
398	378
398	383
398	385
398	393
398	399
398	481
399	7
399	26
399	33
399	55
399	72
399	86
399	122
399	174
399	214
399	272
399	279
399	292
399	293
399	297
399	305
399	309
399	317
399	319
399	323
399	329
399	330
399	344
399	383
399	385
399	393
399	398
399	469
399	482
399	499
400	8
400	19
400	20
400	28
400	38
400	51
400	116
400	143
400	154
400	191
400	223
400	224
400	256
400	267
400	313
400	325
400	333
400	335
400	346
400	350
400	362
400	369
400	377
400	382
400	384
400	390
400	396
400	397
400	413
401	42
401	59
401	74
401	100
401	105
401	114
401	123
401	141
401	169
401	173
401	186
401	201
401	205
401	209
401	258
401	274
401	307
401	308
401	310
401	318
401	337
401	340
401	357
401	373
401	403
401	404
401	417
401	418
401	439
402	13
402	97
402	115
402	135
402	145
402	166
402	171
402	187
402	204
402	215
402	217
402	228
402	238
402	244
402	251
402	273
402	284
402	339
402	341
402	343
402	346
402	353
402	368
402	391
402	404
402	413
402	421
402	426
402	427
403	32
403	94
403	124
403	134
403	157
403	173
403	177
403	188
403	207
403	213
403	246
403	248
403	260
403	269
403	271
403	302
403	327
403	338
403	361
403	366
403	379
403	381
403	394
403	401
403	408
403	409
403	422
403	423
403	430
403	437
404	34
404	42
404	59
404	74
404	80
404	100
404	105
404	114
404	123
404	137
404	141
404	186
404	201
404	205
404	209
404	231
404	232
404	274
404	308
404	310
404	318
404	327
404	337
404	340
404	357
404	373
404	401
404	402
404	417
404	418
405	27
405	81
405	92
405	137
405	185
405	234
405	261
405	266
405	282
405	287
405	321
405	342
405	347
405	359
405	360
405	375
405	407
405	420
405	425
405	435
405	437
405	443
405	447
405	451
405	454
405	455
405	460
405	468
405	473
405	493
406	3
406	50
406	84
406	92
406	131
406	140
406	146
406	149
406	164
406	178
406	240
406	252
406	280
406	303
406	334
406	336
406	354
406	389
406	410
406	412
406	414
406	424
406	430
406	432
406	433
406	438
406	439
406	441
406	445
406	457
407	25
407	76
407	101
407	234
407	266
407	282
407	287
407	295
407	321
407	342
407	347
407	359
407	360
407	363
407	375
407	386
407	405
407	420
407	425
407	435
407	437
407	447
407	451
407	453
407	454
407	455
407	460
407	468
407	473
407	497
408	32
408	94
408	124
408	134
408	173
408	177
408	188
408	207
408	245
408	246
408	248
408	269
408	271
408	285
408	302
408	327
408	338
408	342
408	358
408	361
408	366
408	379
408	381
408	394
408	403
408	409
408	419
408	422
408	423
408	430
409	32
409	53
409	112
409	124
409	134
409	157
409	173
409	177
409	188
409	207
409	245
409	246
409	248
409	269
409	302
409	321
409	327
409	338
409	358
409	361
409	366
409	379
409	381
409	394
409	403
409	408
409	411
409	422
409	423
409	430
410	3
410	50
410	69
410	83
410	92
410	131
410	136
410	137
410	140
410	146
410	149
410	190
410	240
410	252
410	280
410	303
410	334
410	336
410	354
410	389
410	406
410	412
410	414
410	418
410	424
410	432
410	433
410	438
410	439
410	445
410	496
411	4
411	16
411	22
411	47
411	49
411	67
411	68
411	85
411	126
411	139
411	147
411	184
411	198
411	202
411	226
411	232
411	233
411	254
411	281
411	283
411	298
411	301
411	304
411	315
411	316
411	371
411	376
411	378
411	409
411	425
411	432
412	3
412	11
412	84
412	92
412	131
412	136
412	140
412	146
412	164
412	178
412	190
412	203
412	240
412	280
412	303
412	334
412	336
412	354
412	389
412	406
412	410
412	414
412	423
412	424
412	432
412	433
412	438
412	439
412	442
412	445
412	479
413	13
413	23
413	76
413	97
413	115
413	125
413	135
413	145
413	155
413	166
413	171
413	187
413	204
413	215
413	228
413	238
413	239
413	251
413	273
413	284
413	341
413	343
413	346
413	353
413	368
413	400
413	402
413	419
413	421
413	426
413	427
414	11
414	83
414	92
414	131
414	136
414	140
414	149
414	164
414	178
414	190
414	203
414	240
414	251
414	252
414	280
414	289
414	303
414	334
414	336
414	354
414	356
414	389
414	406
414	410
414	412
414	424
414	432
414	433
414	438
414	439
414	445
415	24
415	80
415	110
415	113
415	158
415	168
415	179
415	276
415	291
415	294
415	320
415	324
415	368
415	370
415	380
415	388
415	391
415	395
415	416
415	428
415	434
415	456
415	458
415	461
415	462
415	466
415	476
415	479
415	480
415	483
415	484
415	486
416	48
416	164
416	168
416	211
416	276
416	291
416	294
416	312
416	320
416	324
416	348
416	370
416	380
416	388
416	391
416	395
416	415
416	428
416	429
416	434
416	435
416	458
416	461
416	462
416	463
416	465
416	466
416	476
416	479
416	480
416	483
416	484
417	34
417	42
417	69
417	74
417	80
417	100
417	105
417	114
417	123
417	137
417	141
417	166
417	169
417	186
417	196
417	201
417	205
417	209
417	231
417	274
417	307
417	308
417	310
417	318
417	337
417	340
417	357
417	373
417	401
417	404
417	418
417	484
418	34
418	42
418	59
418	80
418	100
418	105
418	114
418	123
418	137
418	141
418	169
418	186
418	194
418	196
418	201
418	209
418	231
418	258
418	274
418	307
418	308
418	310
418	313
418	318
418	337
418	340
418	357
418	373
418	401
418	404
418	410
418	417
419	11
419	13
419	23
419	97
419	115
419	135
419	136
419	145
419	155
419	162
419	166
419	171
419	187
419	204
419	215
419	217
419	228
419	238
419	239
419	244
419	251
419	273
419	284
419	341
419	343
419	346
419	353
419	408
419	413
419	421
419	426
419	427
420	63
420	95
420	132
420	167
420	170
420	234
420	263
420	266
420	282
420	299
420	321
420	342
420	347
420	360
420	375
420	386
420	405
420	407
420	425
420	435
420	437
420	443
420	447
420	451
420	452
420	453
420	454
420	455
420	460
420	468
420	473
420	492
421	13
421	23
421	97
421	115
421	135
421	145
421	155
421	162
421	166
421	171
421	204
421	215
421	217
421	238
421	239
421	244
421	251
421	273
421	284
421	341
421	343
421	346
421	353
421	368
421	386
421	395
421	402
421	413
421	419
421	426
421	427
421	480
422	32
422	53
422	94
422	124
422	134
422	157
422	169
422	177
422	188
422	207
422	245
422	246
422	248
422	260
422	269
422	271
422	302
422	327
422	338
422	358
422	361
422	366
422	379
422	381
422	394
422	403
422	408
422	409
422	423
422	426
422	430
422	500
423	32
423	53
423	94
423	124
423	134
423	157
423	173
423	177
423	188
423	192
423	207
423	227
423	245
423	246
423	248
423	260
423	269
423	271
423	302
423	327
423	338
423	358
423	361
423	366
423	379
423	381
423	394
423	403
423	408
423	409
423	412
423	422
423	430
424	3
424	11
424	50
424	83
424	84
424	131
424	136
424	140
424	149
424	164
424	177
424	178
424	190
424	203
424	240
424	252
424	280
424	286
424	303
424	334
424	336
424	354
424	366
424	389
424	406
424	410
424	412
424	414
424	432
424	433
424	438
424	439
424	445
425	27
425	63
425	66
425	81
425	170
425	185
425	207
425	234
425	235
425	242
425	263
425	266
425	287
425	295
425	299
425	347
425	375
425	386
425	405
425	407
425	411
425	420
425	435
425	437
425	443
425	447
425	451
425	453
425	454
425	455
425	460
425	468
425	473
426	13
426	23
426	97
426	115
426	135
426	145
426	155
426	162
426	171
426	187
426	204
426	215
426	217
426	228
426	238
426	239
426	244
426	251
426	273
426	284
426	341
426	343
426	346
426	353
426	368
426	402
426	413
426	419
426	421
426	422
426	427
426	470
426	478
427	13
427	97
427	115
427	135
427	145
427	155
427	162
427	171
427	187
427	204
427	215
427	217
427	228
427	238
427	239
427	244
427	251
427	273
427	277
427	284
427	297
427	341
427	343
427	346
427	353
427	368
427	370
427	402
427	413
427	419
427	421
427	426
427	467
428	48
428	75
428	110
428	179
428	276
428	284
428	291
428	294
428	296
428	311
428	320
428	324
428	348
428	380
428	388
428	391
428	395
428	415
428	416
428	429
428	433
428	434
428	458
428	461
428	462
428	463
428	466
428	476
428	479
428	480
428	483
428	484
428	495
429	75
429	77
429	138
429	195
429	291
429	294
429	296
429	311
429	312
429	320
429	324
429	348
429	370
429	380
429	388
429	391
429	395
429	416
429	428
429	434
429	439
429	458
429	461
429	462
429	463
429	466
429	476
429	479
429	480
429	483
429	484
429	485
429	492
430	32
430	53
430	94
430	124
430	134
430	157
430	173
430	177
430	188
430	207
430	245
430	246
430	248
430	260
430	269
430	271
430	302
430	327
430	338
430	358
430	366
430	379
430	381
430	383
430	394
430	403
430	406
430	408
430	409
430	422
430	423
430	436
430	464
431	57
431	62
431	65
431	151
431	176
431	178
431	180
431	222
431	237
431	278
431	285
431	314
431	331
431	345
431	356
431	367
431	372
431	374
431	375
431	379
431	397
431	436
431	442
431	448
431	459
431	464
431	467
431	469
431	470
431	471
431	474
431	475
431	478
431	482
432	50
432	69
432	83
432	84
432	92
432	131
432	136
432	140
432	146
432	149
432	161
432	178
432	190
432	203
432	240
432	248
432	252
432	280
432	303
432	334
432	336
432	354
432	389
432	406
432	410
432	411
432	412
432	414
432	424
432	433
432	438
432	439
432	445
432	465
433	3
433	11
433	50
433	69
433	83
433	84
433	92
433	136
433	146
433	149
433	164
433	173
433	178
433	190
433	203
433	240
433	252
433	280
433	297
433	303
433	334
433	336
433	354
433	389
433	406
433	410
433	412
433	414
433	424
433	428
433	432
433	438
433	439
433	445
434	3
434	75
434	113
434	128
434	158
434	168
434	172
434	179
434	191
434	211
434	291
434	294
434	296
434	311
434	312
434	320
434	370
434	380
434	388
434	391
434	395
434	415
434	416
434	428
434	429
434	448
434	458
434	462
434	463
434	476
434	479
434	480
434	483
434	484
435	27
435	63
435	76
435	90
435	185
435	234
435	235
435	263
435	266
435	282
435	295
435	306
435	321
435	342
435	347
435	359
435	360
435	375
435	386
435	405
435	407
435	416
435	420
435	425
435	437
435	443
435	447
435	451
435	453
435	454
435	455
435	458
435	460
435	468
435	473
436	2
436	57
436	147
436	180
436	206
436	222
436	237
436	249
436	261
436	264
436	278
436	290
436	317
436	331
436	345
436	356
436	367
436	372
436	374
436	397
436	430
436	431
436	441
436	442
436	448
436	459
436	464
436	467
436	469
436	470
436	471
436	474
436	475
436	478
436	482
437	90
437	95
437	167
437	170
437	185
437	234
437	261
437	263
437	282
437	287
437	295
437	299
437	321
437	342
437	347
437	359
437	360
437	370
437	375
437	386
437	403
437	405
437	407
437	420
437	425
437	435
437	443
437	447
437	453
437	454
437	455
437	460
437	468
437	473
437	499
438	3
438	11
438	36
438	50
438	69
438	83
438	84
438	92
438	131
438	136
438	140
438	146
438	149
438	164
438	190
438	203
438	240
438	241
438	252
438	280
438	288
438	303
438	334
438	336
438	354
438	389
438	406
438	410
438	412
438	414
438	424
438	432
438	433
438	439
438	445
439	3
439	11
439	35
439	50
439	69
439	83
439	92
439	131
439	136
439	146
439	149
439	164
439	178
439	190
439	203
439	240
439	252
439	280
439	303
439	334
439	336
439	354
439	389
439	401
439	406
439	410
439	412
439	414
439	424
439	429
439	432
439	433
439	438
439	445
439	449
440	225
440	282
440	316
440	387
440	444
440	445
440	446
440	449
440	450
440	452
440	456
440	457
440	465
440	472
440	477
440	481
440	485
440	486
440	487
440	488
440	489
440	490
440	491
440	492
440	493
440	494
440	495
440	496
440	497
440	498
440	499
440	500
441	2
441	87
441	102
441	147
441	151
441	176
441	180
441	206
441	222
441	237
441	249
441	255
441	290
441	314
441	331
441	345
441	356
441	367
441	372
441	374
441	397
441	406
441	436
441	442
441	446
441	448
441	459
441	464
441	467
441	469
441	470
441	471
441	474
441	475
441	478
441	482
442	102
442	147
442	151
442	175
442	201
442	206
442	229
442	237
442	249
442	255
442	264
442	285
442	314
442	331
442	345
442	356
442	372
442	374
442	382
442	397
442	412
442	431
442	436
442	441
442	448
442	459
442	460
442	464
442	467
442	469
442	470
442	471
442	474
442	475
442	478
442	482
443	76
443	81
443	90
443	95
443	101
443	157
443	165
443	167
443	170
443	185
443	234
443	261
443	282
443	287
443	295
443	321
443	342
443	347
443	359
443	360
443	375
443	386
443	405
443	420
443	425
443	435
443	437
443	446
443	451
443	453
443	454
443	455
443	460
443	468
443	473
443	491
444	152
444	154
444	221
444	364
444	440
444	446
444	449
444	450
444	452
444	456
444	457
444	465
444	472
444	477
444	481
444	485
444	486
444	487
444	488
444	489
444	490
444	491
444	492
444	493
444	494
444	495
444	496
444	497
444	498
444	499
444	500
445	11
445	50
445	69
445	83
445	84
445	92
445	131
445	136
445	140
445	146
445	149
445	164
445	178
445	190
445	203
445	240
445	246
445	252
445	280
445	303
445	334
445	336
445	354
445	386
445	389
445	406
445	410
445	412
445	414
445	424
445	432
445	433
445	438
445	439
445	440
445	493
446	145
446	170
446	440
446	441
446	443
446	444
446	449
446	450
446	452
446	456
446	457
446	465
446	472
446	477
446	481
446	485
446	486
446	487
446	488
446	489
446	490
446	491
446	492
446	493
446	494
446	495
446	496
446	497
446	498
446	499
446	500
447	27
447	90
447	167
447	184
447	185
447	197
447	234
447	235
447	261
447	263
447	266
447	282
447	287
447	295
447	299
447	321
447	342
447	347
447	354
447	359
447	360
447	375
447	386
447	390
447	405
447	407
447	420
447	425
447	435
447	437
447	451
447	453
447	454
447	455
447	460
447	468
447	473
448	102
448	112
448	175
448	176
448	180
448	206
448	222
448	229
448	237
448	255
448	264
448	290
448	314
448	325
448	331
448	347
448	356
448	367
448	372
448	374
448	397
448	431
448	434
448	436
448	441
448	442
448	459
448	464
448	467
448	469
448	470
448	471
448	474
448	475
448	478
448	482
448	486
449	280
449	340
449	355
449	363
449	365
449	387
449	439
449	440
449	444
449	446
449	450
449	452
449	456
449	457
449	465
449	472
449	477
449	481
449	485
449	486
449	487
449	488
449	489
449	490
449	491
449	492
449	493
449	494
449	495
449	496
449	497
449	498
449	499
449	500
450	94
450	316
450	334
450	387
450	440
450	444
450	446
450	449
450	452
450	456
450	457
450	464
450	465
450	472
450	477
450	481
450	485
450	486
450	487
450	488
450	489
450	490
450	491
450	492
450	493
450	494
450	495
450	496
450	497
450	498
450	499
450	500
451	76
451	81
451	90
451	95
451	101
451	167
451	170
451	176
451	185
451	234
451	235
451	261
451	263
451	266
451	279
451	287
451	295
451	299
451	326
451	342
451	347
451	359
451	386
451	405
451	407
451	420
451	425
451	435
451	443
451	447
451	453
451	454
451	455
451	460
451	468
451	473
451	486
452	73
452	106
452	365
452	387
452	420
452	440
452	444
452	446
452	449
452	450
452	453
452	456
452	457
452	465
452	472
452	477
452	481
452	485
452	486
452	487
452	488
452	489
452	490
452	491
452	492
452	493
452	494
452	495
452	496
452	497
452	498
452	499
452	500
453	6
453	27
453	63
453	81
453	90
453	95
453	101
453	120
453	167
453	170
453	185
453	235
453	261
453	263
453	282
453	287
453	295
453	321
453	339
453	342
453	347
453	359
453	360
453	386
453	407
453	420
453	425
453	435
453	437
453	443
453	447
453	451
453	452
453	454
453	455
453	460
453	468
453	473
454	63
454	81
454	95
454	101
454	167
454	170
454	185
454	234
454	235
454	239
454	255
454	261
454	263
454	266
454	282
454	287
454	299
454	342
454	347
454	360
454	375
454	386
454	405
454	407
454	420
454	425
454	435
454	437
454	443
454	447
454	451
454	453
454	455
454	460
454	468
454	473
454	487
454	488
455	27
455	63
455	89
455	101
455	167
455	170
455	185
455	234
455	235
455	261
455	263
455	266
455	282
455	287
455	295
455	299
455	321
455	347
455	359
455	375
455	378
455	386
455	405
455	407
455	420
455	425
455	435
455	437
455	443
455	447
455	451
455	453
455	454
455	460
455	468
455	473
455	476
455	499
456	81
456	162
456	175
456	355
456	365
456	387
456	415
456	440
456	444
456	446
456	449
456	450
456	452
456	457
456	465
456	472
456	477
456	481
456	485
456	486
456	487
456	488
456	489
456	490
456	491
456	492
456	493
456	494
456	495
456	496
456	497
456	498
456	499
456	500
457	128
457	349
457	351
457	355
457	363
457	365
457	367
457	387
457	406
457	440
457	444
457	446
457	449
457	450
457	452
457	456
457	465
457	472
457	474
457	477
457	481
457	485
457	486
457	487
457	488
457	489
457	490
457	491
457	492
457	493
457	494
457	495
457	496
457	497
457	498
457	499
457	500
458	54
458	75
458	110
458	128
458	158
458	168
458	179
458	195
458	211
458	276
458	279
458	291
458	294
458	296
458	311
458	312
458	320
458	324
458	348
458	370
458	380
458	388
458	395
458	415
458	416
458	428
458	429
458	434
458	435
458	460
458	461
458	462
458	466
458	476
458	479
458	480
458	481
458	483
458	484
459	2
459	62
459	102
459	112
459	189
459	204
459	206
459	222
459	229
459	237
459	249
459	255
459	264
459	278
459	285
459	290
459	311
459	314
459	331
459	337
459	345
459	367
459	372
459	374
459	397
459	431
459	436
459	441
459	442
459	448
459	464
459	467
459	469
459	470
459	471
459	474
459	475
459	478
459	482
460	27
460	63
460	81
460	90
460	95
460	101
460	167
460	170
460	171
460	233
460	235
460	261
460	263
460	266
460	287
460	295
460	299
460	321
460	342
460	347
460	359
460	360
460	386
460	405
460	407
460	420
460	425
460	435
460	437
460	442
460	443
460	447
460	451
460	453
460	454
460	455
460	458
460	468
460	473
461	48
461	54
461	63
461	75
461	77
461	128
461	158
461	168
461	172
461	179
461	195
461	234
461	276
461	294
461	296
461	311
461	312
461	320
461	324
461	348
461	350
461	370
461	380
461	388
461	391
461	395
461	415
461	416
461	428
461	429
461	458
461	462
461	463
461	466
461	476
461	479
461	480
461	483
461	484
461	500
462	48
462	77
462	110
462	113
462	158
462	168
462	172
462	182
462	195
462	211
462	276
462	291
462	294
462	296
462	311
462	312
462	324
462	348
462	370
462	380
462	388
462	391
462	395
462	415
462	416
462	428
462	429
462	434
462	458
462	461
462	463
462	466
462	467
462	476
462	479
462	480
462	481
462	483
462	484
462	486
463	24
463	54
463	110
463	113
463	128
463	132
463	158
463	160
463	172
463	179
463	195
463	211
463	256
463	276
463	291
463	294
463	296
463	311
463	312
463	320
463	324
463	348
463	369
463	370
463	380
463	388
463	391
463	395
463	416
463	428
463	429
463	434
463	461
463	462
463	466
463	476
463	479
463	480
463	483
463	484
464	2
464	57
464	62
464	74
464	112
464	151
464	175
464	176
464	180
464	206
464	229
464	237
464	249
464	255
464	264
464	278
464	285
464	314
464	324
464	331
464	345
464	356
464	372
464	374
464	397
464	430
464	431
464	436
464	441
464	442
464	448
464	450
464	459
464	467
464	469
464	470
464	471
464	474
464	475
464	478
464	482
465	9
465	349
465	351
465	355
465	363
465	365
465	387
465	416
465	432
465	440
465	444
465	446
465	449
465	450
465	452
465	456
465	457
465	472
465	476
465	477
465	481
465	485
465	486
465	487
465	488
465	489
465	490
465	491
465	492
465	493
465	494
465	495
465	496
465	497
465	498
465	499
465	500
466	24
466	54
466	77
466	109
466	110
466	144
466	158
466	172
466	179
466	195
466	211
466	273
466	276
466	291
466	294
466	296
466	311
466	312
466	320
466	324
466	348
466	367
466	370
466	380
466	388
466	391
466	395
466	415
466	416
466	428
466	429
466	458
466	461
466	462
466	463
466	473
466	476
466	479
466	480
466	483
466	484
467	57
467	62
467	102
467	112
467	124
467	175
467	176
467	180
467	206
467	222
467	229
467	237
467	249
467	255
467	264
467	278
467	290
467	314
467	331
467	356
467	367
467	372
467	374
467	397
467	427
467	431
467	436
467	441
467	442
467	448
467	459
467	462
467	464
467	469
467	470
467	471
467	474
467	475
467	478
467	482
467	490
468	18
468	63
468	76
468	85
468	90
468	95
468	101
468	167
468	170
468	185
468	234
468	235
468	263
468	266
468	274
468	282
468	287
468	295
468	299
468	321
468	342
468	347
468	359
468	360
468	375
468	386
468	405
468	407
468	420
468	425
468	435
468	437
468	443
468	447
468	451
468	453
468	454
468	455
468	460
468	469
468	473
469	2
469	57
469	62
469	147
469	175
469	176
469	206
469	222
469	229
469	237
469	249
469	255
469	264
469	267
469	278
469	285
469	290
469	314
469	315
469	331
469	345
469	356
469	367
469	372
469	374
469	397
469	399
469	431
469	436
469	441
469	442
469	448
469	459
469	464
469	467
469	468
469	470
469	471
469	474
469	475
469	478
469	482
470	2
470	57
470	62
470	75
470	112
470	147
470	151
470	175
470	180
470	206
470	219
470	222
470	225
470	229
470	237
470	249
470	255
470	264
470	278
470	285
470	290
470	314
470	331
470	345
470	372
470	374
470	397
470	426
470	431
470	436
470	441
470	442
470	448
470	459
470	464
470	467
470	469
470	471
470	474
470	475
470	478
470	482
471	62
471	96
471	102
471	112
471	147
471	151
471	175
471	176
471	180
471	206
471	222
471	229
471	236
471	237
471	249
471	255
471	264
471	268
471	278
471	285
471	290
471	314
471	323
471	345
471	356
471	367
471	372
471	397
471	431
471	436
471	441
471	442
471	448
471	459
471	464
471	467
471	469
471	470
471	474
471	475
471	478
471	482
472	202
472	262
472	272
472	281
472	322
472	326
472	328
472	349
472	351
472	355
472	363
472	365
472	387
472	440
472	444
472	446
472	449
472	450
472	452
472	456
472	457
472	465
472	477
472	481
472	483
472	485
472	486
472	487
472	488
472	489
472	490
472	491
472	492
472	493
472	494
472	495
472	496
472	497
472	498
472	499
472	500
473	27
473	63
473	76
473	81
473	90
473	95
473	121
473	167
473	170
473	185
473	234
473	235
473	250
473	261
473	263
473	266
473	282
473	287
473	295
473	299
473	321
473	342
473	347
473	357
473	359
473	360
473	375
473	386
473	405
473	407
473	420
473	425
473	435
473	437
473	443
473	447
473	451
473	453
473	454
473	455
473	460
473	466
473	468
474	2
474	102
474	112
474	147
474	151
474	175
474	176
474	180
474	188
474	197
474	206
474	222
474	229
474	237
474	244
474	249
474	255
474	264
474	285
474	290
474	314
474	331
474	345
474	356
474	367
474	374
474	397
474	431
474	436
474	441
474	442
474	448
474	457
474	459
474	464
474	467
474	469
474	470
474	471
474	475
474	478
474	482
474	483
475	7
475	57
475	102
475	112
475	147
475	151
475	175
475	176
475	180
475	206
475	215
475	222
475	229
475	237
475	243
475	249
475	255
475	264
475	278
475	285
475	290
475	314
475	325
475	331
475	345
475	356
475	367
475	372
475	374
475	397
475	431
475	436
475	441
475	442
475	448
475	459
475	464
475	467
475	469
475	470
475	471
475	474
475	478
475	482
476	24
476	48
476	54
476	75
476	77
476	110
476	113
476	128
476	158
476	168
476	172
476	179
476	195
476	211
476	252
476	276
476	291
476	294
476	296
476	311
476	312
476	320
476	324
476	348
476	380
476	388
476	391
476	395
476	415
476	416
476	428
476	429
476	434
476	455
476	458
476	461
476	462
476	463
476	465
476	466
476	479
476	480
476	483
476	484
476	499
477	107
477	150
477	220
477	289
477	300
477	322
477	326
477	328
477	349
477	351
477	355
477	363
477	365
477	387
477	440
477	444
477	446
477	449
477	450
477	452
477	456
477	457
477	465
477	472
477	481
477	485
477	486
477	487
477	488
477	489
477	490
477	491
477	492
477	493
477	494
477	495
477	496
477	497
477	498
477	499
477	500
478	2
478	57
478	62
478	112
478	130
478	147
478	166
478	175
478	176
478	180
478	206
478	222
478	229
478	237
478	249
478	255
478	264
478	271
478	278
478	285
478	290
478	314
478	322
478	331
478	345
478	356
478	367
478	372
478	374
478	397
478	426
478	431
478	436
478	441
478	442
478	448
478	459
478	464
478	467
478	469
478	470
478	471
478	474
478	475
478	482
479	24
479	48
479	54
479	75
479	77
479	110
479	113
479	158
479	168
479	172
479	179
479	195
479	211
479	215
479	276
479	291
479	294
479	296
479	311
479	312
479	320
479	324
479	343
479	348
479	368
479	370
479	380
479	388
479	391
479	395
479	412
479	415
479	416
479	428
479	429
479	434
479	458
479	461
479	462
479	463
479	466
479	476
479	480
479	483
479	484
480	2
480	24
480	48
480	54
480	75
480	77
480	110
480	113
480	128
480	168
480	172
480	179
480	195
480	211
480	276
480	291
480	294
480	296
480	311
480	312
480	320
480	324
480	328
480	348
480	349
480	370
480	380
480	388
480	391
480	395
480	415
480	416
480	421
480	428
480	429
480	434
480	458
480	461
480	462
480	463
480	466
480	476
480	479
480	483
480	484
481	1
481	18
481	197
481	217
481	270
481	275
481	289
481	322
481	326
481	328
481	349
481	351
481	355
481	363
481	365
481	387
481	398
481	440
481	444
481	446
481	449
481	450
481	452
481	456
481	457
481	458
481	462
481	465
481	472
481	477
481	485
481	486
481	487
481	488
481	489
481	490
481	491
481	492
481	493
481	494
481	495
481	496
481	497
481	498
481	499
481	500
482	2
482	57
482	62
482	102
482	112
482	147
482	151
482	175
482	176
482	180
482	203
482	206
482	229
482	237
482	249
482	255
482	264
482	278
482	285
482	290
482	314
482	331
482	345
482	356
482	367
482	372
482	374
482	376
482	378
482	397
482	399
482	431
482	436
482	441
482	442
482	448
482	459
482	464
482	467
482	469
482	470
482	471
482	474
482	475
482	478
482	483
483	24
483	48
483	54
483	75
483	77
483	110
483	113
483	128
483	158
483	168
483	172
483	179
483	195
483	211
483	263
483	276
483	291
483	294
483	296
483	311
483	312
483	320
483	324
483	344
483	348
483	370
483	380
483	388
483	391
483	395
483	415
483	416
483	428
483	429
483	434
483	458
483	461
483	462
483	463
483	466
483	472
483	474
483	476
483	479
483	480
483	482
483	484
484	24
484	48
484	54
484	59
484	75
484	77
484	110
484	113
484	128
484	158
484	168
484	172
484	179
484	195
484	211
484	276
484	291
484	294
484	296
484	311
484	312
484	320
484	324
484	336
484	348
484	370
484	380
484	383
484	388
484	391
484	395
484	415
484	416
484	417
484	428
484	429
484	434
484	458
484	461
484	462
484	463
484	466
484	476
484	479
484	480
484	483
484	487
485	13
485	45
485	82
485	108
485	193
485	197
485	200
485	253
485	275
485	289
485	322
485	326
485	328
485	349
485	351
485	352
485	355
485	363
485	365
485	387
485	429
485	440
485	444
485	446
485	449
485	450
485	452
485	456
485	457
485	465
485	472
485	477
485	481
485	486
485	487
485	488
485	489
485	490
485	491
485	492
485	493
485	494
485	495
485	496
485	497
485	498
485	499
485	500
486	18
486	82
486	197
486	200
486	253
486	275
486	289
486	322
486	326
486	328
486	345
486	349
486	351
486	355
486	363
486	365
486	387
486	415
486	440
486	444
486	446
486	448
486	449
486	450
486	451
486	452
486	456
486	457
486	462
486	465
486	472
486	477
486	481
486	485
486	487
486	488
486	489
486	490
486	491
486	492
486	493
486	494
486	495
486	496
486	497
486	498
486	499
486	500
487	18
487	82
487	108
487	193
487	235
487	253
487	275
487	289
487	322
487	326
487	328
487	349
487	351
487	355
487	363
487	365
487	374
487	387
487	393
487	440
487	444
487	446
487	449
487	450
487	452
487	454
487	456
487	457
487	465
487	472
487	477
487	481
487	484
487	485
487	486
487	488
487	489
487	490
487	491
487	492
487	493
487	494
487	495
487	496
487	497
487	498
487	499
487	500
488	1
488	18
488	19
488	32
488	193
488	197
488	200
488	253
488	275
488	289
488	322
488	326
488	328
488	333
488	349
488	351
488	355
488	363
488	365
488	387
488	440
488	444
488	446
488	449
488	450
488	452
488	454
488	456
488	457
488	465
488	472
488	477
488	481
488	485
488	486
488	487
488	489
488	490
488	491
488	492
488	493
488	494
488	495
488	496
488	497
488	498
488	499
488	500
489	57
489	82
489	113
489	193
489	197
489	200
489	237
489	240
489	253
489	275
489	289
489	322
489	326
489	328
489	349
489	351
489	355
489	363
489	365
489	387
489	390
489	440
489	444
489	446
489	449
489	450
489	452
489	456
489	457
489	465
489	472
489	477
489	481
489	485
489	486
489	487
489	488
489	490
489	491
489	492
489	493
489	494
489	495
489	496
489	497
489	498
489	499
489	500
490	1
490	18
490	26
490	27
490	193
490	200
490	253
490	275
490	289
490	292
490	322
490	326
490	328
490	349
490	351
490	355
490	363
490	365
490	379
490	387
490	440
490	444
490	446
490	449
490	450
490	452
490	456
490	457
490	465
490	467
490	472
490	477
490	481
490	485
490	486
490	487
490	488
490	489
490	491
490	492
490	493
490	494
490	495
490	496
490	497
490	498
490	499
490	500
491	1
491	15
491	108
491	193
491	197
491	200
491	223
491	253
491	275
491	289
491	322
491	323
491	326
491	328
491	349
491	351
491	355
491	363
491	365
491	387
491	440
491	443
491	444
491	446
491	449
491	450
491	452
491	456
491	457
491	465
491	472
491	477
491	481
491	485
491	486
491	487
491	488
491	489
491	490
491	492
491	493
491	494
491	495
491	496
491	497
491	498
491	499
491	500
492	18
492	54
492	82
492	108
492	149
492	197
492	253
492	275
492	281
492	289
492	322
492	326
492	328
492	349
492	351
492	355
492	363
492	365
492	387
492	420
492	429
492	440
492	444
492	446
492	449
492	450
492	452
492	456
492	457
492	465
492	472
492	477
492	481
492	485
492	486
492	487
492	488
492	489
492	490
492	491
492	493
492	494
492	495
492	496
492	497
492	498
492	499
492	500
493	1
493	82
493	108
493	190
493	200
493	253
493	259
493	275
493	289
493	296
493	322
493	326
493	328
493	349
493	351
493	355
493	363
493	365
493	387
493	405
493	440
493	444
493	445
493	446
493	449
493	450
493	452
493	456
493	457
493	465
493	472
493	477
493	481
493	485
493	486
493	487
493	488
493	489
493	490
493	491
493	492
493	494
493	495
493	496
493	497
493	498
493	499
493	500
494	1
494	82
494	108
494	167
494	193
494	200
494	249
494	253
494	275
494	289
494	293
494	322
494	326
494	328
494	349
494	351
494	355
494	363
494	365
494	387
494	389
494	440
494	444
494	446
494	449
494	450
494	452
494	456
494	457
494	465
494	472
494	477
494	481
494	485
494	486
494	487
494	488
494	489
494	490
494	491
494	492
494	493
494	495
494	496
494	497
494	498
494	499
494	500
495	18
495	55
495	108
495	193
495	197
495	200
495	210
495	218
495	253
495	275
495	289
495	322
495	326
495	328
495	349
495	351
495	355
495	363
495	365
495	387
495	428
495	440
495	444
495	446
495	449
495	450
495	452
495	456
495	457
495	465
495	472
495	477
495	481
495	485
495	486
495	487
495	488
495	489
495	490
495	491
495	492
495	493
495	494
495	496
495	497
495	498
495	499
495	500
496	1
496	83
496	108
496	142
496	193
496	197
496	200
496	253
496	275
496	289
496	322
496	326
496	328
496	349
496	351
496	355
496	360
496	361
496	363
496	365
496	387
496	410
496	440
496	444
496	446
496	449
496	450
496	452
496	456
496	457
496	465
496	472
496	477
496	481
496	485
496	486
496	487
496	488
496	489
496	490
496	491
496	492
496	493
496	494
496	495
496	497
496	498
496	499
496	500
497	18
497	82
497	193
497	197
497	200
497	212
497	253
497	275
497	289
497	322
497	326
497	328
497	333
497	349
497	351
497	355
497	363
497	365
497	377
497	387
497	396
497	407
497	440
497	444
497	446
497	449
497	450
497	452
497	456
497	457
497	465
497	472
497	477
497	481
497	485
497	486
497	487
497	488
497	489
497	490
497	491
497	492
497	493
497	494
497	495
497	496
497	498
497	499
497	500
498	1
498	38
498	60
498	108
498	123
498	193
498	197
498	200
498	231
498	253
498	275
498	289
498	322
498	326
498	328
498	349
498	351
498	352
498	355
498	363
498	365
498	387
498	440
498	444
498	446
498	449
498	450
498	452
498	456
498	457
498	465
498	472
498	477
498	481
498	485
498	486
498	487
498	488
498	489
498	490
498	491
498	492
498	493
498	494
498	495
498	496
498	497
498	499
498	500
499	1
499	82
499	108
499	193
499	197
499	200
499	253
499	266
499	275
499	289
499	322
499	326
499	328
499	349
499	351
499	355
499	363
499	365
499	387
499	399
499	437
499	440
499	444
499	446
499	449
499	450
499	452
499	455
499	456
499	457
499	465
499	472
499	476
499	477
499	481
499	485
499	486
499	487
499	488
499	489
499	490
499	491
499	492
499	493
499	494
499	495
499	496
499	497
499	498
499	500
500	18
500	82
500	108
500	193
500	197
500	200
500	238
500	253
500	275
500	289
500	311
500	322
500	326
500	328
500	349
500	351
500	355
500	362
500	363
500	365
500	387
500	422
500	440
500	444
500	446
500	449
500	450
500	452
500	456
500	457
500	461
500	465
500	472
500	477
500	481
500	485
500	486
500	487
500	488
500	489
500	490
500	491
500	492
500	493
500	494
500	495
500	496
500	497
500	498
500	499
