500 9798
1	22
1	48
1	56
1	166
1	256
1	289
1	310
1	326
1	436
1	443
2	347
2	352
2	362
2	443
2	467
2	480
2	487
2	492
2	493
2	495
3	62
3	77
3	199
3	236
3	290
3	338
3	380
3	381
3	480
3	481
4	22
4	186
4	196
4	289
4	323
4	356
4	370
4	437
4	473
4	487
5	39
5	45
5	112
5	113
5	156
5	256
5	340
5	354
5	452
5	458
6	236
6	304
6	316
6	401
6	419
6	420
6	457
6	488
6	493
6	496
7	74
7	392
7	394
7	395
7	442
7	450
7	470
7	471
7	472
7	486
8	70
8	208
8	303
8	362
8	399
8	409
8	425
8	433
8	438
8	450
9	54
9	86
9	197
9	362
9	404
9	405
9	449
9	458
9	478
9	489
10	118
10	166
10	323
10	341
10	393
10	415
10	452
10	471
10	475
10	483
11	23
11	120
11	203
11	224
11	313
11	333
11	397
11	455
11	456
11	493
12	176
12	252
12	255
12	261
12	313
12	324
12	337
12	413
12	481
12	489
13	256
13	280
13	281
13	289
13	364
13	389
13	405
13	421
13	489
13	499
14	126
14	176
14	221
14	425
14	451
14	458
14	488
14	489
14	496
14	498
15	20
15	92
15	219
15	251
15	265
15	372
15	461
15	473
15	487
15	493
16	173
16	360
16	386
16	426
16	453
16	458
16	463
16	465
16	484
16	490
17	105
17	131
17	195
17	234
17	310
17	361
17	411
17	456
17	463
17	480
18	46
18	201
18	290
18	319
18	337
18	370
18	458
18	461
18	477
18	498
19	71
19	188
19	230
19	235
19	267
19	363
19	380
19	449
19	457
19	468
20	15
20	83
20	223
20	234
20	289
20	337
20	408
20	462
20	463
20	488
21	72
21	104
21	150
21	210
21	333
21	433
21	445
21	457
21	481
21	498
22	1
22	4
22	105
22	193
22	284
22	317
22	403
22	452
22	454
22	492
23	11
23	80
23	111
23	184
23	205
23	302
23	368
23	378
23	477
23	498
24	74
24	156
24	194
24	202
24	421
24	429
24	448
24	474
24	488
24	496
25	60
25	186
25	273
25	303
25	307
25	441
25	442
25	468
25	472
25	485
26	250
26	297
26	298
26	332
26	405
26	412
26	440
26	446
26	477
26	495
27	32
27	102
27	328
27	340
27	345
27	361
27	428
27	430
27	436
27	448
28	93
28	106
28	129
28	152
28	242
28	328
28	345
28	367
28	399
28	427
29	178
29	194
29	291
29	324
29	325
29	375
29	442
29	463
29	470
29	472
30	242
30	256
30	261
30	311
30	313
30	387
30	434
30	441
30	462
30	492
31	171
31	275
31	295
31	304
31	388
31	396
31	423
31	453
31	456
31	498
32	27
32	250
32	308
32	358
32	413
32	417
32	424
32	439
32	458
32	473
33	48
33	111
33	206
33	363
33	406
33	415
33	473
33	479
33	498
33	500
34	165
34	217
34	268
34	291
34	303
34	343
34	400
34	421
34	422
34	455
35	233
35	237
35	299
35	312
35	317
35	390
35	401
35	456
35	485
35	488
36	54
36	103
36	253
36	394
36	419
36	462
36	466
36	489
36	497
36	498
37	154
37	224
37	350
37	413
37	414
37	421
37	438
37	487
37	490
37	499
38	226
38	282
38	315
38	328
38	349
38	382
38	386
38	391
38	446
38	479
39	5
39	124
39	186
39	299
39	334
39	359
39	375
39	390
39	461
39	482
40	224
40	237
40	258
40	308
40	379
40	390
40	484
40	485
40	494
40	497
41	103
41	214
41	219
41	244
41	366
41	385
41	442
41	467
41	483
41	485
42	119
42	128
42	268
42	318
42	405
42	413
42	424
42	480
42	482
42	487
43	69
43	142
43	171
43	293
43	314
43	350
43	428
43	476
43	478
43	500
44	193
44	232
44	245
44	330
44	395
44	407
44	426
44	452
44	471
44	496
45	5
45	106
45	111
45	195
45	208
45	260
45	296
45	323
45	461
45	498
46	18
46	115
46	141
46	178
46	349
46	351
46	376
46	433
46	460
46	481
47	144
47	239
47	325
47	341
47	392
47	441
47	443
47	446
47	447
47	481
48	1
48	33
48	78
48	103
48	210
48	325
48	326
48	385
48	438
48	487
49	223
49	253
49	291
49	352
49	402
49	421
49	454
49	463
49	481
49	484
50	168
50	177
50	186
50	210
50	236
50	334
50	338
50	402
50	412
50	417
51	75
51	357
51	374
51	376
51	377
51	432
51	450
51	473
51	482
51	485
52	92
52	99
52	133
52	252
52	258
52	260
52	366
52	370
52	380
52	499
53	116
53	122
53	148
53	178
53	225
53	244
53	325
53	336
53	400
53	445
53	453
54	9
54	36
54	136
54	262
54	381
54	440
54	454
54	460
54	469
54	487
54	498
55	66
55	366
55	386
55	389
55	415
55	440
55	445
55	454
55	479
55	488
55	493
56	1
56	59
56	309
56	369
56	406
56	427
56	440
56	486
56	490
56	493
56	496
57	64
57	82
57	151
57	193
57	204
57	294
57	369
57	422
57	424
57	492
57	496
58	98
58	110
58	146
58	155
58	192
58	245
58	339
58	385
58	401
58	449
58	497
59	56
59	97
59	261
59	264
59	385
59	443
59	458
59	468
59	472
59	495
59	496
60	25
60	123
60	244
60	308
60	319
60	375
60	394
60	450
60	464
60	466
60	498
61	98
61	113
61	207
61	240
61	315
61	367
61	381
61	395
61	432
61	472
61	496
62	3
62	109
62	115
62	188
62	246
62	263
62	314
62	417
62	434
62	462
62	488
63	148
63	164
63	278
63	295
63	311
63	312
63	387
63	444
63	464
63	470
63	477
64	57
64	87
64	263
64	292
64	301
64	388
64	404
64	425
64	437
64	470
64	484
65	248
65	315
65	318
65	343
65	411
65	426
65	474
65	477
65	481
65	490
65	499
66	55
66	181
66	205
66	353
66	379
66	425
66	429
66	458
66	496
66	497
66	500
67	218
67	255
67	309
67	335
67	342
67	343
67	370
67	393
67	445
67	465
67	478
68	124
68	183
68	296
68	332
68	358
68	383
68	395
68	422
68	428
68	463
68	495
69	43
69	168
69	259
69	275
69	320
69	384
69	445
69	461
69	465
69	495
69	498
70	8
70	286
70	377
70	378
70	383
70	387
70	450
70	455
70	490
70	494
70	497
71	19
71	148
71	209
71	351
71	403
71	449
71	454
71	460
71	468
71	484
71	499
72	21
72	121
72	141
72	197
72	251
72	374
72	409
72	448
72	458
72	474
72	483
73	81
73	288
73	323
73	364
73	409
73	428
73	433
73	436
73	440
73	460
73	498
74	7
74	24
74	244
74	357
74	396
74	453
74	464
74	467
74	484
74	491
74	497
75	51
75	176
75	246
75	249
75	270
75	406
75	433
75	436
75	475
75	494
75	499
76	225
76	276
76	292
76	351
76	386
76	438
76	443
76	471
76	474
76	486
76	492
77	3
77	86
77	238
77	274
77	280
77	325
77	381
77	422
77	429
77	431
77	495
78	48
78	203
78	259
78	278
78	312
78	387
78	429
78	461
78	469
78	476
78	489
79	129
79	130
79	179
79	184
79	268
79	311
79	345
79	425
79	482
79	496
79	497
80	23
80	85
80	87
80	109
80	122
80	180
80	242
80	389
80	420
80	442
80	495
81	73
81	240
81	279
81	318
81	329
81	395
81	412
81	457
81	460
81	466
81	499
82	57
82	215
82	334
82	386
82	391
82	406
82	411
82	424
82	437
82	475
82	490
83	20
83	175
83	292
83	414
83	417
83	419
83	453
83	455
83	475
83	495
83	497
84	199
84	211
84	213
84	225
84	251
84	447
84	459
84	462
84	465
84	485
84	487
85	80
85	90
85	172
85	282
85	292
85	297
85	312
85	355
85	420
85	470
85	489
86	9
86	77
86	209
86	267
86	288
86	332
86	373
86	439
86	459
86	467
86	490
87	64
87	80
87	156
87	283
87	286
87	381
87	404
87	448
87	467
87	469
87	486
88	136
88	152
88	245
88	266
88	339
88	415
88	428
88	433
88	448
88	462
88	478
89	199
89	225
89	272
89	280
89	330
89	363
89	407
89	409
89	425
89	476
89	489
90	85
90	113
90	209
90	327
90	359
90	371
90	390
90	417
90	431
90	449
90	464
91	194
91	216
91	232
91	238
91	262
91	308
91	396
91	435
91	443
91	445
91	467
92	15
92	52
92	229
92	266
92	349
92	354
92	390
92	405
92	422
92	483
92	499
93	28
93	102
93	156
93	224
93	304
93	339
93	403
93	421
93	455
93	481
93	500
94	169
94	174
94	176
94	177
94	186
94	307
94	317
94	411
94	451
94	486
94	491
95	111
95	125
95	184
95	271
95	346
95	351
95	387
95	393
95	449
95	459
95	469
96	141
96	271
96	322
96	326
96	364
96	365
96	458
96	465
96	471
96	483
96	495
97	59
97	183
97	261
97	264
97	291
97	309
97	364
97	447
97	462
97	471
97	500
98	58
98	61
98	126
98	164
98	262
98	300
98	436
98	465
98	476
98	486
98	488
99	52
99	235
99	247
99	283
99	285
99	373
99	387
99	461
99	473
99	496
99	499
100	119
100	214
100	222
100	269
100	300
100	311
100	373
100	425
100	438
100	449
100	471
101	173
101	212
101	230
101	253
101	287
101	307
101	377
101	382
101	395
101	424
101	427
101	486
102	27
102	93
102	177
102	206
102	259
102	279
102	316
102	381
102	392
102	394
102	407
102	496
103	36
103	41
103	48
103	146
103	383
103	389
103	403
103	419
103	456
103	468
103	476
103	479
104	21
104	155
104	229
104	362
104	396
104	398
104	420
104	443
104	457
104	475
104	479
104	489
105	17
105	22
105	152
105	322
105	340
105	368
105	372
105	376
105	415
105	423
105	461
105	483
106	28
106	45
106	148
106	172
106	232
106	313
106	331
106	336
106	341
106	426
106	481
106	498
107	114
107	146
107	174
107	298
107	361
107	364
107	419
107	460
107	466
107	474
107	490
107	498
108	154
108	155
108	219
108	254
108	268
108	309
108	323
108	420
108	430
108	444
108	474
108	497
109	62
109	80
109	141
109	168
109	179
109	245
109	361
109	391
109	394
109	455
109	485
109	500
110	58
110	226
110	236
110	257
110	318
110	340
110	346
110	350
110	359
110	390
110	465
110	477
111	23
111	33
111	45
111	95
111	131
111	200
111	234
111	349
111	438
111	468
111	474
111	475
112	5
112	134
112	187
112	233
112	277
112	399
112	401
112	420
112	438
112	480
112	482
112	491
113	5
113	61
113	90
113	256
113	261
113	286
113	293
113	336
113	373
113	451
113	463
113	480
114	107
114	243
114	272
114	276
114	278
114	322
114	392
114	456
114	459
114	490
114	491
114	492
115	46
115	62
115	116
115	329
115	365
115	412
115	413
115	421
115	432
115	443
115	462
115	467
116	53
116	115
116	143
116	162
116	238
116	267
116	381
116	408
116	410
116	432
116	478
116	484
117	201
117	210
117	272
117	333
117	344
117	369
117	404
117	407
117	417
117	441
117	492
117	494
118	10
118	302
118	347
118	380
118	436
118	455
118	464
118	467
118	471
118	474
118	482
118	489
119	42
119	100
119	160
119	171
119	172
119	284
119	362
119	392
119	438
119	447
119	458
119	488
120	11
120	307
120	309
120	322
120	332
120	413
120	434
120	445
120	456
120	472
120	487
120	490
121	72
121	142
121	185
121	270
121	346
121	383
121	402
121	458
121	479
121	483
121	485
121	492
122	53
122	80
122	220
122	239
122	263
122	409
122	428
122	436
122	443
122	465
122	481
122	497
123	60
123	281
123	316
123	334
123	339
123	399
123	430
123	432
123	438
123	470
123	471
123	481
124	39
124	68
124	170
124	315
124	322
124	353
124	384
124	385
124	410
124	438
124	492
124	499
125	95
125	128
125	166
125	254
125	263
125	291
125	327
125	353
125	476
125	481
125	486
125	499
126	14
126	98
126	174
126	258
126	313
126	405
126	445
126	446
126	459
126	487
126	490
126	491
127	131
127	267
127	396
127	404
127	413
127	414
127	419
127	424
127	431
127	449
127	476
127	483
128	42
128	125
128	235
128	240
128	242
128	332
128	345
128	387
128	441
128	454
128	464
128	492
129	28
129	79
129	155
129	203
129	221
129	223
129	246
129	317
129	410
129	448
129	470
129	493
130	79
130	238
130	253
130	267
130	269
130	352
130	377
130	387
130	400
130	411
130	444
130	449
131	17
131	111
131	127
131	167
131	272
131	351
131	413
131	414
131	415
131	417
131	447
131	471
132	219
132	251
132	299
132	329
132	332
132	361
132	379
132	387
132	447
132	451
132	481
132	500
133	52
133	185
133	189
133	190
133	246
133	255
133	389
133	414
133	459
133	462
133	468
133	497
134	112
134	141
134	158
134	235
134	268
134	284
134	318
134	365
134	381
134	422
134	442
134	484
135	153
135	256
135	331
135	335
135	414
135	417
135	418
135	452
135	467
135	470
135	497
135	500
136	54
136	88
136	166
136	274
136	304
136	354
136	434
136	450
136	459
136	467
136	469
136	495
137	138
137	193
137	203
137	302
137	322
137	348
137	360
137	378
137	403
137	437
137	467
137	479
138	137
138	234
138	260
138	275
138	286
138	343
138	377
138	427
138	433
138	443
138	445
138	480
139	145
139	259
139	311
139	313
139	337
139	350
139	389
139	415
139	418
139	433
139	473
139	498
140	226
140	296
140	313
140	329
140	352
140	380
140	389
140	412
140	458
140	464
140	485
140	495
141	46
141	72
141	96
141	109
141	134
141	155
141	212
141	243
141	355
141	382
141	418
141	447
142	43
142	121
142	164
142	189
142	357
142	428
142	440
142	441
142	471
142	473
142	485
142	486
143	116
143	275
143	416
143	419
143	424
143	432
143	447
143	464
143	468
143	469
143	480
143	493
144	47
144	302
144	406
144	418
144	429
144	446
144	448
144	452
144	469
144	470
144	491
144	498
145	139
145	159
145	170
145	186
145	188
145	192
145	198
145	330
145	430
145	431
145	439
145	484
146	58
146	103
146	107
146	275
146	319
146	386
146	421
146	460
146	467
146	472
146	474
146	481
147	161
147	192
147	302
147	318
147	419
147	448
147	465
147	468
147	469
147	476
147	477
147	484
148	53
148	63
148	71
148	106
148	163
148	347
148	349
148	398
148	448
148	458
148	463
148	473
148	493
149	269
149	289
149	291
149	317
149	324
149	378
149	387
149	397
149	416
149	426
149	452
149	465
149	479
150	21
150	239
150	356
150	359
150	372
150	400
150	423
150	441
150	443
150	465
150	479
150	481
150	488
151	57
151	157
151	204
151	314
151	328
151	344
151	346
151	414
151	437
151	439
151	449
151	478
151	481
152	28
152	88
152	105
152	186
152	201
152	236
152	274
152	363
152	368
152	407
152	412
152	447
152	466
153	135
153	244
153	262
153	341
153	360
153	440
153	447
153	449
153	462
153	465
153	477
153	486
153	489
154	37
154	108
154	187
154	227
154	356
154	370
154	391
154	397
154	399
154	437
154	455
154	459
154	470
155	58
155	104
155	108
155	129
155	141
155	168
155	289
155	304
155	327
155	404
155	458
155	487
155	493
156	5
156	24
156	87
156	93
156	172
156	196
156	310
156	341
156	356
156	393
156	396
156	444
156	490
157	151
157	263
157	285
157	311
157	363
157	398
157	399
157	443
157	454
157	466
157	474
157	495
157	498
158	134
158	165
158	198
158	203
158	276
158	279
158	362
158	377
158	382
158	414
158	456
158	490
158	498
159	145
159	252
159	255
159	257
159	381
159	386
159	400
159	437
159	445
159	464
159	465
159	474
159	477
160	119
160	161
160	179
160	273
160	321
160	322
160	333
160	386
160	421
160	462
160	476
160	478
160	483
161	147
161	160
161	200
161	219
161	327
161	328
161	332
161	367
161	381
161	383
161	399
161	400
161	500
162	116
162	194
162	196
162	265
162	294
162	296
162	342
162	354
162	387
162	441
162	473
162	474
162	480
163	148
163	185
163	203
163	232
163	351
163	354
163	422
163	425
163	432
163	467
163	469
163	494
163	498
164	63
164	98
164	142
164	185
164	204
164	246
164	449
164	451
164	475
164	491
164	492
164	494
164	495
165	34
165	158
165	220
165	242
165	335
165	356
165	396
165	408
165	418
165	422
165	428
165	444
165	454
166	1
166	10
166	125
166	136
166	215
166	279
166	286
166	426
166	455
166	478
166	481
166	491
166	495
167	131
167	207
167	307
167	326
167	336
167	348
167	412
167	430
167	461
167	476
167	477
167	480
167	494
168	50
168	69
168	109
168	155
168	189
168	248
168	354
168	407
168	433
168	439
168	444
168	445
168	455
169	94
169	259
169	270
169	325
169	364
169	366
169	369
169	403
169	417
169	436
169	439
169	448
169	499
170	124
170	145
170	176
170	231
170	269
170	277
170	300
170	315
170	402
170	417
170	436
170	438
170	440
171	31
171	43
171	119
171	329
171	369
171	425
171	459
171	462
171	464
171	473
171	484
171	494
171	499
172	85
172	106
172	119
172	156
172	244
172	261
172	268
172	285
172	303
172	344
172	394
172	455
172	458
173	16
173	101
173	189
173	314
173	326
173	350
173	402
173	421
173	430
173	454
173	481
173	493
173	500
174	94
174	107
174	126
174	367
174	401
174	418
174	441
174	452
174	454
174	460
174	476
174	477
174	495
175	83
175	234
175	247
175	252
175	291
175	340
175	347
175	358
175	389
175	423
175	435
175	444
175	460
176	12
176	14
176	75
176	94
176	170
176	179
176	183
176	251
176	305
176	397
176	446
176	449
176	454
177	50
177	94
177	102
177	218
177	264
177	353
177	372
177	395
177	403
177	413
177	415
177	444
177	479
178	29
178	46
178	53
178	318
178	342
178	418
178	426
178	429
178	430
178	435
178	437
178	488
178	495
179	79
179	109
179	160
179	176
179	237
179	282
179	292
179	328
179	351
179	380
179	395
179	480
179	485
179	496
180	80
180	210
180	248
180	250
180	265
180	321
180	325
180	346
180	350
180	375
180	393
180	416
180	421
180	469
181	66
181	183
181	190
181	207
181	244
181	268
181	291
181	338
181	354
181	431
181	462
181	469
181	482
181	483
182	245
182	295
182	300
182	364
182	425
182	426
182	429
182	430
182	459
182	461
182	464
182	466
182	472
182	498
183	68
183	97
183	176
183	181
183	184
183	205
183	280
183	325
183	333
183	374
183	400
183	476
183	478
183	494
184	23
184	79
184	95
184	183
184	213
184	333
184	346
184	385
184	398
184	419
184	433
184	435
184	453
184	483
185	121
185	133
185	163
185	164
185	270
185	289
185	326
185	352
185	376
185	382
185	388
185	463
185	470
185	477
186	4
186	25
186	39
186	50
186	94
186	145
186	152
186	217
186	250
186	282
186	456
186	457
186	494
186	497
187	112
187	154
187	216
187	265
187	307
187	318
187	321
187	400
187	424
187	440
187	441
187	474
187	481
187	482
188	19
188	62
188	145
188	190
188	258
188	302
188	303
188	320
188	334
188	382
188	419
188	452
188	462
188	489
189	133
189	142
189	168
189	173
189	233
189	297
189	412
189	418
189	433
189	440
189	462
189	472
189	475
189	478
190	133
190	181
190	188
190	196
190	287
190	312
190	425
190	432
190	438
190	464
190	480
190	483
190	489
190	493
191	298
191	305
191	342
191	371
191	384
191	409
191	416
191	444
191	450
191	461
191	472
191	481
191	483
191	490
192	58
192	145
192	147
192	261
192	295
192	349
192	352
192	376
192	407
192	417
192	430
192	453
192	488
192	499
193	22
193	44
193	57
193	137
193	217
193	250
193	262
193	284
193	347
193	407
193	454
193	482
193	491
193	497
194	24
194	29
194	91
194	162
194	206
194	211
194	376
194	379
194	412
194	421
194	434
194	466
194	473
194	478
195	17
195	45
195	200
195	232
195	296
195	306
195	340
195	355
195	360
195	374
195	432
195	447
195	463
195	494
196	4
196	156
196	162
196	190
196	293
196	364
196	370
196	383
196	412
196	416
196	445
196	473
196	495
196	497
197	9
197	72
197	247
197	260
197	392
197	394
197	439
197	453
197	454
197	455
197	463
197	480
197	488
197	489
198	145
198	158
198	211
198	243
198	266
198	384
198	390
198	396
198	435
198	448
198	453
198	463
198	473
198	499
199	3
199	84
199	89
199	242
199	306
199	308
199	382
199	418
199	429
199	443
199	456
199	481
199	489
199	500
200	111
200	161
200	195
200	242
200	281
200	345
200	369
200	378
200	380
200	390
200	393
200	425
200	455
200	497
201	18
201	117
201	152
201	209
201	267
201	283
201	349
201	356
201	357
201	361
201	420
201	450
201	473
201	481
202	24
202	208
202	247
202	252
202	365
202	366
202	376
202	384
202	385
202	441
202	472
202	479
202	486
202	492
203	11
203	78
203	129
203	137
203	158
203	163
203	242
203	279
203	358
203	378
203	449
203	453
203	455
203	500
204	57
204	151
204	164
204	215
204	246
204	347
204	360
204	400
204	420
204	425
204	478
204	493
204	494
204	497
205	23
205	66
205	183
205	294
205	348
205	364
205	380
205	385
205	389
205	404
205	430
205	440
205	458
205	483
206	33
206	102
206	194
206	248
206	253
206	353
206	397
206	402
206	407
206	423
206	424
206	431
206	468
206	486
207	61
207	167
207	181
207	298
207	313
207	329
207	378
207	422
207	429
207	433
207	452
207	475
207	485
207	488
208	8
208	45
208	202
208	296
208	327
208	335
208	382
208	395
208	401
208	409
208	479
208	494
208	497
208	500
209	71
209	86
209	90
209	201
209	233
209	284
209	357
209	467
209	468
209	485
209	487
209	492
209	495
209	498
210	21
210	48
210	50
210	117
210	180
210	212
210	215
210	267
210	391
210	441
210	455
210	460
210	484
210	500
211	84
211	194
211	198
211	214
211	303
211	315
211	327
211	336
211	397
211	399
211	423
211	426
211	462
211	500
212	101
212	141
212	210
212	217
212	280
212	283
212	285
212	296
212	327
212	426
212	452
212	463
212	470
212	492
212	500
213	84
213	184
213	287
213	294
213	326
213	362
213	371
213	388
213	395
213	399
213	468
213	469
213	491
213	492
213	498
214	41
214	100
214	211
214	215
214	227
214	270
214	302
214	356
214	379
214	421
214	434
214	451
214	481
214	488
214	499
215	82
215	166
215	204
215	210
215	214
215	219
215	280
215	321
215	352
215	386
215	417
215	457
215	465
215	469
215	490
216	91
216	187
216	288
216	316
216	325
216	329
216	362
216	412
216	421
216	424
216	449
216	460
216	466
216	484
216	491
217	34
217	186
217	193
217	212
217	284
217	291
217	340
217	345
217	353
217	409
217	426
217	462
217	473
217	491
217	499
218	67
218	177
218	256
218	264
218	272
218	388
218	402
218	404
218	410
218	447
218	468
218	470
218	471
218	492
218	499
219	15
219	41
219	108
219	132
219	161
219	215
219	274
219	333
219	404
219	413
219	415
219	435
219	443
219	479
219	488
220	122
220	165
220	228
220	230
220	233
220	251
220	310
220	357
220	379
220	428
220	439
220	444
220	456
220	460
220	471
221	14
221	129
221	287
221	353
221	383
221	391
221	394
221	397
221	401
221	408
221	413
221	451
221	482
221	486
221	493
222	100
222	337
222	358
222	367
222	370
222	378
222	379
222	394
222	418
222	449
222	470
222	475
222	485
222	487
222	490
223	20
223	49
223	129
223	231
223	335
223	418
223	427
223	433
223	439
223	443
223	469
223	473
223	476
223	477
223	493
224	11
224	37
224	40
224	93
224	237
224	335
224	338
224	360
224	374
224	434
224	469
224	472
224	487
224	495
224	497
225	53
225	76
225	84
225	89
225	264
225	356
225	379
225	401
225	404
225	442
225	447
225	453
225	467
225	474
225	487
226	38
226	110
226	140
226	232
226	389
226	418
226	420
226	438
226	449
226	459
226	463
226	478
226	489
226	492
226	499
227	154
227	214
227	366
227	376
227	379
227	388
227	392
227	408
227	423
227	426
227	459
227	463
227	470
227	486
227	497
228	220
228	255
228	258
228	292
228	325
228	341
228	355
228	371
228	413
228	420
228	429
228	437
228	454
228	463
228	500
229	92
229	104
229	270
229	287
229	304
229	346
229	348
229	408
229	433
229	436
229	457
229	459
229	460
229	482
229	491
230	19
230	101
230	220
230	242
230	270
230	277
230	355
230	368
230	369
230	401
230	452
230	458
230	473
230	483
230	496
231	170
231	223
231	262
231	264
231	269
231	305
231	319
231	330
231	353
231	363
231	367
231	372
231	374
231	399
231	497
232	44
232	91
232	106
232	163
232	195
232	226
232	266
232	288
232	404
232	412
232	438
232	466
232	474
232	475
232	487
233	35
233	112
233	189
233	209
233	220
233	268
233	333
233	375
233	423
233	425
233	431
233	436
233	473
233	474
233	488
234	17
234	20
234	111
234	138
234	175
234	270
234	314
234	321
234	334
234	339
234	373
234	386
234	453
234	465
234	474
235	19
235	99
235	128
235	134
235	248
235	341
235	357
235	359
235	390
235	415
235	430
235	451
235	458
235	471
235	500
236	3
236	6
236	50
236	110
236	152
236	247
236	302
236	378
236	410
236	442
236	453
236	454
236	466
236	482
236	500
237	35
237	40
237	179
237	224
237	244
237	262
237	282
237	321
237	342
237	411
237	453
237	454
237	464
237	482
237	490
238	77
238	91
238	116
238	130
238	240
238	278
238	287
238	314
238	402
238	444
238	452
238	471
238	479
238	481
238	499
239	47
239	122
239	150
239	241
239	303
239	327
239	374
239	401
239	406
239	411
239	412
239	457
239	473
239	484
239	494
240	61
240	81
240	128
240	238
240	244
240	310
240	322
240	381
240	391
240	407
240	449
240	472
240	482
240	488
240	490
240	496
241	239
241	276
241	362
241	389
241	401
241	426
241	432
241	457
241	463
241	466
241	467
241	472
241	491
241	492
241	493
241	498
242	28
242	30
242	80
242	128
242	165
242	199
242	200
242	203
242	230
242	281
242	390
242	421
242	442
242	463
242	479
242	483
243	114
243	141
243	198
243	258
243	353
243	368
243	375
243	388
243	410
243	413
243	417
243	431
243	439
243	451
243	474
243	484
244	41
244	53
244	60
244	74
244	153
244	172
244	181
244	237
244	240
244	311
244	363
244	382
244	454
244	459
244	472
244	493
245	44
245	58
245	88
245	109
245	182
245	284
245	297
245	384
245	396
245	425
245	454
245	468
245	475
245	476
245	487
245	495
246	62
246	75
246	129
246	133
246	164
246	204
246	314
246	392
246	405
246	432
246	434
246	456
246	459
246	483
246	488
246	490
247	99
247	175
247	197
247	202
247	236
247	336
247	361
247	374
247	400
247	404
247	420
247	434
247	445
247	459
247	469
247	477
248	65
248	168
248	180
248	206
248	235
248	250
248	363
248	389
248	390
248	403
248	412
248	431
248	450
248	486
248	487
248	498
249	75
249	252
249	289
249	292
249	323
249	330
249	344
249	347
249	389
249	408
249	439
249	447
249	469
249	476
249	494
249	499
250	26
250	32
250	180
250	186
250	193
250	248
250	287
250	333
250	395
250	410
250	422
250	456
250	465
250	472
250	496
250	497
251	15
251	72
251	84
251	132
251	176
251	220
251	276
251	309
251	312
251	332
251	340
251	393
251	409
251	487
251	490
251	491
252	12
252	52
252	159
252	175
252	202
252	249
252	268
252	293
252	305
252	391
252	423
252	434
252	447
252	456
252	465
252	468
253	36
253	49
253	101
253	130
253	206
253	294
253	350
253	376
253	400
253	425
253	427
253	471
253	472
253	473
253	480
253	499
254	108
254	125
254	286
254	302
254	341
254	349
254	394
254	405
254	422
254	429
254	437
254	444
254	451
254	461
254	493
254	498
255	12
255	67
255	133
255	159
255	228
255	293
255	301
255	305
255	341
255	359
255	373
255	420
255	468
255	480
255	492
255	495
256	1
256	5
256	13
256	30
256	113
256	135
256	218
256	296
256	344
256	391
256	444
256	463
256	467
256	470
256	494
256	496
257	110
257	159
257	271
257	305
257	317
257	324
257	341
257	354
257	396
257	405
257	421
257	445
257	457
257	459
257	471
257	489
258	40
258	52
258	126
258	188
258	228
258	243
258	319
258	350
258	402
258	441
258	461
258	469
258	489
258	494
258	495
258	497
259	69
259	78
259	102
259	139
259	169
259	273
259	346
259	375
259	389
259	406
259	416
259	418
259	424
259	460
259	471
259	493
260	45
260	52
260	138
260	197
260	290
260	314
260	338
260	352
260	355
260	410
260	425
260	436
260	441
260	444
260	474
260	489
261	12
261	30
261	59
261	97
261	113
261	172
261	192
261	286
261	324
261	353
261	390
261	475
261	480
261	482
261	493
261	496
262	54
262	91
262	98
262	153
262	193
262	231
262	237
262	288
262	365
262	424
262	428
262	436
262	446
262	460
262	484
262	493
263	62
263	64
263	122
263	125
263	157
263	289
263	314
263	323
263	380
263	396
263	404
263	435
263	451
263	483
263	488
263	496
264	59
264	97
264	177
264	218
264	225
264	231
264	272
264	319
264	338
264	345
264	400
264	413
264	442
264	454
264	476
264	494
265	15
265	162
265	180
265	187
265	288
265	304
265	383
265	399
265	416
265	425
265	440
265	443
265	475
265	480
265	492
265	495
266	88
266	92
266	198
266	232
266	275
266	341
266	369
266	407
266	410
266	421
266	423
266	451
266	452
266	457
266	458
266	462
266	482
267	19
267	86
267	116
267	127
267	130
267	201
267	210
267	311
267	352
267	359
267	387
267	394
267	427
267	456
267	493
267	495
267	497
268	34
268	42
268	79
268	108
268	134
268	172
268	181
268	233
268	252
268	363
268	386
268	400
268	439
268	442
268	462
268	465
268	496
269	100
269	130
269	149
269	170
269	231
269	326
269	335
269	355
269	360
269	363
269	423
269	434
269	442
269	444
269	445
269	464
269	470
270	75
270	121
270	169
270	185
270	214
270	229
270	230
270	234
270	297
270	299
270	310
270	436
270	440
270	441
270	447
270	483
270	493
271	95
271	96
271	257
271	310
271	318
271	337
271	339
271	385
271	386
271	402
271	420
271	421
271	424
271	480
271	485
271	492
271	495
272	89
272	114
272	117
272	131
272	218
272	264
272	290
272	313
272	358
272	369
272	397
272	459
272	475
272	477
272	486
272	490
272	494
273	25
273	160
273	259
273	281
273	308
273	320
273	341
273	344
273	380
273	419
273	443
273	457
273	460
273	475
273	486
273	493
273	496
274	77
274	136
274	152
274	219
274	308
274	370
274	374
274	379
274	380
274	415
274	427
274	455
274	458
274	473
274	478
274	479
274	496
275	31
275	69
275	138
275	143
275	146
275	266
275	288
275	299
275	395
275	398
275	400
275	409
275	424
275	425
275	426
275	436
275	473
276	76
276	114
276	158
276	241
276	251
276	320
276	353
276	377
276	396
276	415
276	426
276	427
276	428
276	457
276	477
276	486
276	494
277	112
277	170
277	230
277	294
277	328
277	343
277	351
277	428
277	430
277	432
277	445
277	455
277	462
277	469
277	475
277	488
277	497
278	63
278	78
278	114
278	238
278	282
278	290
278	307
278	348
278	354
278	384
278	401
278	408
278	422
278	436
278	452
278	483
278	484
279	81
279	102
279	158
279	166
279	203
279	300
279	323
279	385
279	396
279	410
279	424
279	455
279	464
279	475
279	479
279	482
279	486
280	13
280	77
280	89
280	183
280	212
280	215
280	306
280	322
280	327
280	343
280	368
280	371
280	401
280	405
280	468
280	494
280	499
281	13
281	123
281	200
281	242
281	273
281	329
281	354
281	359
281	398
281	400
281	416
281	421
281	425
281	439
281	453
281	492
281	498
282	38
282	85
282	179
282	186
282	237
282	278
282	300
282	311
282	332
282	349
282	388
282	417
282	428
282	441
282	469
282	478
282	492
283	87
283	99
283	201
283	212
283	324
283	351
283	354
283	365
283	371
283	391
283	393
283	440
283	460
283	482
283	483
283	495
283	497
284	22
284	119
284	134
284	193
284	209
284	217
284	245
284	330
284	367
284	371
284	393
284	399
284	400
284	415
284	452
284	474
284	483
284	487
285	99
285	157
285	172
285	212
285	304
285	306
285	340
285	348
285	384
285	386
285	398
285	418
285	419
285	447
285	452
285	453
285	457
285	478
286	70
286	87
286	113
286	138
286	166
286	254
286	261
286	290
286	393
286	398
286	416
286	419
286	449
286	462
286	463
286	473
286	474
286	500
287	101
287	190
287	213
287	221
287	229
287	238
287	250
287	307
287	324
287	344
287	347
287	387
287	419
287	450
287	454
287	457
287	460
287	499
288	73
288	86
288	216
288	232
288	262
288	265
288	275
288	307
288	379
288	380
288	400
288	405
288	412
288	437
288	446
288	449
288	483
288	487
289	1
289	4
289	13
289	20
289	149
289	155
289	185
289	249
289	263
289	295
289	331
289	351
289	352
289	409
289	419
289	438
289	470
289	496
290	3
290	18
290	260
290	272
290	278
290	286
290	382
290	394
290	396
290	416
290	421
290	430
290	436
290	448
290	454
290	479
290	481
290	485
291	29
291	34
291	49
291	97
291	125
291	149
291	175
291	181
291	217
291	305
291	333
291	368
291	433
291	450
291	480
291	482
291	483
291	489
292	64
292	76
292	83
292	85
292	179
292	228
292	249
292	293
292	324
292	371
292	393
292	423
292	440
292	447
292	450
292	470
292	482
292	485
293	43
293	113
293	196
293	252
293	255
293	292
293	294
293	358
293	368
293	369
293	451
293	455
293	466
293	469
293	471
293	484
293	498
293	500
294	57
294	162
294	205
294	213
294	253
294	277
294	293
294	298
294	305
294	310
294	339
294	435
294	457
294	467
294	468
294	471
294	484
294	499
295	31
295	63
295	182
295	192
295	289
295	297
295	321
295	338
295	389
295	417
295	423
295	453
295	455
295	458
295	464
295	465
295	474
295	486
296	45
296	68
296	140
296	162
296	195
296	208
296	212
296	256
296	322
296	357
296	377
296	385
296	391
296	394
296	446
296	468
296	470
296	471
297	26
297	85
297	189
297	245
297	270
297	295
297	301
297	307
297	312
297	323
297	330
297	342
297	391
297	432
297	450
297	462
297	475
297	482
298	26
298	107
298	191
298	207
298	294
298	301
298	318
298	330
298	365
298	399
298	401
298	404
298	410
298	412
298	416
298	418
298	459
298	498
299	35
299	39
299	132
299	270
299	275
299	306
299	309
299	329
299	368
299	376
299	387
299	413
299	424
299	428
299	447
299	448
299	462
299	472
300	98
300	100
300	170
300	182
300	279
300	282
300	301
300	356
300	361
300	403
300	420
300	427
300	444
300	456
300	457
300	484
300	486
300	487
301	64
301	255
301	297
301	298
301	300
301	311
301	312
301	319
301	322
301	350
301	356
301	414
301	435
301	441
301	461
301	488
301	491
301	495
302	23
302	118
302	137
302	144
302	147
302	188
302	214
302	236
302	254
302	326
302	372
302	381
302	383
302	428
302	442
302	457
302	475
302	480
303	8
303	25
303	34
303	172
303	188
303	211
303	239
303	324
303	333
303	374
303	376
303	391
303	415
303	419
303	439
303	442
303	461
303	484
303	493
304	6
304	31
304	93
304	136
304	155
304	229
304	265
304	285
304	308
304	316
304	323
304	376
304	392
304	400
304	414
304	437
304	461
304	496
304	500
305	176
305	191
305	231
305	252
305	255
305	257
305	291
305	294
305	321
305	348
305	381
305	385
305	402
305	411
305	459
305	460
305	465
305	479
305	484
306	195
306	199
306	280
306	285
306	299
306	350
306	352
306	368
306	414
306	415
306	416
306	427
306	429
306	450
306	466
306	467
306	470
306	471
306	490
307	25
307	94
307	101
307	120
307	167
307	187
307	278
307	287
307	288
307	297
307	315
307	320
307	324
307	367
307	439
307	454
307	459
307	465
307	468
308	32
308	40
308	60
308	91
308	199
308	273
308	274
308	304
308	323
308	332
308	347
308	391
308	439
308	445
308	461
308	465
308	476
308	479
308	481
309	56
309	67
309	97
309	108
309	120
309	251
309	299
309	320
309	328
309	339
309	349
309	424
309	436
309	454
309	467
309	481
309	495
309	496
309	498
310	1
310	17
310	156
310	220
310	240
310	270
310	271
310	294
310	311
310	315
310	342
310	411
310	422
310	427
310	456
310	477
310	481
310	490
310	498
311	30
311	63
311	79
311	100
311	139
311	157
311	244
311	267
311	282
311	301
311	310
311	345
311	352
311	357
311	386
311	400
311	414
311	471
311	477
312	35
312	63
312	78
312	85
312	190
312	251
312	297
312	301
312	327
312	344
312	363
312	383
312	441
312	446
312	458
312	461
312	490
312	493
312	494
313	11
313	12
313	30
313	106
313	126
313	139
313	140
313	207
313	272
313	338
313	342
313	349
313	429
313	453
313	454
313	468
313	474
313	484
313	499
314	43
314	62
314	151
314	173
314	234
314	238
314	246
314	260
314	263
314	334
314	340
314	367
314	422
314	431
314	451
314	457
314	470
314	491
314	497
315	38
315	61
315	65
315	124
315	170
315	211
315	307
315	310
315	320
315	337
315	358
315	372
315	378
315	388
315	409
315	435
315	453
315	486
315	496
316	6
316	102
316	123
316	216
316	304
316	325
316	328
316	337
316	340
316	343
316	355
316	359
316	392
316	405
316	420
316	423
316	440
316	477
316	484
317	22
317	35
317	94
317	129
317	149
317	257
317	334
317	354
317	384
317	409
317	415
317	436
317	437
317	443
317	446
317	459
317	464
317	482
317	485
318	42
318	65
318	81
318	110
318	134
318	147
318	178
318	187
318	271
318	298
318	322
318	339
318	377
318	394
318	416
318	422
318	468
318	469
318	490
319	18
319	60
319	146
319	231
319	258
319	264
319	301
319	331
319	343
319	356
319	377
319	419
319	433
319	452
319	472
319	481
319	487
319	489
319	498
319	499
320	69
320	188
320	273
320	276
320	307
320	309
320	315
320	335
320	352
320	369
320	377
320	406
320	440
320	443
320	452
320	458
320	460
320	463
320	468
320	480
321	160
321	180
321	187
321	215
321	234
321	237
321	295
321	305
321	332
321	370
321	385
321	388
321	390
321	391
321	395
321	407
321	424
321	434
321	445
321	491
322	96
322	105
322	114
322	120
322	124
322	137
322	160
322	240
322	280
322	296
322	301
322	318
322	325
322	338
322	437
322	445
322	451
322	459
322	492
322	499
323	4
323	10
323	45
323	73
323	108
323	249
323	263
323	279
323	297
323	304
323	308
323	324
323	363
323	403
323	407
323	459
323	462
323	465
323	487
323	493
324	12
324	29
324	149
324	257
324	261
324	283
324	287
324	292
324	303
324	307
324	323
324	338
324	362
324	391
324	397
324	398
324	445
324	456
324	463
324	484
325	29
325	47
325	48
325	53
325	77
325	169
325	180
325	183
325	216
325	228
325	316
325	322
325	385
325	407
325	409
325	432
325	437
325	446
325	450
325	498
326	1
326	48
326	96
326	167
326	173
326	185
326	213
326	269
326	302
326	335
326	341
326	357
326	393
326	416
326	429
326	435
326	450
326	477
326	497
326	500
327	90
327	125
327	155
327	161
327	208
327	211
327	212
327	239
327	280
327	312
327	354
327	367
327	379
327	403
327	410
327	431
327	471
327	493
327	494
327	500
328	27
328	28
328	38
328	151
328	161
328	179
328	277
328	309
328	316
328	337
328	348
328	355
328	359
328	374
328	403
328	422
328	440
328	442
328	451
328	498
329	81
329	115
329	132
329	140
329	171
329	207
329	216
329	281
329	299
329	373
329	377
329	393
329	401
329	404
329	405
329	411
329	424
329	439
329	445
329	474
330	44
330	89
330	145
330	231
330	249
330	284
330	297
330	298
330	334
330	394
330	396
330	405
330	436
330	445
330	449
330	460
330	474
330	478
330	490
330	491
331	106
331	135
331	289
331	319
331	373
331	380
331	385
331	403
331	406
331	409
331	424
331	451
331	466
331	475
331	476
331	485
331	487
331	488
331	491
331	496
332	26
332	68
332	86
332	120
332	128
332	132
332	161
332	251
332	282
332	308
332	321
332	338
332	353
332	359
332	377
332	403
332	408
332	414
332	428
332	478
333	11
333	21
333	117
333	160
333	183
333	184
333	219
333	233
333	250
333	291
333	303
333	342
333	396
333	416
333	429
333	430
333	462
333	470
333	492
333	499
334	39
334	50
334	82
334	123
334	188
334	234
334	314
334	317
334	330
334	345
334	353
334	358
334	382
334	392
334	394
334	409
334	428
334	441
334	452
334	472
335	67
335	135
335	165
335	208
335	223
335	224
335	269
335	320
335	326
335	340
335	358
335	392
335	398
335	412
335	415
335	428
335	460
335	478
335	486
335	492
336	53
336	106
336	113
336	167
336	211
336	247
336	352
336	357
336	361
336	365
336	373
336	385
336	408
336	412
336	464
336	465
336	473
336	476
336	477
336	480
336	496
337	12
337	18
337	20
337	139
337	222
337	271
337	315
337	316
337	328
337	360
337	364
337	372
337	419
337	427
337	434
337	459
337	460
337	461
337	467
337	470
337	499
338	3
338	50
338	181
338	224
338	260
338	264
338	295
338	313
338	322
338	324
338	332
338	369
338	398
338	421
338	422
338	425
338	457
338	461
338	472
338	474
338	478
339	58
339	88
339	93
339	123
339	234
339	271
339	294
339	309
339	318
339	344
339	360
339	362
339	372
339	373
339	412
339	413
339	419
339	432
339	467
339	468
339	478
340	5
340	27
340	105
340	110
340	175
340	195
340	217
340	251
340	285
340	314
340	316
340	335
340	348
340	359
340	388
340	414
340	431
340	457
340	478
340	481
340	498
341	10
341	47
341	106
341	153
341	156
341	228
341	235
341	254
341	255
341	257
341	266
341	273
341	326
341	410
341	417
341	419
341	435
341	455
341	465
341	491
341	500
342	67
342	162
342	178
342	191
342	237
342	297
342	310
342	313
342	333
342	364
342	398
342	433
342	450
342	456
342	477
342	480
342	483
342	485
342	486
342	490
342	492
343	34
343	65
343	67
343	138
343	277
343	280
343	316
343	319
343	353
343	365
343	366
343	372
343	390
343	391
343	398
343	433
343	436
343	454
343	455
343	463
343	473
344	117
344	151
344	172
344	249
344	256
344	273
344	287
344	312
344	339
344	352
344	353
344	367
344	370
344	371
344	391
344	435
344	448
344	462
344	468
344	471
344	499
345	27
345	28
345	79
345	128
345	200
345	217
345	264
345	311
345	334
345	373
345	375
345	394
345	398
345	408
345	410
345	426
345	430
345	438
345	473
345	475
345	493
346	95
346	110
346	121
346	151
346	180
346	184
346	229
346	259
346	356
346	360
346	380
346	386
346	403
346	408
346	436
346	448
346	453
346	474
346	487
346	495
346	497
347	2
347	118
347	148
347	175
347	193
347	204
347	249
347	287
347	308
347	358
347	363
347	374
347	389
347	393
347	410
347	417
347	420
347	428
347	447
347	483
347	490
348	137
348	167
348	205
348	229
348	278
348	285
348	305
348	328
348	340
348	356
348	358
348	409
348	411
348	446
348	451
348	453
348	454
348	478
348	480
348	483
348	491
349	38
349	46
349	92
349	111
349	148
349	192
349	201
349	254
349	282
349	309
349	313
349	376
349	379
349	383
349	388
349	405
349	470
349	484
349	487
349	493
349	494
350	37
350	43
350	110
350	139
350	173
350	180
350	253
350	258
350	301
350	306
350	375
350	395
350	397
350	437
350	447
350	469
350	472
350	481
350	482
350	490
350	499
351	46
351	71
351	76
351	95
351	131
351	163
351	179
351	277
351	283
351	289
351	367
351	380
351	417
351	418
351	435
351	467
351	478
351	481
351	492
351	496
351	498
352	2
352	49
352	130
352	140
352	185
352	192
352	215
352	260
352	267
352	289
352	306
352	311
352	320
352	336
352	344
352	355
352	384
352	423
352	432
352	458
352	484
353	66
353	124
353	125
353	177
353	206
353	217
353	221
353	231
353	243
353	261
353	276
353	332
353	334
353	343
353	344
353	408
353	431
353	447
353	455
353	462
353	481
354	5
354	92
354	136
354	162
354	163
354	168
354	181
354	257
354	278
354	281
354	283
354	317
354	327
354	361
354	371
354	434
354	441
354	442
354	450
354	453
354	474
355	85
355	141
355	195
355	228
355	230
355	260
355	269
355	316
355	328
355	352
355	360
355	361
355	379
355	410
355	425
355	428
355	434
355	444
355	445
355	487
355	493
356	4
356	150
356	154
356	156
356	165
356	201
356	214
356	225
356	300
356	301
356	319
356	346
356	348
356	372
356	374
356	441
356	442
356	472
356	494
356	497
356	499
357	51
357	74
357	142
357	201
357	209
357	220
357	235
357	296
357	311
357	326
357	336
357	398
357	418
357	448
357	454
357	460
357	466
357	476
357	477
357	481
357	491
358	32
358	68
358	175
358	203
358	222
358	272
358	293
358	315
358	334
358	335
358	347
358	348
358	373
358	405
358	412
358	414
358	441
358	450
358	473
358	489
358	498
359	39
359	90
359	110
359	150
359	235
359	255
359	267
359	281
359	316
359	328
359	332
359	340
359	374
359	389
359	443
359	448
359	465
359	468
359	471
359	484
359	488
359	489
360	16
360	137
360	153
360	195
360	204
360	224
360	269
360	337
360	339
360	346
360	355
360	367
360	375
360	381
360	407
360	427
360	460
360	463
360	470
360	479
360	489
360	491
361	17
361	27
361	107
361	109
361	132
361	201
361	247
361	300
361	336
361	354
361	355
361	384
361	397
361	406
361	422
361	423
361	435
361	455
361	457
361	475
361	492
361	494
362	2
362	8
362	9
362	104
362	119
362	158
362	213
362	216
362	241
362	324
362	339
362	374
362	379
362	380
362	395
362	438
362	444
362	445
362	450
362	476
362	485
362	500
363	19
363	33
363	89
363	152
363	157
363	231
363	244
363	248
363	268
363	269
363	312
363	323
363	347
363	411
363	426
363	431
363	457
363	474
363	478
363	488
363	489
363	499
364	13
364	73
364	96
364	97
364	107
364	169
364	182
364	196
364	205
364	337
364	342
364	366
364	369
364	399
364	404
364	410
364	426
364	439
364	453
364	459
364	460
364	466
365	96
365	115
365	134
365	202
365	262
365	283
365	298
365	336
365	343
365	368
365	397
365	411
365	457
365	458
365	464
365	469
365	471
365	483
365	484
365	491
365	494
365	496
366	41
366	52
366	55
366	169
366	202
366	227
366	343
366	364
366	383
366	384
366	385
366	390
366	392
366	394
366	427
366	431
366	453
366	459
366	470
366	478
366	483
366	489
367	28
367	61
367	161
367	174
367	222
367	231
367	284
367	307
367	314
367	327
367	344
367	351
367	360
367	383
367	396
367	453
367	456
367	457
367	461
367	473
367	482
367	498
368	23
368	105
368	152
368	230
368	243
368	280
368	291
368	293
368	299
368	306
368	365
368	370
368	392
368	408
368	409
368	418
368	420
368	441
368	450
368	458
368	483
368	495
369	56
369	57
369	117
369	169
369	171
369	200
369	230
369	266
369	272
369	293
369	320
369	338
369	364
369	373
369	378
369	405
369	414
369	424
369	475
369	483
369	484
369	491
369	492
370	4
370	18
370	52
370	67
370	154
370	196
370	222
370	274
370	321
370	344
370	368
370	377
370	378
370	384
370	405
370	456
370	471
370	474
370	478
370	479
370	488
370	493
370	500
371	90
371	191
371	213
371	228
371	280
371	283
371	284
371	292
371	344
371	354
371	396
371	415
371	423
371	441
371	451
371	452
371	456
371	466
371	467
371	468
371	483
371	498
371	500
372	15
372	105
372	150
372	177
372	231
372	302
372	315
372	337
372	339
372	343
372	356
372	402
372	418
372	436
372	438
372	451
372	456
372	466
372	485
372	488
372	494
372	495
372	496
373	86
373	99
373	100
373	113
373	234
373	255
373	329
373	331
373	336
373	339
373	345
373	358
373	369
373	380
373	418
373	419
373	433
373	447
373	455
373	461
373	476
373	477
373	484
374	51
374	72
374	183
374	195
374	224
374	231
374	239
374	247
374	274
374	303
374	328
374	347
374	356
374	359
374	362
374	416
374	434
374	450
374	459
374	468
374	483
374	495
374	496
375	29
375	39
375	60
375	180
375	233
375	243
375	259
375	345
375	350
375	360
375	423
375	427
375	429
375	430
375	442
375	450
375	463
375	470
375	474
375	478
375	486
375	489
375	498
376	46
376	51
376	105
376	185
376	192
376	194
376	202
376	227
376	253
376	299
376	303
376	304
376	349
376	411
376	416
376	430
376	468
376	469
376	472
376	473
376	480
376	492
376	496
376	497
377	51
377	70
377	101
377	130
377	138
377	158
377	276
377	296
377	318
377	319
377	320
377	329
377	332
377	370
377	378
377	417
377	453
377	455
377	467
377	479
377	482
377	486
377	487
377	492
378	23
378	70
378	137
378	149
378	200
378	203
378	207
378	222
378	236
378	315
378	369
378	370
378	377
378	413
378	420
378	434
378	444
378	448
378	466
378	480
378	481
378	494
378	496
378	498
379	40
379	66
379	132
379	194
379	214
379	220
379	222
379	225
379	227
379	274
379	288
379	327
379	349
379	355
379	362
379	383
379	384
379	388
379	403
379	420
379	438
379	473
379	490
379	500
380	3
380	19
380	52
380	118
380	140
380	179
380	200
380	205
380	263
380	273
380	274
380	288
380	331
380	346
380	351
380	362
380	373
380	408
380	416
380	434
380	446
380	456
380	461
380	472
381	3
381	54
381	61
381	77
381	87
381	102
381	116
381	134
381	159
381	161
381	240
381	302
381	305
381	360
381	384
381	385
381	418
381	421
381	433
381	456
381	465
381	475
381	484
381	500
382	38
382	101
382	141
382	158
382	185
382	188
382	199
382	208
382	244
382	290
382	334
382	395
382	410
382	413
382	414
382	439
382	446
382	448
382	449
382	450
382	455
382	463
382	491
382	500
383	68
383	70
383	103
383	121
383	161
383	196
383	221
383	265
383	302
383	312
383	349
383	366
383	367
383	379
383	386
383	413
383	417
383	435
383	446
383	452
383	460
383	465
383	470
383	477
384	69
384	124
384	191
384	198
384	202
384	245
384	278
384	285
384	317
384	352
384	361
384	366
384	370
384	379
384	381
384	402
384	415
384	418
384	424
384	437
384	440
384	457
384	462
384	464
384	473
385	41
385	48
385	58
385	59
385	124
385	184
385	202
385	205
385	271
385	279
385	296
385	305
385	321
385	325
385	331
385	336
385	366
385	381
385	434
385	441
385	461
385	464
385	467
385	485
385	488
386	16
386	38
386	55
386	76
386	82
386	146
386	159
386	160
386	215
386	234
386	268
386	271
386	285
386	311
386	346
386	383
386	388
386	400
386	412
386	438
386	450
386	465
386	477
386	479
386	483
387	30
387	63
387	70
387	78
387	95
387	99
387	128
387	130
387	132
387	149
387	162
387	267
387	287
387	299
387	388
387	416
387	453
387	456
387	460
387	465
387	466
387	468
387	479
387	487
387	497
388	31
388	64
388	185
388	213
388	218
388	227
388	243
388	282
388	315
388	321
388	340
388	349
388	379
388	386
388	387
388	398
388	402
388	426
388	463
388	470
388	473
388	476
388	484
388	492
388	494
389	13
389	55
389	80
389	103
389	133
389	139
389	140
389	175
389	205
389	226
389	241
389	248
389	249
389	259
389	295
389	347
389	359
389	396
389	424
389	427
389	432
389	443
389	472
389	475
389	480
389	491
390	35
390	39
390	40
390	90
390	92
390	110
390	198
390	200
390	235
390	242
390	248
390	261
390	321
390	343
390	366
390	410
390	412
390	415
390	427
390	447
390	460
390	461
390	462
390	463
390	472
390	499
391	38
391	82
391	109
391	154
391	210
391	221
391	240
391	252
391	256
391	283
391	296
391	297
391	303
391	308
391	321
391	324
391	343
391	344
391	406
391	422
391	431
391	458
391	460
391	474
391	491
391	493
392	7
392	47
392	102
392	114
392	119
392	197
392	227
392	246
392	304
392	316
392	334
392	335
392	366
392	368
392	409
392	438
392	443
392	455
392	459
392	477
392	479
392	483
392	486
392	487
392	488
392	489
393	10
393	67
393	95
393	156
393	180
393	200
393	251
393	283
393	284
393	286
393	292
393	326
393	329
393	347
393	399
393	404
393	411
393	420
393	428
393	430
393	435
393	457
393	469
393	481
393	491
393	496
394	7
394	36
394	60
394	102
394	109
394	172
394	197
394	221
394	222
394	254
394	267
394	290
394	296
394	318
394	330
394	334
394	345
394	366
394	398
394	409
394	434
394	437
394	438
394	455
394	491
394	492
395	7
395	44
395	61
395	68
395	81
395	101
395	177
395	179
395	208
395	213
395	250
395	275
395	321
395	350
395	362
395	382
395	411
395	415
395	440
395	446
395	452
395	462
395	472
395	480
395	487
395	492
396	31
396	74
396	91
396	104
396	127
396	156
396	165
396	198
396	245
396	257
396	263
396	276
396	279
396	290
396	330
396	333
396	367
396	371
396	389
396	397
396	398
396	416
396	438
396	448
396	465
396	483
397	11
397	149
397	154
397	176
397	206
397	211
397	221
397	272
397	324
397	350
397	361
397	365
397	396
397	418
397	429
397	432
397	437
397	452
397	456
397	472
397	473
397	476
397	484
397	489
397	493
397	495
398	104
398	148
398	157
398	184
398	275
398	281
398	285
398	286
398	324
398	335
398	338
398	342
398	343
398	345
398	357
398	388
398	394
398	396
398	429
398	440
398	444
398	446
398	452
398	458
398	464
398	486
399	8
399	28
399	112
399	123
399	154
399	157
399	161
399	211
399	213
399	231
399	265
399	284
399	298
399	364
399	393
399	401
399	414
399	420
399	429
399	433
399	444
399	456
399	460
399	471
399	476
399	477
399	498
400	34
400	53
400	130
400	150
400	159
400	161
400	183
400	187
400	204
400	247
400	253
400	264
400	268
400	275
400	281
400	284
400	288
400	304
400	311
400	386
400	402
400	406
400	421
400	455
400	470
400	492
400	495
401	6
401	35
401	58
401	112
401	174
401	208
401	221
401	225
401	230
401	239
401	241
401	278
401	280
401	298
401	329
401	399
401	406
401	416
401	418
401	435
401	450
401	458
401	468
401	469
401	481
401	482
401	491
402	49
402	50
402	121
402	170
402	173
402	206
402	218
402	238
402	258
402	271
402	305
402	372
402	384
402	388
402	400
402	405
402	406
402	407
402	414
402	419
402	433
402	437
402	441
402	451
402	464
402	488
402	495
403	22
403	71
403	93
403	103
403	137
403	169
403	177
403	248
403	300
403	323
403	327
403	328
403	331
403	332
403	346
403	379
403	407
403	408
403	429
403	434
403	435
403	439
403	458
403	490
403	491
403	493
403	498
404	9
404	64
404	87
404	117
404	127
404	155
404	205
404	218
404	219
404	225
404	232
404	247
404	263
404	298
404	329
404	364
404	393
404	406
404	415
404	416
404	466
404	478
404	482
404	485
404	488
404	489
404	496
405	9
405	13
405	26
405	42
405	92
405	126
405	246
405	254
405	257
405	280
405	288
405	316
405	329
405	330
405	349
405	358
405	369
405	370
405	402
405	410
405	421
405	448
405	449
405	469
405	478
405	491
405	492
406	33
406	56
406	75
406	82
406	144
406	239
406	259
406	320
406	331
406	361
406	391
406	400
406	401
406	402
406	404
406	410
406	450
406	451
406	452
406	455
406	457
406	467
406	472
406	479
406	483
406	484
406	486
407	44
407	89
407	102
407	117
407	152
407	168
407	192
407	193
407	206
407	240
407	266
407	321
407	323
407	325
407	360
407	402
407	403
407	415
407	429
407	433
407	457
407	461
407	471
407	472
407	495
407	497
407	500
408	20
408	116
408	165
408	221
408	227
408	229
408	249
408	278
408	332
408	336
408	345
408	346
408	353
408	368
408	380
408	403
408	420
408	447
408	448
408	451
408	453
408	472
408	476
408	480
408	483
408	491
408	492
409	8
409	72
409	73
409	89
409	122
409	191
409	208
409	217
409	251
409	275
409	289
409	315
409	317
409	325
409	331
409	334
409	348
409	368
409	392
409	394
409	411
409	430
409	435
409	450
409	468
409	484
409	493
409	494
410	116
410	124
410	129
410	218
410	236
410	243
410	250
410	260
410	266
410	279
410	298
410	327
410	341
410	345
410	347
410	355
410	364
410	382
410	390
410	405
410	406
410	426
410	465
410	481
410	489
410	490
410	497
410	500
411	17
411	65
411	82
411	94
411	130
411	237
411	239
411	305
411	310
411	329
411	348
411	363
411	365
411	376
411	393
411	395
411	409
411	413
411	428
411	435
411	441
411	443
411	448
411	457
411	459
411	461
411	482
411	490
412	26
412	50
412	81
412	115
412	140
412	152
412	167
412	189
412	194
412	196
412	216
412	232
412	239
412	248
412	288
412	298
412	335
412	336
412	339
412	358
412	386
412	390
412	426
412	440
412	441
412	469
412	471
412	495
413	12
413	32
413	37
413	42
413	115
413	120
413	127
413	131
413	177
413	219
413	221
413	228
413	243
413	264
413	299
413	339
413	378
413	382
413	383
413	411
413	428
413	429
413	433
413	465
413	469
413	477
413	480
413	491
414	37
414	83
414	127
414	131
414	133
414	135
414	151
414	158
414	301
414	304
414	306
414	311
414	332
414	340
414	358
414	369
414	382
414	399
414	402
414	415
414	452
414	453
414	454
414	457
414	470
414	479
414	485
414	494
414	499
415	10
415	33
415	55
415	88
415	105
415	131
415	139
415	177
415	219
415	235
415	274
415	276
415	284
415	303
415	306
415	317
415	335
415	371
415	384
415	390
415	395
415	404
415	407
415	414
415	427
415	445
415	450
415	463
415	497
416	143
416	149
416	180
416	191
416	196
416	259
416	265
416	281
416	286
416	290
416	298
416	306
416	318
416	326
416	333
416	374
416	376
416	380
416	387
416	396
416	401
416	404
416	426
416	435
416	436
416	451
416	453
416	460
416	475
417	32
417	50
417	62
417	83
417	90
417	117
417	131
417	135
417	169
417	170
417	192
417	215
417	243
417	282
417	295
417	341
417	347
417	351
417	377
417	383
417	436
417	451
417	457
417	472
417	474
417	487
417	494
417	499
417	500
418	135
418	139
418	141
418	144
418	165
418	174
418	178
418	189
418	199
418	222
418	223
418	226
418	259
418	285
418	298
418	351
418	357
418	368
418	372
418	373
418	381
418	384
418	397
418	401
418	427
418	437
418	442
418	476
418	477
419	6
419	36
419	83
419	103
419	107
419	127
419	143
419	147
419	184
419	188
419	273
419	285
419	286
419	287
419	289
419	303
419	319
419	337
419	339
419	341
419	373
419	402
419	423
419	442
419	446
419	456
419	485
419	486
419	500
420	6
420	80
420	85
420	104
420	108
420	112
420	201
420	204
420	226
420	228
420	247
420	255
420	271
420	300
420	316
420	347
420	368
420	378
420	379
420	393
420	399
420	408
420	422
420	433
420	435
420	438
420	454
420	461
420	477
420	487
421	13
421	24
421	34
421	37
421	49
421	93
421	115
421	146
421	160
421	173
421	180
421	194
421	214
421	216
421	242
421	257
421	266
421	271
421	281
421	290
421	338
421	381
421	400
421	405
421	425
421	446
421	473
421	476
421	477
421	482
422	34
422	57
422	68
422	77
422	92
422	134
422	163
422	165
422	207
422	250
422	254
422	278
422	310
422	314
422	318
422	328
422	338
422	361
422	391
422	420
422	444
422	445
422	450
422	452
422	454
422	457
422	458
422	468
422	469
422	476
423	31
423	105
423	150
423	175
423	206
423	211
423	227
423	233
423	252
423	266
423	269
423	292
423	295
423	316
423	352
423	361
423	371
423	375
423	419
423	426
423	427
423	434
423	447
423	449
423	462
423	482
423	483
423	488
423	489
423	500
424	32
424	42
424	57
424	82
424	101
424	127
424	143
424	187
424	206
424	216
424	259
424	262
424	271
424	275
424	279
424	299
424	309
424	321
424	329
424	331
424	369
424	384
424	389
424	426
424	442
424	451
424	455
424	470
424	485
424	498
425	8
425	14
425	64
425	66
425	79
425	89
425	100
425	163
425	171
425	182
425	190
425	200
425	204
425	233
425	245
425	253
425	260
425	265
425	275
425	281
425	338
425	355
425	421
425	432
425	442
425	449
425	466
425	477
425	478
425	500
426	16
426	44
426	65
426	106
426	149
426	166
426	178
426	182
426	211
426	212
426	217
426	227
426	241
426	275
426	276
426	345
426	363
426	364
426	388
426	410
426	412
426	416
426	423
426	424
426	427
426	443
426	444
426	464
426	473
426	490
427	28
427	56
427	101
427	138
427	223
427	253
427	267
427	274
427	276
427	300
427	306
427	310
427	337
427	360
427	366
427	375
427	389
427	390
427	415
427	418
427	423
427	426
427	431
427	435
427	442
427	443
427	458
427	469
427	470
427	479
427	489
428	27
428	43
428	68
428	73
428	88
428	122
428	142
428	165
428	220
428	262
428	276
428	277
428	282
428	299
428	302
428	332
428	334
428	335
428	347
428	355
428	393
428	411
428	413
428	446
428	452
428	456
428	474
428	477
428	480
428	486
428	499
429	24
429	66
429	77
429	78
429	144
429	178
429	182
429	199
429	207
429	228
429	254
429	306
429	313
429	326
429	333
429	375
429	397
429	398
429	399
429	403
429	407
429	413
429	434
429	448
429	456
429	457
429	471
429	478
429	481
429	488
429	497
430	27
430	108
430	123
430	145
430	167
430	173
430	178
430	182
430	192
430	205
430	235
430	277
430	290
430	333
430	345
430	375
430	376
430	393
430	409
430	434
430	443
430	450
430	455
430	472
430	474
430	475
430	479
430	480
430	483
430	489
430	490
431	77
431	90
431	127
431	145
431	181
431	206
431	233
431	243
431	248
431	314
431	327
431	340
431	353
431	363
431	366
431	391
431	427
431	433
431	435
431	437
431	451
431	455
431	456
431	460
431	466
431	470
431	475
431	478
431	479
431	480
431	486
431	499
432	51
432	61
432	115
432	116
432	123
432	143
432	163
432	190
432	195
432	241
432	246
432	277
432	297
432	325
432	339
432	352
432	389
432	397
432	425
432	438
432	447
432	448
432	454
432	462
432	466
432	471
432	475
432	479
432	480
432	488
432	491
432	499
433	8
433	21
433	46
433	73
433	75
433	88
433	138
433	139
433	168
433	184
433	189
433	207
433	223
433	229
433	291
433	319
433	342
433	343
433	373
433	381
433	399
433	402
433	407
433	413
433	420
433	431
433	434
433	461
433	462
433	466
433	473
433	500
434	30
434	62
434	120
434	136
434	194
434	214
434	224
434	246
434	247
434	252
434	269
434	321
434	337
434	354
434	355
434	374
434	378
434	380
434	385
434	394
434	403
434	423
434	429
434	430
434	433
434	438
434	475
434	476
434	480
434	488
434	490
434	499
435	91
435	175
435	178
435	184
435	198
435	219
435	263
435	294
435	301
435	315
435	326
435	341
435	344
435	351
435	361
435	383
435	393
435	401
435	403
435	409
435	411
435	416
435	420
435	427
435	431
435	449
435	454
435	455
435	458
435	461
435	485
435	500
436	1
436	27
436	73
436	75
436	98
436	118
436	122
436	169
436	170
436	229
436	233
436	260
436	262
436	270
436	275
436	278
436	290
436	309
436	317
436	330
436	343
436	346
436	372
436	416
436	417
436	437
436	442
436	450
436	466
436	471
436	482
436	488
437	4
437	64
437	82
437	137
437	151
437	154
437	159
437	178
437	228
437	254
437	288
437	304
437	317
437	322
437	325
437	350
437	384
437	394
437	397
437	402
437	418
437	431
437	436
437	446
437	449
437	461
437	467
437	469
437	480
437	485
437	490
437	494
438	8
438	37
438	48
438	76
438	100
438	111
438	112
438	119
438	123
438	124
438	170
438	190
438	226
438	232
438	289
438	345
438	362
438	372
438	379
438	386
438	392
438	394
438	396
438	420
438	432
438	434
438	446
438	453
438	474
438	475
438	487
438	497
439	32
439	86
439	145
439	151
439	168
439	169
439	197
439	220
439	223
439	243
439	249
439	268
439	281
439	303
439	307
439	308
439	329
439	364
439	382
439	403
439	444
439	445
439	459
439	460
439	469
439	477
439	485
439	486
439	487
439	490
439	494
439	495
440	26
440	54
440	55
440	56
440	73
440	142
440	153
440	170
440	187
440	189
440	205
440	265
440	270
440	283
440	292
440	316
440	320
440	328
440	384
440	395
440	398
440	412
440	444
440	449
440	456
440	463
440	474
440	479
440	490
440	491
440	496
440	500
441	25
441	30
441	47
441	117
441	128
441	142
441	150
441	162
441	174
441	187
441	202
441	210
441	258
441	260
441	270
441	282
441	301
441	312
441	334
441	354
441	356
441	358
441	368
441	371
441	385
441	402
441	411
441	412
441	444
441	448
441	449
441	474
441	500
442	7
442	25
442	29
442	41
442	80
442	134
442	225
442	236
442	242
442	264
442	268
442	269
442	302
442	303
442	328
442	354
442	356
442	375
442	418
442	419
442	424
442	425
442	427
442	436
442	446
442	448
442	463
442	470
442	476
442	486
442	487
442	491
442	499
443	1
443	2
443	47
443	59
443	76
443	91
443	104
443	115
443	122
443	138
443	150
443	157
443	199
443	219
443	223
443	265
443	273
443	317
443	320
443	359
443	389
443	392
443	411
443	426
443	427
443	430
443	446
443	451
443	468
443	472
443	478
443	487
443	495
444	63
444	108
444	130
444	156
444	165
444	168
444	175
444	177
444	191
444	220
444	238
444	254
444	256
444	260
444	269
444	300
444	355
444	362
444	378
444	398
444	399
444	422
444	426
444	439
444	440
444	441
444	445
444	453
444	470
444	476
444	485
444	487
444	488
444	499
445	21
445	53
445	55
445	67
445	69
445	91
445	120
445	126
445	138
445	159
445	168
445	196
445	247
445	257
445	269
445	277
445	308
445	321
445	322
445	324
445	329
445	330
445	355
445	362
445	415
445	422
445	439
445	444
445	446
445	463
445	474
445	476
445	477
445	489
445	496
446	26
446	38
446	47
446	126
446	144
446	176
446	262
446	288
446	296
446	312
446	317
446	325
446	348
446	380
446	382
446	383
446	395
446	398
446	419
446	421
446	428
446	437
446	438
446	442
446	443
446	445
446	447
446	464
446	466
446	468
446	471
446	475
446	479
446	480
446	482
446	485
447	47
447	84
447	97
447	119
447	131
447	132
447	141
447	143
447	152
447	153
447	195
447	218
447	225
447	249
447	252
447	270
447	285
447	292
447	299
447	347
447	350
447	353
447	373
447	390
447	408
447	423
447	432
447	446
447	464
447	466
447	467
447	471
447	484
447	488
447	494
447	497
448	24
448	27
448	72
448	87
448	88
448	129
448	144
448	147
448	148
448	169
448	198
448	290
448	299
448	344
448	346
448	357
448	359
448	378
448	382
448	396
448	405
448	408
448	411
448	429
448	432
448	441
448	442
448	449
448	464
448	466
448	471
448	473
448	478
448	485
448	492
448	497
448	500
449	9
449	19
449	58
449	71
449	90
449	95
449	100
449	127
449	130
449	151
449	153
449	164
449	176
449	203
449	216
449	222
449	226
449	240
449	286
449	288
449	330
449	382
449	405
449	423
449	425
449	435
449	437
449	440
449	441
449	448
449	464
449	467
449	471
449	475
449	478
449	492
449	497
450	7
450	8
450	51
450	60
450	70
450	136
450	191
450	201
450	248
450	287
450	291
450	292
450	297
450	306
450	325
450	326
450	342
450	354
450	358
450	362
450	368
450	374
450	375
450	382
450	386
450	401
450	406
450	409
450	415
450	422
450	430
450	436
450	462
450	467
450	479
450	487
450	493
451	14
451	94
451	113
451	132
451	164
451	214
451	221
451	235
451	243
451	254
451	263
451	266
451	293
451	314
451	322
451	328
451	331
451	348
451	371
451	372
451	402
451	406
451	408
451	416
451	417
451	424
451	431
451	443
451	452
451	453
451	454
451	460
451	470
451	473
451	476
451	490
451	492
451	493
452	5
452	10
452	22
452	44
452	135
452	144
452	149
452	174
452	188
452	207
452	212
452	230
452	238
452	266
452	278
452	284
452	285
452	319
452	320
452	334
452	371
452	383
452	395
452	397
452	398
452	406
452	414
452	422
452	428
452	451
452	464
452	466
452	481
452	488
452	492
452	495
452	497
452	498
453	16
453	31
453	53
453	74
453	83
453	184
453	192
453	197
453	198
453	203
453	225
453	234
453	236
453	237
453	281
453	285
453	295
453	313
453	315
453	346
453	348
453	354
453	364
453	366
453	367
453	377
453	387
453	408
453	414
453	416
453	438
453	444
453	451
453	459
453	465
453	479
453	485
453	487
454	22
454	49
454	54
454	55
454	71
454	128
454	157
454	165
454	173
454	174
454	176
454	193
454	197
454	228
454	236
454	237
454	244
454	245
454	264
454	287
454	290
454	307
454	309
454	313
454	343
454	348
454	357
454	414
454	420
454	422
454	432
454	435
454	451
454	461
454	468
454	479
454	482
454	486
455	11
455	34
455	70
455	83
455	93
455	109
455	118
455	154
455	166
455	168
455	172
455	197
455	200
455	203
455	210
455	274
455	277
455	279
455	293
455	295
455	341
455	343
455	353
455	361
455	373
455	377
455	382
455	392
455	394
455	400
455	406
455	424
455	430
455	431
455	435
455	464
455	475
455	491
456	11
456	17
456	31
456	35
456	103
456	114
456	120
456	158
456	186
456	199
456	220
456	246
456	250
456	252
456	267
456	300
456	310
456	324
456	342
456	367
456	370
456	371
456	372
456	380
456	381
456	387
456	397
456	399
456	419
456	428
456	429
456	431
456	440
456	459
456	461
456	468
456	476
456	494
457	6
457	19
457	21
457	81
457	104
457	186
457	215
457	229
457	239
457	241
457	257
457	266
457	273
457	276
457	285
457	287
457	294
457	300
457	302
457	314
457	338
457	340
457	361
457	363
457	365
457	367
457	384
457	393
457	406
457	407
457	411
457	414
457	417
457	422
457	429
457	462
457	478
457	480
457	495
458	5
458	9
458	14
458	16
458	18
458	32
458	59
458	66
458	72
458	96
458	119
458	121
458	140
458	148
458	155
458	172
458	205
458	230
458	235
458	266
458	274
458	295
458	312
458	320
458	352
458	365
458	368
458	391
458	398
458	401
458	403
458	422
458	427
458	435
458	471
458	483
458	487
458	494
458	495
459	84
459	86
459	95
459	114
459	126
459	133
459	136
459	154
459	171
459	182
459	226
459	227
459	229
459	244
459	246
459	247
459	257
459	272
459	298
459	305
459	307
459	317
459	322
459	323
459	337
459	364
459	366
459	374
459	392
459	411
459	439
459	453
459	456
459	464
459	469
459	489
459	491
459	496
459	499
460	46
460	54
460	71
460	73
460	81
460	107
460	146
460	174
460	175
460	210
460	216
460	220
460	229
460	259
460	262
460	273
460	283
460	287
460	305
460	320
460	330
460	335
460	337
460	357
460	360
460	364
460	383
460	387
460	390
460	391
460	399
460	416
460	431
460	439
460	451
460	463
460	467
460	480
460	488
461	15
461	18
461	39
461	45
461	69
461	78
461	99
461	105
461	167
461	182
461	191
461	254
461	258
461	301
461	303
461	304
461	308
461	312
461	337
461	338
461	367
461	373
461	380
461	385
461	390
461	407
461	411
461	420
461	433
461	435
461	437
461	454
461	456
461	469
461	477
461	478
461	493
461	495
461	500
462	20
462	30
462	36
462	62
462	84
462	88
462	97
462	115
462	133
462	153
462	160
462	171
462	181
462	188
462	189
462	211
462	217
462	266
462	268
462	277
462	286
462	297
462	299
462	323
462	333
462	344
462	353
462	384
462	390
462	395
462	423
462	432
462	433
462	450
462	457
462	464
462	480
462	481
462	490
462	492
463	16
463	17
463	20
463	29
463	49
463	68
463	113
463	148
463	185
463	195
463	197
463	198
463	212
463	226
463	227
463	228
463	241
463	242
463	256
463	286
463	320
463	324
463	343
463	360
463	375
463	382
463	388
463	390
463	415
463	440
463	442
463	445
463	460
463	464
463	466
463	467
463	470
463	482
463	489
463	496
464	60
464	63
464	74
464	90
464	118
464	128
464	140
464	143
464	159
464	171
464	182
464	190
464	237
464	269
464	279
464	295
464	317
464	336
464	365
464	384
464	385
464	398
464	402
464	426
464	446
464	447
464	448
464	449
464	452
464	455
464	459
464	462
464	463
464	467
464	470
464	475
464	492
464	497
464	499
464	500
465	16
465	67
465	69
465	84
465	96
465	98
465	110
465	122
465	147
465	149
465	150
465	153
465	159
465	215
465	234
465	250
465	252
465	268
465	295
465	305
465	307
465	308
465	323
465	336
465	341
465	359
465	381
465	383
465	386
465	387
465	396
465	410
465	413
465	453
465	474
465	475
465	484
465	486
465	489
465	493
465	500
466	36
466	60
466	81
466	107
466	152
466	157
466	182
466	194
466	216
466	232
466	236
466	241
466	293
466	306
466	331
466	357
466	364
466	371
466	372
466	378
466	387
466	404
466	425
466	431
466	432
466	433
466	436
466	446
466	447
466	448
466	452
466	463
466	482
466	485
466	488
466	490
466	493
466	496
466	498
467	2
467	41
467	74
467	86
467	87
467	91
467	115
467	118
467	135
467	136
467	137
467	146
467	163
467	209
467	225
467	241
467	256
467	294
467	306
467	309
467	337
467	339
467	351
467	371
467	377
467	385
467	406
467	437
467	447
467	449
467	450
467	460
467	463
467	464
467	475
467	478
467	481
467	487
467	490
467	491
467	492
468	19
468	25
468	59
468	71
468	103
468	111
468	133
468	143
468	147
468	206
468	209
468	213
468	218
468	245
468	252
468	255
468	280
468	294
468	296
468	307
468	313
468	318
468	320
468	339
468	344
468	359
468	371
468	374
468	376
468	387
468	401
468	409
468	422
468	443
468	446
468	454
468	456
468	477
468	488
468	495
468	496
469	54
469	78
469	87
469	95
469	136
469	143
469	144
469	147
469	163
469	180
469	181
469	213
469	215
469	223
469	224
469	247
469	249
469	258
469	277
469	282
469	293
469	318
469	350
469	365
469	376
469	393
469	401
469	405
469	412
469	413
469	422
469	427
469	437
469	439
469	459
469	461
469	485
469	489
469	495
469	496
469	500
470	7
470	29
470	63
470	64
470	85
470	123
470	129
470	135
470	144
470	154
470	185
470	212
470	218
470	222
470	227
470	256
470	269
470	289
470	292
470	296
470	306
470	314
470	333
470	337
470	349
470	360
470	366
470	375
470	383
470	388
470	400
470	414
470	424
470	427
470	431
470	442
470	444
470	451
470	463
470	464
470	476
470	480
471	7
471	10
471	44
471	76
471	96
471	97
471	100
471	118
471	123
471	131
471	142
471	218
471	220
471	235
471	238
471	253
471	257
471	259
471	293
471	294
471	296
471	306
471	311
471	327
471	344
471	359
471	365
471	370
471	399
471	407
471	412
471	429
471	432
471	436
471	446
471	447
471	448
471	449
471	458
471	474
471	486
471	492
472	7
472	25
472	29
472	59
472	61
472	120
472	146
472	182
472	189
472	191
472	202
472	224
472	240
472	241
472	244
472	250
472	253
472	299
472	319
472	334
472	338
472	350
472	356
472	376
472	380
472	389
472	390
472	395
472	397
472	406
472	407
472	408
472	417
472	430
472	443
472	473
472	477
472	484
472	485
472	489
472	495
472	497
473	4
473	15
473	32
473	33
473	51
473	99
473	139
473	142
473	148
473	162
473	171
473	194
473	196
473	198
473	201
473	217
473	223
473	230
473	233
473	239
473	253
473	274
473	275
473	286
473	336
473	343
473	345
473	358
473	367
473	376
473	379
473	384
473	388
473	397
473	421
473	426
473	433
473	448
473	451
473	472
473	478
473	485
474	24
474	65
474	72
474	76
474	107
474	108
474	111
474	118
474	146
474	157
474	159
474	162
474	187
474	225
474	232
474	233
474	234
474	243
474	260
474	284
474	286
474	295
474	313
474	329
474	330
474	338
474	346
474	354
474	363
474	370
474	375
474	391
474	417
474	428
474	430
474	438
474	440
474	441
474	445
474	465
474	471
474	489
474	494
475	10
475	75
475	82
475	83
475	104
475	111
475	164
475	189
475	207
475	222
475	232
475	245
475	261
475	265
475	272
475	273
475	277
475	279
475	297
475	302
475	331
475	345
475	361
475	369
475	381
475	389
475	416
475	430
475	431
475	432
475	434
475	438
475	446
475	449
475	455
475	464
475	465
475	467
475	484
475	489
475	491
475	494
475	497
476	43
476	78
476	89
476	98
476	103
476	125
476	127
476	147
476	160
476	167
476	174
476	183
476	223
476	245
476	249
476	264
476	308
476	331
476	336
476	357
476	362
476	373
476	388
476	397
476	399
476	408
476	418
476	421
476	422
476	434
476	442
476	444
476	445
476	451
476	456
476	470
476	477
476	479
476	486
476	493
476	495
476	497
476	500
477	18
477	23
477	26
477	63
477	65
477	110
477	147
477	153
477	159
477	167
477	174
477	185
477	223
477	247
477	272
477	276
477	310
477	311
477	316
477	326
477	336
477	342
477	357
477	373
477	383
477	386
477	392
477	399
477	413
477	418
477	420
477	421
477	425
477	428
477	439
477	445
477	461
477	468
477	472
477	476
477	479
477	480
477	484
478	9
478	43
478	67
478	88
478	116
478	151
478	160
478	166
478	183
478	189
478	194
478	204
478	226
478	274
478	282
478	285
478	330
478	332
478	335
478	338
478	339
478	340
478	348
478	351
478	363
478	366
478	370
478	375
478	404
478	405
478	425
478	429
478	431
478	443
478	448
478	449
478	457
478	461
478	467
478	473
478	479
478	491
478	493
478	494
479	33
479	38
479	55
479	103
479	104
479	121
479	137
479	149
479	150
479	177
479	202
479	208
479	219
479	238
479	242
479	274
479	279
479	290
479	305
479	308
479	360
479	370
479	377
479	386
479	387
479	392
479	406
479	414
479	427
479	430
479	431
479	432
479	440
479	446
479	450
479	453
479	454
479	476
479	477
479	478
479	480
479	486
479	489
479	494
480	2
480	3
480	17
480	42
480	112
480	113
480	138
480	143
480	162
480	167
480	179
480	190
480	197
480	253
480	255
480	261
480	265
480	271
480	291
480	302
480	320
480	336
480	342
480	348
480	376
480	378
480	389
480	395
480	408
480	413
480	428
480	430
480	431
480	432
480	434
480	437
480	446
480	457
480	460
480	462
480	470
480	477
480	479
480	500
481	3
481	12
481	21
481	46
481	47
481	49
481	65
481	93
481	106
481	122
481	123
481	125
481	132
481	146
481	150
481	151
481	166
481	173
481	187
481	191
481	199
481	201
481	214
481	238
481	290
481	308
481	309
481	310
481	319
481	340
481	350
481	351
481	353
481	357
481	378
481	393
481	401
481	410
481	429
481	452
481	462
481	467
481	493
481	495
481	499
482	39
482	42
482	51
482	79
482	112
482	118
482	181
482	187
482	193
482	221
482	229
482	236
482	237
482	240
482	261
482	266
482	279
482	283
482	291
482	292
482	297
482	317
482	350
482	367
482	377
482	401
482	404
482	411
482	421
482	423
482	436
482	446
482	454
482	463
482	466
482	485
482	486
482	488
482	493
482	496
482	498
483	10
483	41
483	72
483	92
483	96
483	105
483	121
483	127
483	160
483	181
483	184
483	190
483	191
483	205
483	230
483	242
483	246
483	263
483	270
483	278
483	283
483	284
483	288
483	291
483	342
483	347
483	348
483	365
483	366
483	368
483	369
483	371
483	374
483	386
483	392
483	396
483	406
483	408
483	423
483	430
483	458
483	489
483	491
483	494
483	496
484	16
484	40
484	49
484	64
484	71
484	74
484	116
484	134
484	145
484	147
484	171
484	210
484	216
484	239
484	243
484	262
484	278
484	293
484	294
484	300
484	303
484	305
484	313
484	316
484	324
484	349
484	352
484	359
484	365
484	369
484	373
484	381
484	388
484	397
484	406
484	409
484	447
484	465
484	472
484	475
484	477
484	487
484	491
484	496
484	497
485	25
485	35
485	40
485	41
485	51
485	84
485	109
485	121
485	140
485	142
485	179
485	207
485	209
485	222
485	271
485	290
485	292
485	317
485	331
485	342
485	362
485	372
485	385
485	404
485	414
485	419
485	424
485	435
485	437
485	439
485	444
485	446
485	448
485	453
485	466
485	469
485	472
485	473
485	482
485	486
485	488
485	489
485	494
485	496
485	498
485	500
486	7
486	56
486	76
486	87
486	94
486	98
486	101
486	125
486	142
486	153
486	202
486	206
486	221
486	227
486	248
486	272
486	273
486	276
486	279
486	295
486	300
486	315
486	335
486	342
486	375
486	377
486	392
486	398
486	406
486	419
486	428
486	431
486	439
486	442
486	454
486	465
486	471
486	476
486	479
486	482
486	485
486	487
486	489
486	490
486	494
486	499
487	2
487	4
487	15
487	37
487	42
487	48
487	54
487	84
487	120
487	126
487	155
487	209
487	222
487	224
487	225
487	232
487	245
487	248
487	251
487	284
487	288
487	300
487	319
487	323
487	331
487	346
487	349
487	355
487	377
487	387
487	392
487	395
487	417
487	420
487	438
487	439
487	442
487	443
487	444
487	450
487	453
487	458
487	467
487	484
487	486
487	499
488	6
488	14
488	20
488	24
488	35
488	55
488	62
488	98
488	119
488	150
488	178
488	192
488	197
488	207
488	214
488	219
488	233
488	240
488	246
488	263
488	277
488	301
488	331
488	359
488	363
488	370
488	372
488	385
488	392
488	402
488	404
488	423
488	429
488	432
488	434
488	436
488	444
488	447
488	452
488	460
488	466
488	468
488	482
488	485
488	489
488	493
488	496
489	9
489	12
489	13
489	14
489	36
489	78
489	85
489	89
489	104
489	118
489	153
489	188
489	190
489	197
489	199
489	226
489	257
489	258
489	260
489	291
489	319
489	358
489	359
489	360
489	363
489	366
489	375
489	392
489	397
489	404
489	410
489	423
489	427
489	430
489	445
489	459
489	463
489	465
489	469
489	472
489	474
489	475
489	479
489	483
489	485
489	486
489	488
490	16
490	37
490	56
490	65
490	70
490	82
490	86
490	107
490	114
490	120
490	126
490	156
490	158
490	191
490	215
490	222
490	237
490	240
490	246
490	251
490	272
490	306
490	310
490	312
490	318
490	330
490	342
490	347
490	350
490	379
490	403
490	410
490	411
490	426
490	430
490	434
490	437
490	439
490	440
490	451
490	462
490	466
490	467
490	486
490	491
490	494
490	498
491	74
491	94
491	112
491	114
491	126
491	144
491	164
491	166
491	193
491	213
491	216
491	217
491	229
491	241
491	251
491	301
491	314
491	321
491	330
491	331
491	341
491	348
491	357
491	360
491	365
491	369
491	382
491	389
491	391
491	393
491	394
491	401
491	403
491	405
491	408
491	413
491	432
491	440
491	442
491	455
491	459
491	467
491	475
491	478
491	483
491	484
491	490
491	493
492	2
492	22
492	30
492	57
492	76
492	114
492	117
492	121
492	124
492	128
492	164
492	202
492	209
492	212
492	213
492	218
492	226
492	241
492	255
492	265
492	271
492	281
492	282
492	322
492	333
492	335
492	342
492	351
492	361
492	369
492	376
492	377
492	388
492	394
492	395
492	400
492	405
492	408
492	448
492	449
492	451
492	452
492	462
492	464
492	467
492	471
492	495
492	499
493	2
493	6
493	11
493	15
493	55
493	56
493	129
493	143
493	148
493	155
493	173
493	190
493	204
493	221
493	223
493	241
493	244
493	254
493	259
493	261
493	262
493	267
493	270
493	273
493	303
493	312
493	323
493	327
493	345
493	349
493	355
493	370
493	391
493	397
493	403
493	409
493	450
493	451
493	461
493	465
493	466
493	476
493	478
493	481
493	482
493	488
493	491
493	497
494	40
494	70
494	75
494	117
494	163
494	164
494	167
494	171
494	183
494	186
494	195
494	204
494	208
494	239
494	249
494	256
494	258
494	264
494	272
494	276
494	280
494	312
494	327
494	349
494	356
494	361
494	365
494	372
494	378
494	388
494	409
494	414
494	417
494	437
494	439
494	447
494	456
494	458
494	474
494	475
494	478
494	479
494	483
494	485
494	486
494	490
494	497
494	499
494	500
495	2
495	26
495	59
495	68
495	69
495	77
495	80
495	83
495	96
495	136
495	140
495	157
495	164
495	166
495	174
495	178
495	196
495	209
495	224
495	245
495	255
495	258
495	265
495	267
495	271
495	283
495	301
495	309
495	346
495	368
495	372
495	374
495	397
495	400
495	402
495	407
495	412
495	439
495	443
495	452
495	457
495	458
495	461
495	468
495	469
495	472
495	476
495	481
495	492
496	6
496	14
496	24
496	44
496	56
496	57
496	59
496	61
496	66
496	79
496	99
496	102
496	179
496	230
496	240
496	250
496	256
496	261
496	263
496	268
496	273
496	274
496	289
496	304
496	309
496	315
496	331
496	336
496	351
496	365
496	372
496	374
496	376
496	378
496	393
496	404
496	440
496	445
496	459
496	463
496	466
496	468
496	469
496	482
496	483
496	484
496	485
496	488
496	498
497	36
497	40
497	58
497	66
497	70
497	74
497	79
497	83
497	108
497	122
497	133
497	135
497	186
497	193
497	196
497	200
497	204
497	208
497	224
497	227
497	231
497	250
497	258
497	267
497	277
497	283
497	314
497	326
497	346
497	356
497	376
497	387
497	407
497	410
497	415
497	429
497	438
497	447
497	448
497	449
497	452
497	464
497	472
497	475
497	476
497	484
497	493
497	494
497	498
498	14
498	18
498	21
498	23
498	31
498	33
498	36
498	45
498	54
498	60
498	69
498	73
498	106
498	107
498	139
498	144
498	157
498	158
498	163
498	182
498	209
498	213
498	241
498	248
498	254
498	281
498	293
498	298
498	309
498	310
498	319
498	325
498	328
498	340
498	351
498	358
498	367
498	371
498	375
498	378
498	399
498	403
498	424
498	452
498	466
498	482
498	485
498	490
498	496
498	497
499	13
499	37
499	52
499	65
499	71
499	75
499	81
499	92
499	99
499	124
499	125
499	169
499	171
499	192
499	198
499	214
499	217
499	218
499	226
499	238
499	249
499	253
499	280
499	287
499	294
499	313
499	319
499	322
499	333
499	337
499	344
499	350
499	356
499	363
499	390
499	414
499	417
499	428
499	431
499	432
499	434
499	442
499	444
499	459
499	464
499	481
499	486
499	487
499	492
499	494
500	33
500	43
500	66
500	93
500	97
500	109
500	132
500	135
500	161
500	173
500	199
500	203
500	208
500	210
500	211
500	212
500	228
500	235
500	236
500	286
500	293
500	304
500	326
500	327
500	341
500	362
500	370
500	371
500	379
500	381
500	382
500	407
500	410
500	417
500	419
500	423
500	425
500	433
500	435
500	440
500	441
500	448
500	461
500	464
500	465
500	469
500	476
500	480
500	485
500	494
