1 32
1 45
1 153
1 382
1 390
1 397
1 412
2 51
2 115
2 122
2 129
2 134
2 137
2 139
2 140
2 186
2 233
2 238
2 239
2 262
2 264
2 268
2 286
2 301
2 320
2 323
2 351
2 363
2 365
2 366
2 393
2 398
2 411
2 462
2 469
2 490
3 12
3 16
3 37
3 39
3 40
3 47
3 49
3 51
3 77
3 81
3 117
3 139
3 141
3 160
3 172
3 186
3 205
3 221
3 222
3 233
3 241
3 247
3 255
3 261
3 264
3 271
3 301
3 309
3 310
3 311
3 329
3 367
3 381
3 382
3 406
3 408
3 438
3 443
3 446
3 483
3 486
3 488
3 497
4 10
4 79
4 91
4 111
4 134
4 159
4 228
4 240
4 272
4 299
4 329
4 336
4 338
4 353
4 391
4 447
4 448
4 458
4 460
4 485
5 30
5 324
5 376
5 415
5 455
5 485
6 51
6 55
6 81
6 88
6 94
6 100
6 109
6 112
6 113
6 133
6 135
6 145
6 179
6 190
6 223
6 230
6 258
6 272
6 304
6 339
6 355
6 415
6 466
7 12
7 96
7 202
7 405
7 418
7 419
7 499
8 72
8 147
8 200
8 233
8 239
8 295
8 340
8 342
8 438
9 15
9 37
9 44
9 56
9 61
9 99
9 114
9 118
9 125
9 141
9 175
9 196
9 201
9 244
9 259
9 262
9 267
9 274
9 280
9 287
9 288
9 294
9 309
9 325
9 349
9 369
9 376
9 377
9 390
9 430
9 433
9 439
9 466
9 468
9 476
9 482
9 488
9 492
10 4
10 41
10 145
10 171
10 247
10 280
10 474
10 498
11 13
11 26
11 33
11 39
11 41
11 77
11 85
11 107
11 137
11 142
11 149
11 222
11 287
11 298
11 299
11 326
11 352
11 390
11 438
11 448
11 481
12 3
12 7
12 13
12 28
12 36
12 40
12 46
12 124
12 153
12 184
12 217
12 222
12 242
12 266
12 286
12 312
12 345
12 368
12 384
12 401
12 432
12 485
12 487
12 497
13 11
13 12
13 37
13 81
13 87
13 91
13 95
13 102
13 103
13 112
13 117
13 142
13 162
13 167
13 193
13 201
13 205
13 217
13 221
13 222
13 224
13 234
13 239
13 242
13 243
13 245
13 261
13 286
13 296
13 298
13 300
13 345
13 350
13 367
13 378
13 381
13 412
13 421
13 425
13 448
13 461
13 464
13 469
13 472
13 478
13 489
14 21
14 37
14 52
14 165
14 179
14 201
14 214
14 242
14 290
14 294
14 300
14 310
14 358
14 382
14 420
14 452
14 457
14 470
15 9
15 20
15 66
15 99
15 129
15 183
15 184
15 233
15 255
15 269
15 274
15 276
15 325
15 382
15 391
15 427
15 461
16 3
16 19
16 26
16 33
16 53
16 117
16 125
16 161
16 248
16 286
16 312
16 317
16 343
16 344
16 348
16 378
16 391
16 406
16 411
16 416
16 434
16 448
16 454
16 460
16 482
16 494
16 500
17 51
17 55
17 100
17 102
17 187
17 197
17 201
17 205
17 236
17 384
17 432
17 464
18 58
18 98
18 114
18 117
18 225
18 239
18 259
18 264
18 321
18 362
18 405
18 420
18 440
18 452
18 454
19 16
19 37
19 54
19 58
19 63
19 84
19 94
19 109
19 111
19 123
19 129
19 155
19 254
19 258
19 261
19 271
19 273
19 274
19 287
19 334
19 397
19 441
19 459
20 15
20 33
20 50
20 61
20 112
20 140
20 145
20 152
20 173
20 183
20 190
20 201
20 221
20 242
20 245
20 280
20 285
20 287
20 304
20 379
20 388
20 419
20 427
20 481
20 489
21 14
21 44
21 88
21 183
21 200
21 201
21 294
21 354
21 355
21 372
21 398
21 432
21 482
21 487
22 47
22 84
22 106
22 137
22 186
22 197
22 252
22 434
22 489
23 63
23 129
23 134
23 287
23 356
23 424
23 458
24 26
24 33
24 37
24 81
24 93
24 111
24 112
24 116
24 185
24 202
24 218
24 220
24 222
24 300
24 304
24 355
24 367
24 442
24 445
24 496
25 112
25 152
25 163
25 225
25 240
25 318
25 453
26 11
26 16
26 24
26 52
26 56
26 58
26 62
26 71
26 91
26 96
26 98
26 103
26 105
26 106
26 114
26 118
26 119
26 133
26 134
26 145
26 172
26 175
26 179
26 181
26 185
26 189
26 206
26 216
26 218
26 222
26 225
26 235
26 242
26 243
26 247
26 252
26 261
26 268
26 291
26 347
26 369
26 380
26 392
26 398
26 418
26 427
26 430
26 438
26 474
26 477
27 62
27 63
27 67
27 79
27 82
27 101
27 107
27 113
27 117
27 120
27 130
27 140
27 150
27 153
27 165
27 173
27 175
27 179
27 181
27 197
27 205
27 211
27 214
27 218
27 221
27 224
27 225
27 236
27 254
27 266
27 270
27 295
27 345
27 376
27 384
27 391
27 416
27 422
27 442
27 468
27 491
27 492
28 12
28 47
28 79
28 90
28 91
28 174
28 199
28 243
28 295
28 308
28 311
28 355
28 427
28 497
29 58
29 81
29 129
29 141
29 221
29 222
29 299
29 432
29 466
29 492
30 5
30 37
30 38
30 40
30 54
30 77
30 80
30 85
30 88
30 96
30 98
30 106
30 108
30 114
30 117
30 175
30 191
30 192
30 205
30 214
30 233
30 254
30 287
30 303
30 306
30 353
30 361
30 367
30 369
30 375
30 378
30 400
30 418
30 429
30 446
30 449
30 461
30 469
30 491
31 37
31 38
31 52
31 56
31 117
31 135
31 139
31 140
31 146
31 152
31 169
31 208
31 223
31 227
31 259
31 260
31 269
31 272
31 285
31 286
31 304
31 306
31 309
31 335
31 338
31 349
31 351
31 364
31 365
31 366
31 376
31 382
31 391
31 408
31 426
31 446
31 449
31 460
31 464
31 483
31 497
32 1
32 58
32 74
32 81
32 88
32 133
32 212
32 222
32 225
32 236
32 259
32 298
32 300
32 330
32 333
32 336
32 408
32 484
33 11
33 16
33 20
33 24
33 114
33 134
33 139
33 179
33 184
33 212
33 236
33 237
33 241
33 269
33 286
33 300
33 329
33 350
33 379
33 382
33 405
33 428
33 468
33 473
34 56
34 76
34 430
34 448
34 462
34 470
35 84
35 97
35 319
35 364
35 378
35 413
35 482
35 492
36 12
36 178
36 235
36 281
36 304
36 413
37 3
37 9
37 13
37 14
37 19
37 24
37 30
37 31
37 49
37 51
37 54
37 62
37 72
37 80
37 81
37 91
37 96
37 100
37 129
37 170
37 185
37 194
37 205
37 208
37 217
37 218
37 229
37 236
37 247
37 252
37 255
37 258
37 259
37 264
37 274
37 275
37 276
37 300
37 308
37 342
37 350
37 367
37 378
37 408
37 422
37 430
37 432
37 434
37 477
37 479
38 30
38 31
38 44
38 45
38 56
38 58
38 80
38 81
38 96
38 98
38 126
38 167
38 190
38 192
38 197
38 201
38 222
38 223
38 264
38 290
38 309
38 310
38 324
38 333
38 350
38 354
38 363
38 373
38 376
38 408
38 412
38 423
38 425
38 432
38 438
38 446
38 486
38 498
39 3
39 11
39 45
39 58
39 69
39 72
39 80
39 96
39 100
39 107
39 111
39 120
39 153
39 159
39 184
39 185
39 190
39 216
39 233
39 243
39 247
39 254
39 275
39 301
39 309
39 339
39 382
39 394
39 408
39 432
39 439
39 441
39 448
39 465
39 477
39 481
40 3
40 12
40 30
40 101
40 134
40 152
40 164
40 178
40 196
40 201
40 209
40 337
40 365
40 386
40 396
40 433
40 497
41 10
41 11
41 81
41 92
41 105
41 108
41 140
41 147
41 156
41 159
41 172
41 180
41 184
41 192
41 209
41 225
41 245
41 252
41 266
41 268
41 269
41 301
41 337
41 352
41 391
41 408
41 415
41 431
41 446
41 452
41 477
41 485
42 111
42 140
42 161
42 191
42 225
42 272
42 326
42 341
43 54
43 75
43 121
43 129
43 136
43 199
43 203
43 206
43 264
43 303
43 326
43 343
43 391
43 417
43 419
43 452
43 487
44 9
44 21
44 38
44 88
44 149
44 228
44 259
44 266
44 272
44 279
44 326
44 363
44 373
44 475
44 491
44 497
44 498
45 1
45 38
45 39
45 55
45 56
45 72
45 79
45 103
45 129
45 145
45 178
45 179
45 188
45 209
45 212
45 228
45 238
45 241
45 244
45 259
45 318
45 337
45 376
45 382
45 400
45 439
45 446
45 476
45 477
46 12
46 54
46 68
46 73
46 74
46 95
46 101
46 103
46 106
46 139
46 152
46 198
46 259
46 267
46 274
46 279
46 296
46 300
46 307
46 421
46 439
46 473
46 474
46 481
46 483
47 3
47 22
47 28
47 66
47 80
47 81
47 100
47 106
47 110
47 117
47 124
47 133
47 142
47 165
47 174
47 184
47 190
47 221
47 228
47 239
47 243
47 261
47 264
47 271
47 277
47 295
47 300
47 308
47 325
47 336
47 339
47 341
47 355
47 356
47 364
47 367
47 384
47 390
47 418
47 438
47 461
47 468
47 469
47 482
47 491
48 69
48 75
48 87
48 96
48 203
48 258
48 292
48 295
48 329
48 355
48 406
48 418
48 483
49 3
49 37
49 129
49 313
49 378
49 382
49 427
50 20
50 103
50 128
50 140
50 172
50 203
50 204
50 282
50 295
50 312
50 325
50 330
50 342
50 406
50 458
51 2
51 3
51 6
51 17
51 37
51 65
51 72
51 80
51 85
51 89
51 99
51 100
51 134
51 154
51 168
51 184
51 194
51 211
51 212
51 218
51 242
51 247
51 248
51 258
51 266
51 282
51 288
51 304
51 314
51 332
51 342
51 346
51 350
51 364
51 370
51 407
51 422
51 423
51 434
51 437
51 446
51 466
51 485
52 14
52 26
52 31
52 53
52 99
52 137
52 191
52 212
52 243
52 247
52 271
52 300
52 333
52 401
52 416
52 439
52 470
53 16
53 52
53 78
53 96
53 136
53 140
53 144
53 211
53 217
53 237
53 259
53 285
53 391
53 418
53 419
54 19
54 30
54 37
54 43
54 46
54 67
54 113
54 137
54 139
54 152
54 172
54 186
54 216
54 239
54 243
54 248
54 259
54 261
54 266
54 287
54 295
54 318
54 330
54 333
54 336
54 346
54 350
54 377
54 380
54 383
54 408
54 411
54 432
54 439
54 445
54 455
54 461
54 469
54 474
54 493
55 6
55 17
55 45
55 58
55 68
55 83
55 85
55 100
55 106
55 108
55 130
55 183
55 197
55 204
55 205
55 211
55 216
55 219
55 221
55 222
55 247
55 250
55 271
55 286
55 288
55 306
55 308
55 312
55 360
55 368
55 409
55 471
55 481
55 492
55 496
55 498
56 9
56 26
56 31
56 34
56 38
56 45
56 58
56 80
56 138
56 179
56 200
56 226
56 236
56 238
56 244
56 274
56 282
56 293
56 295
56 300
56 307
56 333
56 336
56 345
56 376
56 408
56 434
56 476
56 481
56 487
57 140
57 157
57 170
57 197
57 378
57 418
58 18
58 19
58 26
58 29
58 32
58 38
58 39
58 55
58 56
58 63
58 91
58 119
58 129
58 134
58 137
58 140
58 143
58 153
58 173
58 204
58 205
58 210
58 211
58 258
58 264
58 269
58 274
58 282
58 289
58 292
58 293
58 296
58 309
58 337
58 345
58 364
58 399
58 405
58 406
58 418
58 421
58 425
58 454
58 460
58 461
58 469
58 477
58 480
58 495
59 61
59 73
59 261
59 264
59 298
59 415
60 110
60 112
60 129
60 173
60 205
60 224
60 259
60 275
60 324
60 329
60 461
60 478
60 481
61 9
61 20
61 59
61 63
61 70
61 85
61 98
61 118
61 158
61 172
61 244
61 294
61 332
61 342
61 366
61 405
61 411
61 418
61 450
61 464
61 470
61 473
61 490
62 26
62 27
62 37
62 80
62 96
62 103
62 126
62 149
62 172
62 179
62 215
62 231
62 242
62 243
62 270
62 294
62 329
62 363
62 391
62 420
62 425
62 432
62 487
63 19
63 23
63 27
63 58
63 61
63 100
63 136
63 144
63 153
63 156
63 157
63 164
63 239
63 273
63 326
63 333
63 365
63 407
63 442
63 448
63 491
64 86
64 190
64 202
64 203
64 222
64 439
65 51
65 101
65 183
65 200
65 255
65 261
65 306
65 308
65 329
65 412
65 434
65 473
66 15
66 47
66 171
66 189
66 190
66 197
66 228
66 238
66 286
66 291
66 308
66 324
66 356
66 367
66 376
66 396
66 402
66 415
66 432
66 442
66 464
66 474
66 478
66 497
67 27
67 54
67 85
67 150
67 197
67 211
67 300
67 492
68 46
68 55
68 81
68 275
68 377
68 476
69 39
69 48
69 94
69 149
69 153
69 163
69 197
69 205
69 243
69 252
69 275
69 279
69 327
69 339
69 353
69 366
69 417
69 433
69 456
69 463
69 476
70 61
70 166
70 183
70 390
70 479
70 491
70 496
71 26
71 129
71 195
71 211
71 246
71 264
71 266
71 274
71 287
71 304
71 317
71 376
71 398
71 404
71 409
71 491
72 8
72 37
72 39
72 45
72 51
72 87
72 94
72 128
72 151
72 153
72 166
72 184
72 198
72 204
72 218
72 238
72 271
72 286
72 295
72 312
72 337
72 353
72 376
72 387
72 413
72 429
72 454
72 478
73 46
73 59
73 127
73 321
73 346
73 351
73 442
73 490
73 491
74 32
74 46
74 140
74 224
74 363
74 469
74 492
75 43
75 48
75 79
75 80
75 96
75 175
75 288
75 380
75 382
75 406
75 418
76 34
76 145
76 161
76 180
76 227
76 252
76 289
76 323
76 331
76 351
76 380
76 382
76 405
76 424
76 476
76 477
77 3
77 11
77 30
77 103
77 108
77 142
77 231
77 236
77 291
77 296
77 316
77 356
77 421
77 491
78 53
78 117
78 236
78 344
78 400
78 411
78 487
79 4
79 27
79 28
79 45
79 75
79 81
79 96
79 100
79 102
79 104
79 116
79 129
79 162
79 164
79 170
79 205
79 218
79 219
79 231
79 239
79 245
79 253
79 277
79 287
79 288
79 308
79 312
79 319
79 323
79 325
79 328
79 337
79 356
79 366
79 368
79 393
79 395
79 400
79 411
79 424
79 429
79 440
79 446
79 459
79 468
79 469
79 485
79 492
79 496
79 498
80 30
80 37
80 38
80 39
80 47
80 51
80 56
80 62
80 75
80 99
80 100
80 140
80 158
80 197
80 238
80 244
80 255
80 257
80 260
80 271
80 279
80 285
80 301
80 309
80 317
80 329
80 337
80 343
80 358
80 408
80 413
80 422
80 478
80 490
80 498
81 3
81 6
81 13
81 24
81 29
81 32
81 37
81 38
81 41
81 47
81 68
81 79
81 84
81 106
81 108
81 109
81 137
81 168
81 183
81 192
81 197
81 206
81 219
81 227
81 242
81 243
81 247
81 264
81 268
81 282
81 298
81 305
81 308
81 325
81 345
81 349
81 369
81 382
81 438
81 442
81 481
81 490
81 491
82 27
82 192
82 201
82 231
82 239
82 284
82 337
82 432
82 436
83 55
83 98
83 152
83 160
83 243
83 253
83 261
83 283
83 321
83 332
84 19
84 22
84 35
84 81
84 90
84 111
84 124
84 190
84 205
84 254
84 269
84 279
84 289
84 459
85 11
85 30
85 51
85 55
85 61
85 67
85 97
85 99
85 118
85 137
85 146
85 222
85 239
85 243
85 247
85 254
85 274
85 288
85 289
85 291
85 302
85 320
85 345
85 362
85 411
85 488
85 491
85 492
85 495
86 64
86 188
86 211
86 226
86 301
86 345
87 13
87 48
87 72
87 92
87 120
87 142
87 221
87 226
87 256
87 258
87 303
87 315
87 382
87 397
87 453
87 467
87 482
88 6
88 21
88 30
88 32
88 44
88 94
88 96
88 98
88 100
88 133
88 139
88 159
88 164
88 169
88 184
88 185
88 186
88 227
88 228
88 259
88 267
88 274
88 286
88 301
88 334
88 366
88 377
88 382
88 405
88 406
88 431
88 448
88 487
88 488
88 496
89 51
89 95
89 96
89 163
89 164
89 240
89 307
89 450
90 28
90 84
90 96
90 253
90 261
90 268
90 271
90 315
90 356
90 398
90 425
90 446
90 468
91 4
91 13
91 26
91 28
91 37
91 58
91 106
91 118
91 152
91 184
91 214
91 301
91 335
91 420
91 430
91 434
91 476
91 488
92 41
92 87
92 109
92 152
92 184
92 201
92 268
92 343
92 446
92 485
92 491
93 24
93 193
93 205
93 218
93 261
93 311
93 313
93 345
93 348
93 355
93 408
93 464
93 491
94 6
94 19
94 69
94 72
94 88
94 111
94 115
94 138
94 153
94 173
94 186
94 190
94 195
94 214
94 265
94 274
94 286
94 290
94 304
94 330
94 345
94 364
94 365
94 380
94 411
94 412
94 445
94 450
94 462
94 469
94 473
94 482
94 487
94 497
95 13
95 46
95 89
95 128
95 209
95 217
95 239
95 260
95 348
95 446
95 492
96 7
96 26
96 30
96 37
96 38
96 39
96 48
96 53
96 62
96 75
96 79
96 88
96 89
96 90
96 98
96 103
96 111
96 113
96 118
96 129
96 137
96 175
96 184
96 192
96 231
96 241
96 242
96 266
96 270
96 271
96 280
96 285
96 288
96 296
96 302
96 304
96 325
96 342
96 350
96 358
96 384
96 418
96 456
96 461
96 463
96 477
96 481
96 492
96 494
97 35
97 85
97 114
97 134
97 183
97 243
97 307
97 317
97 425
97 434
97 468
97 473
97 481
97 491
98 18
98 26
98 30
98 38
98 61
98 83
98 88
98 96
98 102
98 117
98 119
98 136
98 153
98 159
98 165
98 168
98 184
98 186
98 190
98 194
98 201
98 204
98 221
98 225
98 245
98 251
98 264
98 274
98 279
98 286
98 296
98 301
98 328
98 342
98 356
98 358
98 366
98 448
98 454
98 478
98 486
98 487
99 9
99 15
99 51
99 52
99 80
99 85
99 111
99 125
99 197
99 198
99 271
99 306
99 326
99 362
99 482
100 6
100 17
100 37
100 39
100 47
100 51
100 55
100 63
100 79
100 80
100 88
100 109
100 116
100 121
100 135
100 142
100 147
100 152
100 208
100 223
100 225
100 247
100 254
100 255
100 259
100 276
100 285
100 304
100 308
100 309
100 333
100 341
100 356
100 359
100 367
100 382
100 392
100 397
100 403
100 411
100 413
100 418
100 422
100 432
100 434
100 446
100 482
100 485
101 27
101 40
101 46
101 65
101 130
101 136
101 152
101 153
101 236
101 244
101 278
101 298
101 423
101 452
102 13
102 17
102 79
102 98
102 239
102 243
102 327
102 337
102 347
102 378
102 431
102 447
102 448
102 464
103 13
103 26
103 45
103 46
103 50
103 62
103 77
103 96
103 105
103 108
103 113
103 117
103 130
103 142
103 144
103 158
103 164
103 206
103 214
103 215
103 217
103 218
103 233
103 246
103 269
103 274
103 329
103 330
103 375
103 376
103 397
103 401
103 447
103 477
103 484
103 485
103 487
104 79
104 205
104 208
104 258
104 259
104 275
104 279
104 300
104 379
105 26
105 41
105 103
105 106
105 187
105 227
105 413
105 481
106 22
106 26
106 30
106 46
106 47
106 55
106 81
106 91
106 105
106 109
106 119
106 139
106 140
106 182
106 186
106 203
106 223
106 226
106 240
106 256
106 258
106 267
106 285
106 289
106 295
106 300
106 315
106 317
106 326
106 329
106 341
106 342
106 364
106 376
106 388
106 418
106 461
106 469
106 477
106 481
106 482
106 494
107 11
107 27
107 39
107 249
107 309
107 326
107 366
107 378
107 391
107 450
108 30
108 41
108 55
108 77
108 81
108 103
108 118
108 120
108 125
108 175
108 179
108 221
108 225
108 230
108 233
108 240
108 242
108 255
108 256
108 259
108 261
108 269
108 271
108 275
108 308
108 346
108 356
108 364
108 366
108 411
108 419
108 427
108 431
108 452
108 457
108 479
108 497
109 6
109 19
109 81
109 92
109 100
109 106
109 123
109 214
109 222
109 227
109 242
109 247
109 271
109 289
109 422
109 450
109 464
109 468
109 478
110 47
110 60
110 130
110 236
110 247
110 337
110 377
110 415
111 4
111 19
111 24
111 39
111 42
111 84
111 94
111 96
111 99
111 120
111 142
111 152
111 162
111 164
111 172
111 179
111 184
111 187
111 192
111 221
111 244
111 247
111 261
111 326
111 393
111 432
111 443
111 483
111 487
111 491
112 6
112 13
112 20
112 24
112 25
112 60
112 179
112 234
112 244
112 264
112 267
112 301
112 313
112 316
112 324
112 337
112 362
112 378
112 415
112 468
112 491
112 493
113 6
113 27
113 54
113 96
113 103
113 117
113 139
113 170
113 205
113 229
113 239
113 250
113 261
113 349
113 350
113 394
113 406
113 407
113 416
113 417
113 442
113 472
114 9
114 18
114 26
114 30
114 33
114 97
114 120
114 139
114 168
114 183
114 220
114 272
114 287
114 327
114 420
115 2
115 94
115 181
115 202
115 239
115 285
115 432
116 24
116 79
116 100
116 172
116 287
116 458
116 476
116 477
117 3
117 13
117 16
117 18
117 27
117 30
117 31
117 47
117 78
117 98
117 103
117 113
117 134
117 138
117 155
117 161
117 172
117 192
117 199
117 201
117 213
117 223
117 243
117 254
117 260
117 264
117 273
117 275
117 279
117 286
117 295
117 300
117 311
117 319
117 327
117 337
117 364
117 376
117 384
117 396
117 411
117 417
117 448
117 481
117 485
117 486
117 487
117 491
117 498
118 9
118 26
118 61
118 85
118 91
118 96
118 108
118 145
118 169
118 195
118 206
118 211
118 214
118 221
118 239
118 253
118 258
118 259
118 268
118 289
118 294
118 298
118 300
118 306
118 311
118 333
118 345
118 376
118 380
118 400
118 422
118 453
118 454
118 467
119 26
119 58
119 98
119 106
119 164
119 197
119 210
119 214
119 282
119 289
119 296
119 422
119 425
119 446
119 452
120 27
120 39
120 87
120 108
120 111
120 114
120 130
120 142
120 183
120 184
120 186
120 239
120 242
120 247
120 258
120 264
120 274
120 313
120 345
120 367
120 387
120 422
120 426
120 429
120 432
120 442
120 451
120 482
121 43
121 100
121 231
121 266
121 344
121 476
122 2
122 217
122 218
122 259
122 312
122 328
122 339
122 396
122 406
122 439
122 442
122 469
122 487
122 496
123 19
123 109
123 142
123 241
123 389
123 439
124 12
124 47
124 84
124 148
124 161
124 228
124 232
124 261
124 287
124 317
124 366
124 383
124 384
124 446
124 494
125 9
125 16
125 99
125 108
125 217
125 226
125 253
125 382
125 435
125 438
126 38
126 62
126 173
126 185
126 409
126 428
127 73
127 139
127 140
127 142
127 143
127 163
127 192
127 286
127 343
127 396
127 432
127 485
128 50
128 72
128 95
128 129
128 134
128 142
128 152
128 203
128 227
128 266
128 269
128 304
128 345
128 407
128 411
128 491
128 492
129 2
129 15
129 19
129 23
129 29
129 37
129 43
129 45
129 49
129 58
129 60
129 71
129 79
129 96
129 128
129 157
129 184
129 188
129 211
129 214
129 217
129 218
129 232
129 259
129 271
129 274
129 280
129 285
129 294
129 306
129 307
129 327
129 340
129 344
129 348
129 364
129 365
129 376
129 382
129 407
129 427
129 431
129 438
129 452
129 471
129 476
129 486
129 487
129 492
130 27
130 55
130 101
130 103
130 110
130 120
130 137
130 169
130 175
130 179
130 220
130 223
130 243
130 272
130 294
130 301
130 302
130 306
130 309
130 323
130 331
130 343
130 345
130 350
130 364
130 382
130 416
130 418
130 436
130 443
130 448
130 451
130 452
130 461
130 469
130 477
130 492
131 149
131 300
131 345
131 418
131 432
131 457
131 466
132 144
132 259
132 304
132 324
132 331
132 491
133 6
133 26
133 32
133 47
133 88
133 265
133 364
133 369
133 397
133 413
133 475
133 488
134 2
134 4
134 23
134 26
134 33
134 40
134 51
134 58
134 97
134 117
134 128
134 141
134 186
134 203
134 204
134 222
134 223
134 233
134 238
134 287
134 293
134 295
134 351
134 362
134 407
134 415
134 421
134 432
134 434
134 455
134 491
135 6
135 31
135 100
135 190
135 264
135 279
135 286
135 299
135 304
135 343
135 364
135 406
135 482
135 487
135 497
136 43
136 53
136 63
136 98
136 101
136 166
136 246
136 253
136 300
136 302
136 324
136 325
136 376
136 378
136 409
136 415
136 425
136 471
137 2
137 11
137 22
137 52
137 54
137 58
137 81
137 85
137 96
137 130
137 150
137 167
137 179
137 183
137 186
137 192
137 203
137 204
137 211
137 239
137 243
137 255
137 323
137 335
137 345
137 355
137 358
137 359
137 363
137 373
137 388
137 395
137 399
137 409
137 411
137 415
137 416
137 433
137 448
137 454
137 474
137 485
137 491
138 56
138 94
138 117
138 159
138 194
138 195
138 210
138 221
138 261
138 295
138 322
138 335
138 337
138 354
138 384
138 387
138 406
138 411
138 419
138 420
138 434
138 453
138 487
138 492
138 493
139 2
139 3
139 31
139 33
139 46
139 54
139 88
139 106
139 113
139 114
139 127
139 153
139 165
139 169
139 183
139 193
139 197
139 214
139 215
139 221
139 222
139 239
139 264
139 269
139 279
139 283
139 296
139 312
139 314
139 317
139 325
139 327
139 333
139 336
139 350
139 353
139 355
139 378
139 402
139 416
139 418
139 424
139 425
139 442
139 466
139 473
139 485
139 491
139 498
140 2
140 20
140 27
140 31
140 41
140 42
140 50
140 53
140 57
140 58
140 74
140 80
140 106
140 127
140 168
140 242
140 262
140 287
140 295
140 315
140 324
140 338
140 373
140 392
140 415
140 416
140 422
140 439
140 451
140 462
140 469
140 480
140 482
140 488
141 3
141 9
141 29
141 134
141 222
141 487
142 11
142 13
142 47
142 77
142 87
142 100
142 103
142 111
142 120
142 123
142 127
142 128
142 152
142 155
142 168
142 175
142 199
142 201
142 239
142 246
142 274
142 295
142 306
142 326
142 336
142 354
142 416
142 432
142 438
142 448
142 463
142 464
142 490
142 492
143 58
143 127
143 173
143 221
143 320
143 400
143 476
144 53
144 63
144 103
144 132
144 156
144 244
144 255
144 310
144 409
144 410
145 6
145 10
145 20
145 26
145 45
145 76
145 118
145 153
145 176
145 196
145 197
145 206
145 215
145 264
145 269
145 297
145 356
145 359
145 360
145 387
145 459
145 465
146 31
146 85
146 201
146 259
146 280
146 287
146 411
146 422
146 439
146 467
146 498
147 8
147 41
147 100
147 289
147 336
147 481
147 486
148 124
148 201
148 224
148 247
148 304
148 361
148 376
148 448
148 460
148 461
148 486
149 11
149 44
149 62
149 69
149 131
149 184
149 259
149 269
149 294
149 400
149 492
150 27
150 67
150 137
150 307
150 342
150 370
150 473
150 492
151 72
151 174
151 190
151 197
151 212
151 242
151 258
151 259
152 20
152 25
152 31
152 40
152 46
152 54
152 83
152 91
152 92
152 100
152 101
152 111
152 128
152 142
152 175
152 223
152 225
152 231
152 256
152 296
152 324
152 342
152 345
152 350
152 386
152 437
153 1
153 12
153 27
153 39
153 58
153 63
153 69
153 72
153 94
153 98
153 101
153 139
153 145
153 184
153 192
153 214
153 221
153 223
153 238
153 248
153 253
153 258
153 274
153 279
153 282
153 283
153 292
153 302
153 318
153 326
153 328
153 334
153 342
153 345
153 348
153 350
153 378
153 391
153 408
153 411
153 426
153 432
153 442
153 485
153 486
153 492
154 51
154 186
154 231
154 245
154 255
154 288
154 378
154 417
155 19
155 117
155 142
155 223
155 271
155 308
155 351
155 409
155 420
155 487
155 498
156 41
156 63
156 144
156 158
156 209
156 227
156 343
156 369
156 468
156 476
156 492
157 57
157 63
157 129
157 188
157 242
157 311
158 61
158 80
158 103
158 156
158 192
158 204
158 212
158 221
158 274
158 321
158 355
158 361
158 366
158 368
158 381
158 419
158 446
158 465
158 485
158 494
159 4
159 39
159 41
159 88
159 98
159 138
159 170
159 188
159 189
159 247
159 422
159 441
159 455
159 476
160 3
160 83
160 280
160 312
160 347
160 361
160 376
160 411
161 16
161 42
161 76
161 117
161 124
161 192
161 235
161 301
161 358
161 367
161 399
161 414
161 419
161 446
161 477
161 490
161 491
162 13
162 79
162 111
162 197
162 236
162 242
162 298
162 325
162 390
162 439
162 466
163 25
163 69
163 89
163 127
163 326
163 420
163 452
163 464
163 481
164 40
164 63
164 79
164 88
164 89
164 103
164 111
164 119
164 214
164 224
164 272
164 285
164 328
164 406
164 484
165 14
165 27
165 47
165 98
165 139
165 179
165 203
165 223
165 242
165 272
165 295
165 299
165 300
165 328
165 362
165 380
165 381
165 397
165 408
165 438
165 439
165 474
166 70
166 72
166 136
166 179
166 184
166 243
166 287
166 291
166 343
166 400
166 431
166 453
167 13
167 38
167 137
167 194
167 199
167 287
167 291
167 295
167 310
167 355
167 432
167 461
168 51
168 81
168 98
168 114
168 140
168 142
168 259
168 279
168 298
168 316
168 321
168 347
168 364
168 494
169 31
169 88
169 118
169 130
169 139
169 183
169 195
169 294
169 320
169 337
169 355
169 422
169 477
169 491
170 37
170 57
170 79
170 113
170 159
170 226
170 252
170 272
170 327
170 406
170 414
170 446
170 459
170 480
170 483
171 10
171 66
171 327
171 347
171 382
171 406
171 483
171 495
172 3
172 26
172 41
172 50
172 54
172 61
172 62
172 111
172 116
172 117
172 179
172 183
172 201
172 203
172 236
172 253
172 266
172 293
172 325
172 329
172 346
172 364
172 376
172 383
172 387
172 421
172 482
172 483
173 20
173 27
173 58
173 60
173 94
173 126
173 143
173 195
173 307
173 308
173 309
173 452
173 468
174 28
174 47
174 151
174 218
174 333
174 400
175 9
175 26
175 27
175 30
175 75
175 96
175 108
175 130
175 142
175 152
175 189
175 212
175 214
175 254
175 259
175 266
175 274
175 302
175 310
175 337
175 339
175 356
175 362
175 400
175 408
175 442
175 443
175 453
175 474
175 487
175 490
176 145
176 186
176 197
176 222
176 289
176 325
176 415
176 469
177 183
177 190
177 197
177 295
177 389
177 451
177 459
177 461
178 36
178 40
178 45
178 189
178 212
178 254
178 294
178 339
178 365
178 390
178 415
179 6
179 14
179 26
179 27
179 33
179 45
179 56
179 62
179 108
179 111
179 112
179 130
179 137
179 165
179 166
179 172
179 201
179 204
179 214
179 218
179 253
179 259
179 268
179 269
179 272
179 274
179 295
179 304
179 312
179 318
179 326
179 365
179 369
179 373
179 376
179 432
179 444
179 445
179 454
179 481
179 490
179 494
179 499
180 41
180 76
180 339
180 355
180 397
180 455
180 471
180 492
180 497
181 26
181 27
181 115
181 197
181 205
181 270
181 288
181 292
181 318
181 337
181 356
181 376
181 409
181 434
182 106
182 253
182 279
182 286
182 301
182 302
182 317
182 399
182 456
183 15
183 20
183 21
183 55
183 65
183 70
183 81
183 97
183 114
183 120
183 137
183 139
183 169
183 172
183 177
183 221
183 224
183 239
183 243
183 271
183 286
183 295
183 302
183 345
183 350
183 365
183 370
183 373
183 390
183 416
183 434
183 437
183 442
183 448
183 450
183 468
183 490
183 497
184 12
184 15
184 33
184 39
184 41
184 47
184 51
184 72
184 88
184 91
184 92
184 96
184 98
184 111
184 120
184 129
184 149
184 153
184 166
184 223
184 235
184 236
184 239
184 243
184 247
184 260
184 274
184 282
184 286
184 289
184 296
184 301
184 342
184 361
184 366
184 397
184 409
184 411
184 416
184 418
184 452
184 454
184 480
184 485
185 24
185 26
185 37
185 39
185 88
185 126
185 210
185 228
185 243
185 259
185 294
185 408
185 411
185 415
185 436
185 442
185 443
186 2
186 3
186 22
186 54
186 88
186 94
186 98
186 106
186 120
186 134
186 137
186 154
186 176
186 190
186 206
186 211
186 264
186 271
186 293
186 294
186 306
186 320
186 322
186 347
186 367
186 374
186 379
186 393
186 404
186 405
186 411
186 417
186 453
186 455
186 487
186 494
187 17
187 105
187 111
187 204
187 211
187 254
187 259
187 306
187 307
187 405
188 45
188 86
188 129
188 157
188 159
188 243
188 301
188 366
188 375
188 477
188 483
188 490
189 26
189 66
189 159
189 175
189 178
189 204
190 6
190 20
190 38
190 39
190 47
190 64
190 66
190 84
190 94
190 98
190 135
190 151
190 177
190 186
190 223
190 228
190 239
190 244
190 302
190 308
190 310
190 330
190 341
190 342
190 355
190 367
190 382
191 30
191 42
191 52
191 265
191 345
191 378
191 391
192 30
192 38
192 41
192 81
192 82
192 96
192 111
192 117
192 127
192 137
192 153
192 158
192 161
192 201
192 205
192 215
192 223
192 227
192 231
192 238
192 239
192 255
192 260
192 271
192 286
192 289
192 298
192 318
192 322
192 356
192 364
192 367
192 376
192 381
192 386
192 405
192 438
192 442
192 450
192 459
192 460
192 461
192 469
192 492
193 13
193 93
193 139
193 356
193 357
193 466
194 37
194 51
194 98
194 138
194 167
194 197
194 236
194 247
194 356
194 358
194 409
194 418
194 442
194 472
194 475
194 480
195 71
195 94
195 118
195 138
195 169
195 173
195 212
195 214
195 258
195 275
195 289
195 302
195 399
195 405
195 411
195 446
195 461
195 496
196 9
196 40
196 145
196 214
196 322
196 406
196 407
196 415
196 476
197 17
197 22
197 27
197 38
197 55
197 57
197 66
197 67
197 69
197 80
197 81
197 99
197 119
197 139
197 145
197 151
197 162
197 176
197 177
197 181
197 194
197 205
197 208
197 217
197 231
197 238
197 245
197 256
197 257
197 277
197 293
197 296
197 299
197 306
197 310
197 326
197 408
197 420
197 424
197 428
197 446
197 481
197 485
197 492
197 493
197 498
198 46
198 72
198 99
198 261
198 266
198 337
198 356
198 448
198 454
199 28
199 43
199 117
199 142
199 167
199 240
199 244
199 335
199 373
199 382
199 432
199 477
199 493
200 8
200 21
200 56
200 65
200 280
200 301
200 335
200 346
200 356
200 369
200 388
200 444
201 9
201 13
201 14
201 17
201 20
201 21
201 38
201 40
201 82
201 92
201 98
201 117
201 142
201 146
201 148
201 172
201 179
201 192
201 212
201 222
201 223
201 225
201 228
201 245
201 251
201 254
201 259
201 274
201 300
201 317
201 326
201 327
201 329
201 335
201 339
201 343
201 346
201 363
201 365
201 400
201 415
201 417
201 429
201 444
201 448
201 468
201 476
201 487
201 491
202 7
202 24
202 64
202 115
202 399
202 409
202 434
202 438
202 442
203 43
203 48
203 50
203 64
203 106
203 128
203 134
203 137
203 165
203 172
203 267
203 301
203 304
203 424
203 425
203 439
204 50
204 55
204 58
204 72
204 98
204 134
204 137
204 158
204 179
204 187
204 189
204 213
204 216
204 220
204 222
204 236
204 241
204 247
204 269
204 274
204 287
204 295
204 304
204 311
204 323
204 343
204 350
204 387
204 389
204 394
204 400
204 405
204 409
204 428
204 456
204 468
204 470
204 473
204 492
204 497
205 3
205 13
205 17
205 27
205 30
205 37
205 55
205 58
205 60
205 69
205 79
205 84
205 93
205 104
205 113
205 181
205 192
205 197
205 218
205 223
205 247
205 254
205 261
205 288
205 293
205 297
205 311
205 316
205 318
205 324
205 419
205 437
205 446
205 455
205 483
205 492
205 498
206 26
206 43
206 81
206 103
206 118
206 145
206 186
206 248
206 308
207 289
207 291
207 355
207 364
207 393
207 442
208 31
208 37
208 100
208 104
208 197
208 253
208 309
208 341
208 389
208 412
208 415
208 416
208 461
209 40
209 41
209 45
209 95
209 156
209 231
209 238
209 264
209 269
209 271
209 287
209 306
209 450
210 58
210 119
210 138
210 185
210 239
210 266
210 277
210 345
210 396
210 420
210 431
211 27
211 51
211 53
211 55
211 58
211 67
211 71
211 86
211 118
211 129
211 137
211 186
211 187
211 221
211 261
211 289
211 301
211 306
211 343
211 358
211 376
211 382
211 383
211 404
211 409
211 411
211 412
211 433
211 438
211 446
211 460
211 466
211 468
212 32
212 33
212 45
212 51
212 52
212 151
212 158
212 175
212 178
212 195
212 201
212 258
212 266
212 269
212 280
212 288
212 289
212 304
212 314
212 317
212 319
212 326
212 343
212 345
212 361
212 374
212 396
212 410
212 411
212 464
212 472
212 474
212 481
212 485
212 492
213 117
213 204
213 253
213 280
213 290
213 300
213 339
213 405
213 446
214 14
214 27
214 30
214 91
214 94
214 103
214 109
214 118
214 119
214 129
214 139
214 153
214 164
214 175
214 179
214 195
214 196
214 221
214 223
214 236
214 238
214 239
214 256
214 288
214 289
214 293
214 298
214 300
214 319
214 326
214 353
214 359
214 368
214 370
214 392
214 405
214 408
214 409
214 411
214 441
214 448
214 453
214 474
214 479
214 491
214 500
215 62
215 103
215 139
215 145
215 192
215 222
215 333
215 406
215 431
215 495
216 26
216 39
216 54
216 55
216 204
216 230
216 298
216 368
216 442
217 12
217 13
217 37
217 53
217 95
217 103
217 122
217 125
217 129
217 197
217 339
217 363
217 420
217 423
217 442
217 461
218 24
218 26
218 27
218 37
218 51
218 72
218 79
218 93
218 103
218 122
218 129
218 174
218 179
218 205
218 256
218 271
218 275
218 296
218 329
218 337
218 355
218 363
218 371
218 402
218 411
218 432
218 469
218 497
219 55
219 79
219 81
219 223
219 231
219 243
219 271
219 287
219 293
219 345
219 483
219 488
219 498
220 24
220 114
220 130
220 204
220 302
220 304
220 316
220 326
220 345
220 370
220 373
220 424
220 453
220 454
220 477
221 3
221 13
221 20
221 27
221 29
221 47
221 55
221 87
221 98
221 108
221 111
221 118
221 138
221 139
221 143
221 153
221 158
221 183
221 211
221 214
221 231
221 239
221 247
221 267
221 268
221 269
221 271
221 282
221 290
221 291
221 305
221 356
221 376
221 378
221 391
221 396
221 407
221 411
221 418
221 427
221 446
221 466
221 469
222 3
222 11
222 12
222 13
222 24
222 26
222 29
222 32
222 38
222 55
222 64
222 85
222 109
222 134
222 139
222 141
222 176
222 201
222 204
222 215
222 251
222 258
222 259
222 260
222 269
222 304
222 308
222 310
222 329
222 338
222 339
222 343
222 346
222 347
222 359
222 360
222 422
222 427
222 432
222 441
222 446
222 455
222 469
222 470
222 473
222 481
223 6
223 31
223 38
223 100
223 106
223 117
223 130
223 134
223 152
223 153
223 155
223 165
223 184
223 190
223 192
223 201
223 205
223 214
223 219
223 248
223 274
223 296
223 330
223 345
223 351
223 355
223 366
223 371
223 376
223 408
223 412
223 418
223 427
223 430
223 444
223 461
223 464
223 467
223 474
223 475
223 485
223 492
223 497
224 13
224 27
224 60
224 74
224 148
224 164
224 183
224 226
224 238
224 303
224 327
224 413
224 434
225 18
225 25
225 26
225 27
225 32
225 41
225 42
225 98
225 100
225 108
225 152
225 201
225 258
225 268
225 311
225 337
225 339
225 356
225 405
225 411
225 435
225 438
225 439
225 483
225 492
226 56
226 86
226 87
226 106
226 125
226 170
226 224
226 242
226 253
226 269
226 294
226 345
226 378
226 381
226 414
226 418
226 431
226 434
226 497
227 31
227 76
227 81
227 88
227 105
227 109
227 128
227 156
227 192
227 274
227 287
227 321
227 330
227 331
227 345
227 358
227 366
227 436
227 471
228 4
228 44
228 45
228 47
228 66
228 88
228 124
228 185
228 190
228 201
228 260
228 304
228 397
228 468
229 37
229 113
229 237
229 272
229 276
229 444
229 451
229 492
230 6
230 108
230 216
230 249
230 271
230 356
230 360
230 407
230 427
230 454
231 62
231 77
231 79
231 82
231 96
231 121
231 152
231 154
231 192
231 197
231 209
231 219
231 221
231 239
231 242
231 264
231 287
231 319
231 326
231 352
231 391
231 437
231 459
231 494
232 124
232 129
232 282
232 346
232 386
232 442
232 446
232 458
232 498
233 2
233 3
233 8
233 15
233 30
233 39
233 103
233 108
233 134
233 236
233 317
233 354
233 364
233 365
233 405
233 477
234 13
234 112
234 327
234 346
234 356
234 357
234 415
235 26
235 36
235 161
235 184
235 261
235 271
235 364
235 447
235 448
235 488
236 17
236 27
236 32
236 33
236 37
236 56
236 77
236 78
236 101
236 110
236 162
236 172
236 184
236 194
236 204
236 214
236 233
236 242
236 258
236 283
236 306
236 332
236 340
236 345
236 364
236 385
236 419
236 430
236 433
236 464
236 497
237 33
237 53
237 229
237 302
237 446
237 487
238 2
238 45
238 56
238 66
238 72
238 80
238 134
238 153
238 192
238 197
238 209
238 214
238 224
238 243
238 253
238 254
238 267
238 281
238 283
238 313
238 325
238 353
238 355
238 393
238 411
238 434
238 442
238 450
238 494
239 2
239 8
239 13
239 18
239 47
239 54
239 63
239 79
239 82
239 85
239 95
239 102
239 113
239 115
239 118
239 120
239 137
239 139
239 142
239 183
239 184
239 190
239 192
239 210
239 214
239 221
239 231
239 243
239 254
239 260
239 266
239 286
239 289
239 295
239 302
239 345
239 354
239 356
239 376
239 377
239 378
239 390
239 405
239 407
239 438
239 447
239 466
239 481
240 4
240 25
240 89
240 106
240 108
240 199
240 264
240 321
240 373
240 381
240 385
240 415
240 446
240 487
241 3
241 33
241 45
241 96
241 123
241 204
241 261
241 359
241 367
241 384
242 12
242 13
242 14
242 20
242 26
242 51
242 62
242 81
242 96
242 108
242 109
242 120
242 140
242 151
242 157
242 162
242 165
242 226
242 231
242 236
242 258
242 261
242 264
242 267
242 272
242 274
242 283
242 291
242 292
242 295
242 302
242 305
242 343
242 349
242 390
242 420
242 430
242 442
242 468
242 476
242 480
242 494
243 13
243 26
243 28
243 39
243 47
243 52
243 54
243 62
243 69
243 81
243 83
243 85
243 97
243 102
243 117
243 130
243 137
243 166
243 183
243 184
243 185
243 188
243 219
243 238
243 239
243 253
243 259
243 272
243 278
243 282
243 294
243 304
243 306
243 308
243 325
243 335
243 350
243 351
243 364
243 367
243 377
243 380
243 411
243 417
243 448
243 477
243 489
243 490
244 9
244 45
244 56
244 61
244 80
244 101
244 111
244 112
244 144
244 190
244 199
244 253
244 259
244 261
244 300
244 311
244 343
244 357
244 451
244 468
244 473
245 13
245 20
245 41
245 79
245 98
245 154
245 197
245 201
245 272
245 288
245 290
245 293
245 310
245 343
245 477
246 71
246 103
246 136
246 142
246 369
246 487
247 3
247 10
247 26
247 37
247 39
247 51
247 52
247 55
247 81
247 85
247 100
247 109
247 110
247 111
247 120
247 148
247 159
247 184
247 194
247 204
247 205
247 221
247 255
247 259
247 284
247 287
247 309
247 310
247 322
247 326
247 342
247 355
247 358
247 363
247 366
247 369
247 381
247 416
247 422
247 434
247 465
247 469
247 478
247 480
247 492
248 16
248 51
248 54
248 153
248 206
248 223
248 290
248 326
248 459
248 487
249 107
249 230
249 328
249 447
249 483
249 485
250 55
250 113
250 329
250 333
250 438
250 461
250 469
250 482
250 483
251 98
251 201
251 222
251 343
251 355
251 394
251 485
252 22
252 26
252 37
252 41
252 69
252 76
252 170
252 279
252 287
252 294
252 312
252 378
252 382
252 449
252 452
252 464
252 480
253 79
253 83
253 90
253 118
253 125
253 136
253 153
253 172
253 179
253 182
253 208
253 213
253 226
253 238
253 243
253 244
253 295
253 324
253 331
253 336
253 338
253 346
253 349
253 350
253 358
253 370
253 378
253 439
253 470
253 473
253 480
253 485
253 497
254 19
254 27
254 30
254 39
254 84
254 85
254 100
254 117
254 175
254 178
254 187
254 201
254 205
254 238
254 239
254 272
254 304
254 306
254 314
254 320
254 390
254 410
254 433
254 465
254 473
254 478
254 481
254 485
254 490
255 3
255 15
255 37
255 65
255 80
255 100
255 108
255 137
255 144
255 154
255 192
255 247
255 262
255 264
255 269
255 281
255 282
255 296
255 299
255 326
255 364
255 376
255 393
255 409
255 431
255 434
255 465
255 472
255 489
256 87
256 106
256 108
256 152
256 197
256 214
256 218
256 263
256 293
256 324
256 325
256 333
256 382
256 410
256 439
256 442
256 450
256 478
256 494
257 80
257 197
257 287
257 405
257 413
257 452
258 6
258 19
258 37
258 48
258 51
258 58
258 87
258 104
258 106
258 118
258 120
258 151
258 153
258 195
258 212
258 222
258 225
258 236
258 242
258 267
258 285
258 298
258 301
258 309
258 339
258 357
258 363
258 366
258 374
258 407
258 412
258 418
258 448
258 468
258 494
259 9
259 18
259 31
259 32
259 37
259 44
259 45
259 46
259 53
259 54
259 60
259 88
259 100
259 104
259 108
259 118
259 122
259 129
259 132
259 146
259 149
259 151
259 168
259 175
259 179
259 185
259 187
259 201
259 222
259 243
259 244
259 247
259 264
259 300
259 319
259 333
259 357
259 365
259 382
259 391
259 397
259 412
259 420
259 432
259 436
259 450
259 477
260 31
260 80
260 95
260 117
260 184
260 192
260 222
260 228
260 239
260 264
260 295
260 343
260 356
260 439
260 445
260 453
260 487
261 3
261 13
261 19
261 26
261 47
261 54
261 59
261 65
261 83
261 90
261 93
261 108
261 111
261 113
261 124
261 138
261 198
261 205
261 211
261 235
261 241
261 242
261 244
261 271
261 275
261 294
261 302
261 317
261 322
261 326
261 343
261 356
261 364
261 382
261 386
261 391
261 398
261 412
261 417
261 418
261 432
261 474
261 479
261 492
262 2
262 9
262 140
262 255
262 282
262 287
262 301
262 408
262 411
262 419
263 256
263 274
263 301
263 305
263 363
263 415
263 432
263 461
263 474
264 2
264 3
264 18
264 37
264 38
264 43
264 47
264 58
264 59
264 71
264 81
264 98
264 112
264 117
264 120
264 135
264 139
264 145
264 186
264 209
264 231
264 240
264 242
264 255
264 259
264 260
264 266
264 282
264 286
264 310
264 319
264 324
264 343
264 379
264 388
264 419
264 423
264 450
264 453
264 457
264 470
264 487
265 94
265 133
265 191
265 271
265 364
265 492
266 12
266 27
266 41
266 44
266 51
266 54
266 71
266 96
266 121
266 128
266 172
266 175
266 198
266 210
266 212
266 239
266 264
266 286
266 290
266 304
266 310
266 342
266 350
266 363
266 373
266 422
266 425
266 438
266 446
266 469
266 478
266 494
266 497
267 9
267 46
267 88
267 106
267 112
267 203
267 221
267 238
267 242
267 258
267 366
267 385
267 445
267 469
268 2
268 26
268 41
268 81
268 90
268 92
268 118
268 179
268 221
268 225
268 271
268 276
268 306
268 315
268 325
268 344
268 383
268 397
268 461
268 483
268 492
269 15
269 31
269 33
269 41
269 58
269 84
269 103
269 108
269 128
269 139
269 145
269 149
269 179
269 204
269 209
269 212
269 221
269 222
269 226
269 255
269 306
269 308
269 313
269 333
269 345
269 376
269 381
269 411
269 412
269 431
269 442
269 462
269 485
270 27
270 62
270 96
270 181
270 280
270 286
270 300
270 467
271 3
271 19
271 47
271 52
271 55
271 72
271 80
271 90
271 96
271 99
271 108
271 109
271 129
271 155
271 183
271 186
271 192
271 209
271 218
271 219
271 221
271 230
271 235
271 261
271 265
271 268
271 275
271 288
271 291
271 293
271 294
271 302
271 317
271 326
271 345
271 356
271 364
271 384
271 415
271 464
271 469
272 4
272 6
272 31
272 42
272 44
272 114
272 130
272 164
272 165
272 170
272 179
272 229
272 242
272 243
272 245
272 254
272 304
272 308
272 339
272 345
272 352
272 361
272 363
272 373
272 374
272 380
272 409
272 425
272 431
272 452
272 454
272 492
273 19
273 63
273 117
273 337
273 424
273 473
274 9
274 15
274 19
274 37
274 46
274 56
274 58
274 71
274 85
274 88
274 94
274 98
274 103
274 120
274 129
274 142
274 153
274 158
274 175
274 179
274 184
274 201
274 204
274 223
274 227
274 242
274 263
274 282
274 286
274 289
274 301
274 336
274 337
274 342
274 366
274 376
274 397
274 435
274 439
274 443
274 461
274 484
275 37
275 39
275 60
275 68
275 69
275 104
275 108
275 117
275 195
275 218
275 261
275 271
275 279
275 285
275 295
275 310
275 348
275 353
275 356
275 364
275 382
275 391
275 394
275 426
275 485
276 15
276 37
276 100
276 229
276 268
276 311
276 321
276 378
276 442
276 446
276 473
277 47
277 79
277 197
277 210
277 346
277 376
277 393
277 432
277 446
277 476
278 101
278 243
278 313
278 348
278 356
278 366
278 461
278 468
279 44
279 46
279 69
279 80
279 84
279 98
279 104
279 117
279 135
279 139
279 153
279 168
279 182
279 252
279 275
279 286
279 294
279 295
279 319
279 342
279 376
279 409
279 422
280 9
280 10
280 20
280 96
280 129
280 146
280 160
280 200
280 212
280 213
280 270
280 285
280 289
280 362
280 384
280 418
280 423
280 439
280 456
280 469
280 482
281 36
281 238
281 255
281 290
281 295
281 302
281 346
281 351
281 357
281 367
281 377
281 406
281 408
281 413
281 414
281 476
281 485
281 492
282 50
282 51
282 56
282 58
282 81
282 119
282 153
282 184
282 221
282 232
282 243
282 255
282 262
282 264
282 274
282 286
282 288
282 294
282 306
282 313
282 332
282 342
282 346
282 354
282 356
282 364
282 381
282 408
282 409
282 416
282 418
282 427
282 429
282 448
282 459
282 461
282 479
282 481
282 490
283 83
283 139
283 153
283 236
283 238
283 242
283 324
283 370
284 82
284 247
284 291
284 293
284 304
284 349
284 412
284 415
285 20
285 31
285 53
285 80
285 96
285 100
285 106
285 115
285 129
285 164
285 258
285 275
285 280
285 298
285 309
285 342
285 384
285 404
285 405
285 418
285 430
285 436
285 453
285 476
285 483
286 2
286 12
286 13
286 16
286 31
286 33
286 55
286 66
286 72
286 88
286 94
286 98
286 117
286 127
286 135
286 182
286 183
286 184
286 192
286 239
286 264
286 266
286 270
286 274
286 279
286 282
286 296
286 301
286 311
286 320
286 321
286 335
286 336
286 342
286 343
286 350
286 357
286 364
286 366
286 382
286 396
286 413
286 415
286 422
286 432
286 461
286 471
286 500
287 9
287 11
287 19
287 20
287 23
287 30
287 54
287 71
287 79
287 114
287 116
287 124
287 134
287 140
287 146
287 166
287 167
287 204
287 209
287 219
287 227
287 231
287 247
287 252
287 257
287 262
287 336
287 376
287 391
287 399
287 400
287 429
287 448
287 454
287 477
287 478
287 480
287 483
287 491
288 9
288 51
288 55
288 75
288 79
288 85
288 96
288 154
288 181
288 205
288 212
288 214
288 245
288 271
288 282
288 295
288 305
288 343
288 360
288 371
288 381
288 390
288 417
288 428
288 430
288 444
288 471
288 485
288 487
289 58
289 76
289 84
289 85
289 106
289 109
289 118
289 119
289 147
289 176
289 184
289 192
289 195
289 207
289 211
289 212
289 214
289 239
289 274
289 280
289 297
289 304
289 312
289 329
289 341
289 342
289 388
289 419
289 471
289 481
289 486
289 496
290 14
290 38
290 94
290 213
290 221
290 245
290 248
290 266
290 281
290 321
290 370
290 411
290 474
291 26
291 66
291 77
291 85
291 166
291 167
291 207
291 221
291 242
291 271
291 284
291 299
291 308
291 329
291 333
291 346
291 398
291 435
291 452
291 459
291 468
291 498
292 48
292 58
292 153
292 181
292 242
292 302
292 364
293 56
293 58
293 134
293 172
293 186
293 197
293 205
293 214
293 219
293 245
293 256
293 271
293 284
293 380
293 414
293 420
293 481
293 489
294 9
294 14
294 21
294 61
294 62
294 118
294 129
294 130
294 149
294 169
294 178
294 185
294 186
294 226
294 243
294 252
294 261
294 271
294 279
294 282
294 310
294 344
294 345
294 358
294 365
294 366
294 376
294 400
294 408
294 411
294 415
294 432
294 442
294 454
294 455
294 463
294 466
294 469
294 477
294 480
294 481
294 491
295 8
295 27
295 28
295 47
295 48
295 50
295 54
295 56
295 72
295 106
295 117
295 134
295 138
295 140
295 142
295 165
295 167
295 177
295 179
295 183
295 204
295 239
295 242
295 253
295 260
295 275
295 279
295 281
295 288
295 306
295 317
295 323
295 326
295 401
295 425
295 430
295 491
295 492
296 13
296 46
296 58
296 77
296 96
296 98
296 119
296 139
296 152
296 184
296 197
296 218
296 223
296 255
296 286
296 328
296 358
296 363
296 366
296 459
296 473
296 498
297 145
297 205
297 289
297 303
297 324
297 451
298 11
298 13
298 32
298 59
298 81
298 101
298 118
298 162
298 168
298 192
298 214
298 216
298 258
298 285
298 304
298 336
298 355
298 365
298 418
298 420
298 423
298 498
298 499
299 4
299 11
299 29
299 135
299 165
299 197
299 255
299 291
299 350
299 426
299 464
299 468
299 477
299 490
299 494
300 13
300 14
300 24
300 32
300 33
300 37
300 46
300 47
300 52
300 56
300 67
300 104
300 106
300 117
300 118
300 131
300 136
300 165
300 201
300 213
300 214
300 244
300 259
300 270
300 302
300 326
300 333
300 335
300 342
300 344
300 348
300 356
300 366
300 373
300 381
300 391
300 396
300 433
300 439
300 448
300 450
300 465
301 2
301 3
301 39
301 41
301 80
301 86
301 88
301 91
301 98
301 112
301 130
301 161
301 182
301 184
301 188
301 200
301 203
301 211
301 258
301 262
301 263
301 274
301 286
301 312
301 317
301 328
301 329
301 341
301 342
301 351
301 398
301 418
301 420
301 432
301 449
301 452
301 476
301 479
302 85
302 96
302 130
302 136
302 153
302 175
302 182
302 183
302 190
302 195
302 220
302 237
302 239
302 242
302 261
302 271
302 281
302 292
302 300
302 308
302 374
302 389
302 398
302 411
302 415
302 476
302 481
302 494
303 30
303 43
303 87
303 224
303 297
303 350
303 372
304 6
304 20
304 24
304 31
304 36
304 51
304 71
304 94
304 96
304 100
304 128
304 132
304 135
304 148
304 179
304 203
304 204
304 212
304 220
304 222
304 228
304 243
304 254
304 266
304 272
304 284
304 289
304 298
304 310
304 312
304 314
304 317
304 318
304 337
304 350
304 358
304 365
304 391
304 415
304 417
304 426
304 432
304 444
304 464
304 465
304 478
304 481
304 488
304 494
305 81
305 221
305 242
305 263
305 288
305 309
305 324
305 408
305 439
305 470
305 474
305 485
306 30
306 31
306 55
306 65
306 99
306 118
306 129
306 130
306 142
306 186
306 187
306 197
306 209
306 211
306 236
306 243
306 254
306 268
306 269
306 282
306 295
306 310
306 312
306 337
306 343
306 356
306 408
306 418
306 452
306 469
306 494
307 46
307 56
307 89
307 97
307 129
307 150
307 173
307 187
307 343
307 432
307 487
308 28
308 37
308 47
308 55
308 65
308 66
308 79
308 81
308 100
308 108
308 155
308 173
308 190
308 206
308 222
308 243
308 269
308 272
308 291
308 302
308 317
308 326
308 339
308 367
308 382
308 446
308 474
308 485
308 492
309 3
309 9
309 31
309 38
309 39
309 58
309 80
309 100
309 107
309 130
309 173
309 208
309 247
309 258
309 285
309 305
309 325
309 348
309 350
309 394
309 414
309 418
309 422
309 448
310 3
310 14
310 38
310 144
310 167
310 175
310 190
310 197
310 222
310 245
310 247
310 264
310 266
310 275
310 294
310 304
310 306
310 315
310 337
310 365
310 400
310 432
310 442
310 446
310 476
311 3
311 28
311 93
311 117
311 118
311 157
311 204
311 205
311 225
311 244
311 276
311 286
311 317
311 318
311 344
311 364
311 373
311 382
311 452
312 12
312 16
312 50
312 55
312 72
312 79
312 122
312 139
312 160
312 179
312 252
312 289
312 301
312 304
312 306
312 350
312 366
312 378
312 414
312 432
312 458
312 473
313 49
313 93
313 112
313 120
313 238
313 269
313 278
313 282
313 344
313 452
313 461
313 464
313 499
314 51
314 139
314 212
314 254
314 304
314 324
314 334
314 351
314 378
314 411
314 417
314 483
315 87
315 90
315 106
315 140
315 268
315 310
315 405
315 418
316 77
316 112
316 168
316 205
316 220
316 317
316 347
316 411
316 454
316 497
317 16
317 71
317 80
317 97
317 106
317 124
317 139
317 182
317 201
317 212
317 233
317 261
317 271
317 295
317 301
317 304
317 308
317 311
317 316
317 325
317 335
317 339
317 340
317 353
317 362
317 367
317 409
317 419
317 420
317 438
317 443
317 483
317 490
317 497
318 25
318 45
318 54
318 153
318 179
318 181
318 192
318 205
318 304
318 311
318 349
318 400
318 416
318 422
319 35
319 79
319 117
319 212
319 214
319 231
319 259
319 264
319 279
319 360
319 415
319 422
319 439
320 2
320 85
320 143
320 169
320 186
320 254
320 286
320 321
320 356
320 364
320 375
320 405
320 414
320 483
321 18
321 73
321 83
321 158
321 168
321 227
321 240
321 276
321 286
321 290
321 320
321 344
321 373
321 420
321 446
321 476
321 481
321 491
322 138
322 186
322 192
322 196
322 247
322 261
322 342
322 434
322 439
322 481
322 490
323 2
323 76
323 79
323 130
323 137
323 204
323 295
323 333
323 338
323 339
323 350
323 387
323 405
323 406
323 407
323 417
323 472
323 473
323 486
323 492
324 5
324 38
324 60
324 66
324 112
324 132
324 136
324 140
324 152
324 205
324 253
324 256
324 264
324 283
324 297
324 305
324 314
324 359
324 363
324 378
324 382
324 385
324 397
324 399
324 432
324 464
324 476
324 477
324 497
325 9
325 15
325 47
325 50
325 79
325 81
325 96
325 136
325 139
325 162
325 172
325 176
325 238
325 243
325 256
325 268
325 309
325 317
325 362
325 369
325 455
325 464
325 488
326 11
326 42
326 43
326 44
326 63
326 99
326 106
326 107
326 111
326 142
326 153
326 163
326 179
326 197
326 201
326 212
326 214
326 220
326 231
326 247
326 248
326 255
326 261
326 271
326 295
326 300
326 308
326 354
326 398
326 401
326 409
326 432
326 433
326 438
326 446
326 456
326 458
326 463
327 69
327 102
327 114
327 117
327 129
327 139
327 170
327 171
327 201
327 224
327 234
327 376
327 409
327 440
327 466
327 474
327 480
327 485
327 493
328 79
328 98
328 122
328 153
328 164
328 165
328 249
328 296
328 301
328 477
329 3
329 4
329 33
329 48
329 60
329 62
329 65
329 80
329 103
329 106
329 172
329 201
329 218
329 222
329 250
329 289
329 291
329 301
329 351
329 354
329 408
329 442
329 452
329 473
329 481
329 492
330 32
330 50
330 54
330 94
330 103
330 190
330 223
330 227
330 343
330 433
330 448
331 76
331 130
331 132
331 227
331 253
331 337
331 493
332 51
332 61
332 83
332 236
332 282
332 344
332 406
332 431
333 32
333 38
333 52
333 54
333 56
333 63
333 100
333 118
333 139
333 174
333 215
333 250
333 256
333 259
333 269
333 291
333 300
333 323
333 343
333 406
333 422
333 427
333 495
333 497
334 19
334 88
334 153
334 314
334 339
334 389
334 442
334 485
335 31
335 91
335 137
335 138
335 199
335 200
335 201
335 243
335 286
335 300
335 317
335 419
335 455
335 468
335 493
335 498
336 4
336 32
336 47
336 54
336 56
336 139
336 142
336 147
336 253
336 274
336 286
336 287
336 298
336 346
336 357
336 362
336 400
336 461
336 494
337 40
337 41
337 45
337 58
337 72
337 79
337 80
337 82
337 102
337 110
337 112
337 117
337 138
337 169
337 175
337 181
337 198
337 218
337 225
337 273
337 274
337 304
337 306
337 310
337 331
337 343
337 391
337 418
337 428
337 464
337 472
337 478
337 487
337 491
337 498
338 4
338 31
338 140
338 222
338 253
338 323
338 339
338 365
338 396
338 418
338 466
338 472
339 6
339 39
339 47
339 69
339 122
339 175
339 178
339 180
339 201
339 213
339 217
339 222
339 225
339 258
339 272
339 308
339 317
339 323
339 334
339 338
339 398
339 407
339 418
339 419
339 450
339 498
340 8
340 129
340 236
340 317
340 418
340 422
341 42
341 47
341 100
341 106
341 190
341 208
341 289
341 301
341 346
341 425
341 446
341 455
342 8
342 37
342 50
342 51
342 61
342 96
342 98
342 106
342 150
342 152
342 153
342 184
342 190
342 247
342 266
342 274
342 279
342 282
342 285
342 286
342 289
342 300
342 301
342 322
342 382
342 422
342 455
342 471
342 492
343 16
343 43
343 80
343 92
343 127
343 130
343 135
343 156
343 166
343 201
343 204
343 211
343 212
343 222
343 242
343 244
343 245
343 251
343 260
343 261
343 264
343 286
343 288
343 306
343 307
343 330
343 333
343 337
343 353
343 356
343 357
343 372
343 385
343 405
343 407
343 408
343 412
343 416
343 427
343 446
343 454
343 457
343 464
343 481
343 487
343 490
343 492
344 16
344 78
344 121
344 129
344 268
344 294
344 300
344 311
344 313
344 321
344 332
344 356
344 367
344 408
345 12
345 13
345 27
345 56
345 58
345 81
345 85
345 86
345 93
345 94
345 118
345 120
345 128
345 130
345 131
345 137
345 152
345 153
345 183
345 191
345 210
345 212
345 219
345 220
345 223
345 226
345 227
345 236
345 239
345 269
345 271
345 272
345 294
345 347
345 376
345 384
345 472
345 481
345 485
345 487
346 51
346 54
346 73
346 108
346 172
346 200
346 201
346 222
346 232
346 234
346 253
346 277
346 281
346 282
346 291
346 336
346 341
346 404
346 476
346 494
347 26
347 102
347 160
347 168
347 171
347 186
347 222
347 316
347 345
347 415
347 417
347 439
347 474
347 485
347 494
348 16
348 93
348 95
348 129
348 153
348 275
348 278
348 300
348 309
348 391
348 420
348 486
348 491
349 9
349 31
349 81
349 113
349 242
349 253
349 284
349 318
349 370
349 382
350 13
350 33
350 37
350 38
350 51
350 54
350 96
350 113
350 130
350 139
350 152
350 153
350 183
350 204
350 243
350 253
350 266
350 286
350 299
350 303
350 304
350 309
350 312
350 323
350 366
350 377
350 398
350 401
350 405
350 413
350 440
350 441
350 461
350 473
350 477
350 484
350 487
351 2
351 31
351 73
351 76
351 134
351 155
351 223
351 243
351 281
351 301
351 314
351 329
351 408
351 417
351 420
351 439
352 11
352 41
352 231
352 272
352 371
352 393
352 406
352 430
352 481
352 485
353 4
353 30
353 69
353 72
353 139
353 214
353 238
353 275
353 317
353 343
353 357
353 374
353 391
353 396
353 420
353 442
353 459
353 468
353 482
353 485
353 486
354 21
354 38
354 138
354 142
354 233
354 239
354 282
354 326
354 329
354 358
354 452
354 475
354 495
355 6
355 21
355 24
355 28
355 47
355 48
355 93
355 137
355 139
355 158
355 167
355 169
355 180
355 190
355 207
355 218
355 223
355 238
355 247
355 251
355 298
355 356
355 398
355 409
355 418
355 432
355 454
355 459
355 476
355 481
356 23
356 47
356 66
356 77
356 79
356 90
356 98
356 100
356 108
356 145
356 175
356 181
356 192
356 193
356 194
356 198
356 200
356 221
356 225
356 230
356 234
356 239
356 260
356 261
356 271
356 275
356 278
356 282
356 300
356 306
356 320
356 343
356 344
356 355
356 358
356 364
356 375
356 422
356 438
356 450
356 452
356 468
356 495
357 193
357 234
357 244
357 258
357 259
357 281
357 286
357 336
357 343
357 353
357 439
357 498
358 14
358 80
358 96
358 98
358 137
358 161
358 194
358 211
358 227
358 247
358 253
358 294
358 296
358 304
358 354
358 356
358 407
358 425
358 432
358 453
358 461
358 474
358 477
358 491
359 100
359 137
359 145
359 214
359 222
359 241
359 324
359 415
359 438
359 454
359 461
359 477
360 55
360 145
360 222
360 230
360 288
360 319
360 374
360 384
360 481
361 30
361 148
361 158
361 160
361 184
361 212
361 272
361 366
361 411
362 18
362 85
362 99
362 112
362 134
362 165
362 175
362 280
362 317
362 325
362 336
362 433
363 2
363 38
363 44
363 62
363 74
363 137
363 201
363 217
363 218
363 247
363 258
363 263
363 266
363 272
363 296
363 324
363 382
363 427
363 432
363 452
363 458
364 31
364 35
364 47
364 51
364 58
364 94
364 106
364 108
364 117
364 129
364 130
364 133
364 135
364 168
364 172
364 192
364 207
364 233
364 235
364 236
364 243
364 255
364 261
364 265
364 271
364 275
364 282
364 286
364 292
364 311
364 320
364 356
364 366
364 405
364 409
364 412
364 418
364 442
364 446
364 477
365 2
365 31
365 40
365 63
365 94
365 129
365 178
365 179
365 183
365 201
365 233
365 259
365 294
365 298
365 304
365 310
365 338
365 425
365 428
365 442
365 458
365 461
365 464
365 474
365 477
365 480
366 2
366 31
366 61
366 69
366 79
366 88
366 98
366 107
366 108
366 124
366 158
366 184
366 188
366 223
366 227
366 247
366 258
366 267
366 274
366 278
366 286
366 294
366 296
366 300
366 312
366 350
366 361
366 364
366 367
366 391
366 408
366 424
366 425
366 438
366 468
366 483
366 491
367 3
367 13
367 24
367 30
367 37
367 47
367 66
367 100
367 120
367 161
367 186
367 190
367 192
367 241
367 243
367 281
367 308
367 317
367 344
367 366
367 470
368 12
368 55
368 79
368 158
368 214
368 216
369 9
369 26
369 30
369 81
369 133
369 156
369 179
369 200
369 246
369 247
369 325
369 378
369 418
369 433
369 439
369 446
369 481
369 491
370 51
370 150
370 183
370 214
370 220
370 253
370 283
370 290
370 349
370 375
370 411
370 452
371 218
371 223
371 288
371 352
371 417
371 427
371 483
372 21
372 303
372 343
372 426
372 437
372 440
372 474
373 38
373 44
373 137
373 140
373 179
373 183
373 199
373 220
373 240
373 266
373 272
373 300
373 311
373 321
373 420
373 446
374 186
374 212
374 258
374 272
374 302
374 353
374 360
374 442
374 483
375 30
375 103
375 188
375 320
375 356
375 370
375 395
375 422
375 423
375 487
376 5
376 9
376 27
376 31
376 38
376 45
376 56
376 66
376 71
376 72
376 103
376 106
376 117
376 118
376 129
376 136
376 148
376 160
376 172
376 179
376 181
376 192
376 211
376 221
376 223
376 239
376 255
376 269
376 274
376 277
376 279
376 287
376 294
376 327
376 345
376 406
376 410
376 412
376 422
376 423
376 442
376 454
376 476
376 483
376 496
377 9
377 54
377 68
377 88
377 110
377 239
377 243
377 281
377 350
377 378
377 393
377 462
377 473
378 13
378 16
378 30
378 35
378 37
378 49
378 57
378 102
378 107
378 112
378 136
378 139
378 153
378 154
378 191
378 221
378 226
378 239
378 252
378 253
378 276
378 312
378 314
378 324
378 369
378 377
378 381
378 384
378 409
378 418
378 446
378 453
378 459
378 474
378 480
378 487
378 494
378 497
379 20
379 33
379 104
379 186
379 264
379 403
380 26
380 54
380 75
380 76
380 94
380 118
380 165
380 243
380 272
380 293
380 422
380 461
380 481
381 3
381 13
381 158
381 165
381 192
381 226
381 240
381 247
381 269
381 282
381 288
381 300
381 378
381 419
381 450
381 469
382 1
382 3
382 14
382 15
382 31
382 33
382 39
382 45
382 49
382 75
382 76
382 81
382 87
382 88
382 100
382 125
382 129
382 130
382 171
382 190
382 199
382 211
382 252
382 256
382 259
382 261
382 275
382 286
382 308
382 311
382 324
382 342
382 349
382 363
382 390
382 401
382 412
382 415
382 419
382 425
382 442
382 448
382 453
382 458
382 464
382 483
382 485
383 54
383 124
383 172
383 211
383 268
383 399
383 403
383 413
383 470
384 12
384 17
384 27
384 47
384 96
384 117
384 124
384 138
384 241
384 271
384 280
384 285
384 345
384 360
384 378
384 418
384 491
385 236
385 240
385 267
385 324
385 343
385 425
385 498
386 40
386 152
386 192
386 232
386 261
386 403
386 416
386 462
387 72
387 120
387 138
387 145
387 172
387 204
387 323
387 416
387 478
388 20
388 106
388 137
388 200
388 264
388 289
388 397
388 438
389 123
389 177
389 204
389 208
389 302
389 334
390 1
390 9
390 11
390 47
390 70
390 162
390 178
390 183
390 239
390 242
390 254
390 288
390 382
390 427
390 446
390 455
391 4
391 15
391 16
391 27
391 31
391 41
391 43
391 53
391 62
391 107
391 153
391 191
391 221
391 231
391 259
391 261
391 275
391 287
391 300
391 304
391 337
391 348
391 353
391 366
391 408
391 415
391 439
391 477
391 492
392 26
392 100
392 140
392 214
392 418
392 494
393 2
393 79
393 111
393 186
393 207
393 238
393 255
393 277
393 352
393 377
393 434
393 466
393 469
393 491
394 39
394 113
394 204
394 251
394 275
394 309
395 79
395 137
395 375
395 398
395 411
395 412
396 40
396 66
396 117
396 122
396 127
396 210
396 212
396 221
396 286
396 300
396 338
396 353
396 495
397 1
397 19
397 87
397 100
397 103
397 133
397 165
397 180
397 184
397 228
397 259
397 268
397 274
397 324
397 388
397 418
397 438
397 444
397 461
398 2
398 21
398 26
398 71
398 90
398 261
398 291
398 301
398 302
398 326
398 339
398 350
398 355
398 395
398 451
398 461
398 471
398 481
398 495
399 58
399 137
399 161
399 182
399 195
399 202
399 287
399 324
399 383
399 408
399 422
399 462
399 485
399 487
400 30
400 45
400 78
400 79
400 118
400 143
400 149
400 166
400 174
400 175
400 201
400 204
400 287
400 294
400 310
400 318
400 336
400 402
400 427
400 449
400 487
401 12
401 52
401 103
401 295
401 326
401 350
401 382
401 477
402 66
402 139
402 218
402 400
402 415
402 462
403 100
403 379
403 383
403 386
403 411
403 418
403 469
403 474
404 71
404 186
404 211
404 285
404 346
404 464
405 7
405 18
405 33
405 58
405 61
405 76
405 88
405 186
405 187
405 192
405 195
405 204
405 213
405 214
405 225
405 233
405 239
405 257
405 285
405 315
405 320
405 323
405 343
405 350
405 364
405 431
405 432
405 433
405 473
405 477
405 490
406 3
406 16
406 48
406 50
406 58
406 75
406 88
406 113
406 122
406 135
406 138
406 164
406 170
406 171
406 196
406 215
406 281
406 323
406 332
406 333
406 352
406 376
406 459
406 465
406 466
406 483
406 500
407 51
407 63
407 113
407 128
407 129
407 134
407 196
407 221
407 230
407 239
407 258
407 323
407 339
407 343
407 358
407 434
407 469
407 482
407 487
407 490
408 3
408 31
408 32
408 37
408 38
408 39
408 41
408 54
408 56
408 80
408 93
408 153
408 165
408 175
408 185
408 197
408 214
408 223
408 262
408 281
408 282
408 294
408 305
408 306
408 329
408 343
408 344
408 351
408 366
408 391
408 399
408 461
408 464
408 482
409 55
409 71
409 126
409 136
409 137
409 144
409 155
409 181
409 184
409 194
409 202
409 204
409 211
409 214
409 255
409 272
409 279
409 282
409 317
409 326
409 327
409 355
409 364
409 378
409 422
409 443
409 448
409 468
409 476
409 486
409 492
410 144
410 212
410 254
410 256
410 376
410 424
410 464
410 482
410 487
411 2
411 16
411 54
411 61
411 78
411 79
411 85
411 94
411 100
411 108
411 117
411 128
411 137
411 138
411 146
411 153
411 160
411 184
411 185
411 186
411 195
411 211
411 212
411 214
411 218
411 221
411 225
411 238
411 243
411 262
411 269
411 290
411 294
411 302
411 314
411 316
411 361
411 370
411 395
411 403
411 415
411 439
411 460
411 473
411 481
411 483
411 491
412 1
412 13
412 38
412 65
412 94
412 208
412 211
412 223
412 258
412 259
412 261
412 269
412 284
412 343
412 364
412 376
412 382
412 395
412 483
412 492
413 35
413 36
413 72
413 80
413 100
413 105
413 133
413 224
413 257
413 281
413 286
413 350
413 383
413 418
413 441
413 467
413 478
413 480
413 497
414 161
414 170
414 226
414 281
414 293
414 309
414 312
414 320
414 435
414 448
414 450
414 494
415 5
415 6
415 41
415 59
415 66
415 110
415 112
415 134
415 136
415 137
415 140
415 176
415 178
415 185
415 196
415 201
415 208
415 234
415 240
415 263
415 271
415 284
415 286
415 294
415 302
415 304
415 319
415 347
415 359
415 382
415 391
415 402
415 411
415 417
415 434
415 448
415 481
416 16
416 27
416 52
416 113
416 130
416 137
416 139
416 140
416 142
416 183
416 184
416 208
416 247
416 282
416 318
416 343
416 386
416 387
416 418
416 434
416 442
416 476
416 479
417 43
417 69
417 113
417 117
417 154
417 186
417 201
417 243
417 261
417 288
417 304
417 314
417 323
417 347
417 351
417 371
417 415
417 469
418 7
418 26
418 30
418 47
418 48
418 53
418 57
418 58
418 61
418 75
418 96
418 100
418 106
418 130
418 131
418 139
418 184
418 194
418 221
418 223
418 226
418 258
418 261
418 280
418 282
418 285
418 298
418 301
418 306
418 309
418 315
418 337
418 338
418 339
418 340
418 355
418 364
418 369
418 378
418 384
418 392
418 397
418 403
418 413
418 416
418 438
418 442
418 453
418 481
418 486
419 7
419 20
419 43
419 53
419 108
419 138
419 158
419 161
419 205
419 236
419 262
419 264
419 289
419 317
419 335
419 339
419 381
419 382
419 439
419 446
419 448
420 14
420 18
420 62
420 91
420 114
420 138
420 155
420 163
420 197
420 210
420 217
420 242
420 259
420 293
420 298
420 301
420 317
420 321
420 348
420 351
420 353
420 373
420 476
420 477
420 482
420 485
421 13
421 46
421 58
421 77
421 134
421 172
421 455
421 471
421 476
422 27
422 37
422 51
422 80
422 100
422 109
422 118
422 119
422 120
422 140
422 146
422 159
422 169
422 222
422 247
422 266
422 279
422 286
422 309
422 318
422 319
422 333
422 340
422 342
422 356
422 375
422 376
422 380
422 399
422 409
422 431
422 448
422 478
422 479
422 480
422 483
423 38
423 51
423 101
423 217
423 264
423 280
423 298
423 375
423 376
423 484
423 487
424 23
424 76
424 79
424 139
424 197
424 203
424 220
424 273
424 366
424 410
424 445
424 464
425 13
425 38
425 58
425 62
425 90
425 97
425 119
425 136
425 139
425 203
425 266
425 272
425 295
425 341
425 358
425 365
425 366
425 382
425 385
425 430
425 433
425 461
425 468
426 31
426 120
426 153
426 275
426 299
426 304
426 372
426 448
426 461
426 482
426 498
426 500
427 15
427 20
427 26
427 28
427 49
427 108
427 129
427 221
427 222
427 223
427 230
427 282
427 333
427 343
427 363
427 371
427 390
427 400
427 452
427 461
427 465
427 474
427 487
427 490
427 496
428 33
428 126
428 197
428 204
428 288
428 337
428 365
429 30
429 72
429 79
429 120
429 201
429 282
429 287
430 9
430 26
430 34
430 37
430 91
430 223
430 236
430 242
430 285
430 288
430 295
430 352
430 425
430 461
430 469
430 491
430 494
431 41
431 88
431 102
431 108
431 129
431 166
431 210
431 215
431 226
431 255
431 269
431 272
431 332
431 405
431 422
431 438
431 446
431 453
431 460
431 466
431 469
431 480
431 488
432 12
432 17
432 21
432 29
432 37
432 38
432 39
432 54
432 62
432 66
432 82
432 100
432 111
432 115
432 120
432 127
432 131
432 134
432 142
432 153
432 167
432 179
432 199
432 218
432 222
432 259
432 261
432 263
432 277
432 286
432 294
432 301
432 304
432 307
432 310
432 312
432 324
432 326
432 355
432 358
432 363
432 405
432 442
432 464
432 466
432 470
432 476
432 491
433 9
433 40
433 69
433 137
433 211
433 236
433 254
433 300
433 326
433 330
433 362
433 369
433 405
433 425
433 483
433 491
434 16
434 22
434 37
434 51
434 56
434 65
434 91
434 97
434 100
434 134
434 138
434 181
434 183
434 202
434 224
434 226
434 238
434 247
434 255
434 322
434 393
434 407
434 415
434 416
434 446
434 447
434 464
435 125
435 225
435 274
435 291
435 414
435 444
436 82
436 130
436 185
436 227
436 259
436 285
437 51
437 152
437 183
437 205
437 231
437 372
437 477
438 3
438 8
438 11
438 26
438 38
438 47
438 81
438 125
438 129
438 142
438 165
438 192
438 202
438 211
438 225
438 239
438 250
438 266
438 317
438 326
438 356
438 359
438 366
438 388
438 397
438 418
438 431
438 450
438 452
438 474
439 9
439 39
439 45
439 46
439 52
439 54
439 64
439 122
439 123
439 140
439 146
439 162
439 165
439 203
439 225
439 253
439 256
439 260
439 274
439 280
439 300
439 305
439 319
439 322
439 347
439 351
439 357
439 369
439 391
439 411
439 419
439 443
439 445
439 461
439 462
439 476
439 495
439 497
440 18
440 79
440 327
440 350
440 372
440 493
441 19
441 39
441 159
441 214
441 222
441 350
441 413
441 444
442 24
442 27
442 63
442 66
442 73
442 81
442 113
442 120
442 122
442 139
442 153
442 175
442 183
442 185
442 192
442 194
442 202
442 207
442 216
442 217
442 232
442 238
442 242
442 256
442 269
442 276
442 294
442 310
442 329
442 334
442 353
442 364
442 365
442 374
442 376
442 382
442 416
442 418
442 432
442 451
442 455
442 473
442 477
442 483
443 3
443 111
443 130
443 175
443 185
443 274
443 317
443 409
443 439
443 461
443 465
444 179
444 200
444 201
444 223
444 229
444 288
444 304
444 397
444 435
444 441
444 454
444 475
444 483
445 24
445 54
445 94
445 179
445 260
445 267
445 424
445 439
445 455
445 476
445 477
445 481
446 3
446 30
446 31
446 38
446 41
446 45
446 51
446 79
446 90
446 92
446 95
446 100
446 119
446 124
446 158
446 161
446 170
446 195
446 197
446 205
446 211
446 213
446 221
446 222
446 232
446 237
446 240
446 266
446 276
446 277
446 308
446 310
446 321
446 326
446 341
446 343
446 364
446 369
446 373
446 378
446 390
446 419
446 431
446 434
446 469
446 477
446 483
446 486
446 494
447 4
447 102
447 103
447 235
447 239
447 249
447 434
447 470
447 481
448 4
448 11
448 13
448 16
448 34
448 39
448 63
448 88
448 98
448 102
448 117
448 130
448 137
448 142
448 148
448 183
448 198
448 201
448 214
448 235
448 243
448 258
448 282
448 287
448 300
448 309
448 330
448 382
448 409
448 414
448 415
448 419
448 422
448 426
448 472
448 482
448 486
448 494
448 498
449 30
449 31
449 252
449 301
449 400
449 469
449 498
450 61
450 89
450 94
450 107
450 109
450 183
450 192
450 209
450 238
450 256
450 259
450 264
450 300
450 339
450 356
450 381
450 414
450 438
450 454
450 469
450 476
450 477
450 485
450 489
451 120
451 130
451 140
451 177
451 229
451 244
451 297
451 398
451 442
451 467
451 487
452 14
452 18
452 41
452 43
452 101
452 108
452 119
452 129
452 130
452 163
452 173
452 184
452 252
452 257
452 272
452 291
452 301
452 306
452 311
452 313
452 329
452 354
452 356
452 363
452 370
452 427
452 438
452 469
453 25
453 87
453 118
453 138
453 166
453 175
453 186
453 214
453 220
453 260
453 264
453 285
453 358
453 378
453 382
453 418
453 431
453 472
453 485
454 16
454 18
454 58
454 72
454 98
454 118
454 137
454 179
454 184
454 198
454 220
454 230
454 272
454 287
454 294
454 316
454 343
454 355
454 359
454 376
454 444
454 450
454 484
455 5
455 54
455 134
455 159
455 180
455 186
455 205
455 222
455 294
455 325
455 335
455 341
455 342
455 390
455 421
455 442
455 445
455 459
455 474
455 482
456 69
456 96
456 182
456 204
456 280
456 326
457 14
457 108
457 131
457 264
457 343
457 487
458 4
458 23
458 50
458 116
458 232
458 312
458 326
458 363
458 365
458 382
458 477
458 495
459 19
459 79
459 84
459 145
459 170
459 177
459 192
459 231
459 248
459 282
459 291
459 296
459 353
459 355
459 378
459 406
459 455
459 464
460 4
460 16
460 31
460 58
460 148
460 192
460 211
460 411
460 431
461 13
461 15
461 30
461 47
461 54
461 58
461 60
461 96
461 106
461 130
461 148
461 167
461 177
461 192
461 195
461 208
461 217
461 223
461 250
461 263
461 268
461 274
461 278
461 282
461 286
461 313
461 336
461 350
461 358
461 359
461 365
461 380
461 397
461 398
461 408
461 425
461 426
461 427
461 430
461 439
461 443
461 466
461 469
461 473
461 474
461 479
461 481
461 485
461 492
462 2
462 34
462 94
462 140
462 269
462 377
462 386
462 399
462 402
462 439
462 472
462 499
462 500
463 69
463 96
463 142
463 294
463 326
463 479
463 483
464 13
464 17
464 31
464 61
464 66
464 93
464 102
464 109
464 142
464 163
464 212
464 223
464 236
464 252
464 271
464 299
464 304
464 313
464 324
464 325
464 337
464 343
464 365
464 382
464 404
464 408
464 410
464 424
464 432
464 434
464 459
464 476
464 487
464 490
465 39
465 145
465 158
465 247
465 254
465 255
465 300
465 304
465 406
465 427
465 443
465 483
466 6
466 9
466 29
466 51
466 131
466 139
466 162
466 193
466 211
466 221
466 239
466 294
466 327
466 338
466 393
466 406
466 431
466 432
466 461
466 482
466 485
466 495
467 87
467 118
467 146
467 223
467 270
467 413
467 451
468 9
468 27
468 33
468 47
468 79
468 90
468 97
468 109
468 112
468 156
468 173
468 183
468 201
468 204
468 211
468 228
468 242
468 244
468 258
468 278
468 291
468 299
468 335
468 353
468 356
468 366
468 409
468 425
468 473
468 476
468 489
468 494
469 2
469 13
469 30
469 47
469 54
469 58
469 74
469 79
469 94
469 106
469 122
469 130
469 140
469 176
469 192
469 218
469 221
469 222
469 247
469 250
469 266
469 267
469 271
469 280
469 294
469 306
469 381
469 393
469 403
469 407
469 417
469 430
469 431
469 446
469 449
469 450
469 452
469 461
469 492
470 14
470 34
470 52
470 61
470 204
470 222
470 253
470 264
470 305
470 367
470 383
470 432
470 447
470 474
470 492
470 494
471 55
471 129
471 136
471 180
471 227
471 286
471 288
471 289
471 342
471 398
471 421
471 473
471 477
471 490
471 498
472 13
472 113
472 194
472 212
472 255
472 323
472 337
472 338
472 345
472 448
472 453
472 462
472 481
473 33
473 46
473 61
473 65
473 94
473 97
473 139
473 150
473 204
473 222
473 244
473 253
473 254
473 273
473 276
473 296
473 312
473 323
473 329
473 350
473 377
473 405
473 411
473 442
473 461
473 468
473 471
474 10
474 26
474 46
474 54
474 66
474 137
474 165
474 175
474 212
474 214
474 223
474 261
474 263
474 290
474 305
474 308
474 327
474 347
474 358
474 365
474 372
474 378
474 403
474 427
474 438
474 455
474 461
474 470
474 477
474 482
474 485
474 494
474 496
475 44
475 133
475 194
475 223
475 354
475 444
475 483
476 9
476 45
476 56
476 68
476 69
476 76
476 91
476 116
476 121
476 129
476 143
476 156
476 159
476 196
476 201
476 242
476 277
476 281
476 285
476 301
476 302
476 310
476 321
476 324
476 346
476 355
476 376
476 409
476 416
476 420
476 421
476 432
476 439
476 445
476 450
476 464
476 468
476 490
476 494
477 26
477 37
477 39
477 41
477 45
477 58
477 76
477 96
477 103
477 106
477 116
477 130
477 161
477 169
477 188
477 199
477 220
477 233
477 243
477 245
477 259
477 287
477 294
477 299
477 324
477 328
477 350
477 358
477 359
477 364
477 365
477 391
477 401
477 405
477 420
477 437
477 442
477 445
477 446
477 450
477 458
477 471
477 474
477 479
477 491
478 13
478 60
478 66
478 72
478 80
478 98
478 109
478 247
478 254
478 256
478 266
478 287
478 304
478 337
478 387
478 413
478 422
478 490
478 497
479 37
479 70
479 108
479 214
479 261
479 282
479 301
479 416
479 422
479 461
479 463
479 477
480 58
480 140
480 170
480 184
480 194
480 242
480 247
480 252
480 253
480 287
480 294
480 327
480 365
480 378
480 413
480 422
480 431
480 494
480 497
481 11
481 20
481 39
481 46
481 55
481 56
481 60
481 81
481 96
481 97
481 105
481 106
481 117
481 147
481 163
481 179
481 197
481 212
481 222
481 239
481 254
481 282
481 289
481 293
481 294
481 302
481 304
481 321
481 322
481 329
481 343
481 345
481 352
481 355
481 360
481 369
481 380
481 398
481 411
481 415
481 418
481 445
481 447
481 461
481 472
481 483
482 9
482 16
482 21
482 35
482 47
482 87
482 94
482 99
482 100
482 106
482 120
482 135
482 140
482 172
482 250
482 280
482 353
482 407
482 408
482 410
482 420
482 426
482 448
482 455
482 466
482 474
482 485
482 492
483 3
483 31
483 46
483 48
483 111
483 170
483 171
483 172
483 188
483 205
483 219
483 225
483 249
483 250
483 268
483 285
483 287
483 314
483 317
483 320
483 366
483 371
483 374
483 376
483 382
483 406
483 411
483 412
483 422
483 433
483 442
483 444
483 446
483 463
483 465
483 475
483 481
483 485
483 497
483 500
484 32
484 103
484 164
484 274
484 350
484 423
484 454
485 4
485 5
485 12
485 41
485 51
485 79
485 92
485 100
485 103
485 117
485 127
485 137
485 139
485 153
485 158
485 184
485 197
485 212
485 223
485 249
485 251
485 253
485 254
485 269
485 275
485 281
485 288
485 305
485 308
485 327
485 334
485 345
485 347
485 352
485 353
485 382
485 399
485 420
485 450
485 453
485 461
485 466
485 474
485 482
485 483
486 3
486 38
486 98
486 117
486 129
486 147
486 148
486 153
486 289
486 323
486 348
486 353
486 409
486 418
486 446
486 448
486 487
487 12
487 21
487 43
487 56
487 62
487 78
487 88
487 94
487 98
487 103
487 111
487 117
487 122
487 129
487 135
487 138
487 141
487 155
487 175
487 186
487 201
487 237
487 240
487 246
487 248
487 260
487 264
487 288
487 307
487 337
487 343
487 345
487 350
487 375
487 378
487 399
487 400
487 407
487 410
487 423
487 427
487 451
487 457
487 464
487 486
487 492
487 494
488 3
488 9
488 85
488 88
488 91
488 133
488 140
488 219
488 235
488 304
488 325
488 431
489 13
489 20
489 22
489 243
489 255
489 293
489 450
489 468
489 494
490 2
490 61
490 73
490 80
490 81
490 142
490 161
490 175
490 179
490 183
490 188
490 243
490 254
490 282
490 299
490 317
490 322
490 343
490 405
490 407
490 427
490 464
490 471
490 476
490 478
490 495
490 499
491 27
491 30
491 44
491 47
491 63
491 70
491 71
491 73
491 77
491 81
491 85
491 92
491 93
491 97
491 111
491 112
491 117
491 128
491 132
491 134
491 137
491 139
491 161
491 169
491 201
491 214
491 287
491 294
491 295
491 321
491 337
491 348
491 358
491 366
491 369
491 384
491 393
491 411
491 430
491 432
491 433
491 477
492 9
492 27
492 29
492 35
492 55
492 67
492 74
492 79
492 85
492 95
492 96
492 128
492 129
492 130
492 138
492 142
492 149
492 150
492 153
492 156
492 180
492 192
492 197
492 204
492 205
492 212
492 223
492 225
492 229
492 247
492 261
492 265
492 268
492 272
492 281
492 295
492 308
492 323
492 329
492 342
492 343
492 391
492 409
492 412
492 461
492 469
492 470
492 482
492 487
493 54
493 112
493 138
493 197
493 199
493 327
493 331
493 335
493 440
494 16
494 96
494 106
494 124
494 158
494 168
494 179
494 186
494 231
494 238
494 242
494 256
494 258
494 266
494 299
494 302
494 304
494 306
494 336
494 346
494 347
494 378
494 392
494 414
494 430
494 446
494 448
494 468
494 470
494 474
494 476
494 480
494 487
494 489
495 58
495 85
495 171
495 215
495 333
495 354
495 356
495 396
495 398
495 439
495 458
495 466
495 490
496 24
496 55
496 70
496 79
496 88
496 122
496 195
496 289
496 376
496 427
496 474
497 3
497 12
497 28
497 31
497 40
497 44
497 66
497 94
497 108
497 135
497 180
497 183
497 204
497 218
497 223
497 226
497 236
497 253
497 266
497 316
497 317
497 324
497 333
497 378
497 413
497 439
497 478
497 480
497 483
497 498
498 10
498 38
498 44
498 55
498 79
498 80
498 117
498 139
498 146
498 155
498 197
498 205
498 219
498 232
498 291
498 296
498 298
498 335
498 337
498 339
498 357
498 385
498 426
498 448
498 449
498 471
498 497
499 7
499 179
499 298
499 313
499 462
499 490
500 16
500 214
500 286
500 406
500 426
500 462
500 483
