1 16
1 27
1 90
1 101
1 137
1 172
1 323
1 324
1 342
1 375
1 453
2 117
2 159
2 166
2 231
2 233
2 246
2 289
2 317
2 334
2 361
2 411
2 463
2 480
2 482
3 12
3 29
3 66
3 71
3 79
3 80
3 84
3 89
3 94
3 109
3 111
3 129
3 132
3 136
3 138
3 139
3 143
3 150
3 174
3 184
3 186
3 198
3 204
3 211
3 213
3 251
3 253
3 262
3 267
3 282
3 305
3 312
3 319
3 333
3 348
3 359
3 364
3 369
3 373
3 388
3 402
3 405
3 418
3 422
3 434
3 438
3 473
4 61
4 67
4 79
4 236
4 238
4 311
4 341
4 355
4 371
4 409
4 495
5 142
5 175
5 191
5 200
5 227
5 239
5 419
5 427
6 10
6 25
6 26
6 37
6 39
6 40
6 43
6 46
6 53
6 64
6 74
6 94
6 109
6 118
6 122
6 136
6 145
6 146
6 147
6 148
6 163
6 183
6 188
6 197
6 213
6 221
6 241
6 268
6 275
6 298
6 314
6 338
6 350
6 360
6 376
6 390
6 411
6 441
6 449
6 450
6 463
6 472
6 474
6 483
7 12
7 80
7 89
7 94
7 111
7 132
7 184
7 186
7 193
7 262
7 275
7 305
7 333
7 348
7 364
7 388
7 403
7 405
7 422
7 431
7 434
8 47
8 59
8 76
8 166
8 168
8 274
8 465
9 159
9 166
9 217
9 246
9 411
9 462
9 480
10 6
10 12
10 17
10 25
10 26
10 37
10 40
10 43
10 64
10 74
10 109
10 118
10 122
10 145
10 148
10 163
10 197
10 241
10 268
10 273
10 275
10 298
10 336
10 435
10 437
10 441
10 449
10 463
10 472
10 474
10 476
11 161
11 171
11 226
11 257
11 259
11 286
11 343
11 377
11 399
11 459
11 469
11 483
11 492
12 3
12 7
12 10
12 29
12 37
12 45
12 66
12 71
12 79
12 80
12 87
12 89
12 94
12 97
12 111
12 132
12 143
12 150
12 184
12 186
12 198
12 204
12 211
12 213
12 262
12 305
12 312
12 319
12 333
12 348
12 359
12 363
12 369
12 373
12 388
12 405
12 418
12 422
12 434
12 438
12 453
12 473
12 475
13 81
13 152
13 218
13 237
13 247
13 272
13 353
13 376
14 16
14 27
14 29
14 44
14 101
14 137
14 155
14 184
14 245
14 316
14 323
14 324
14 342
14 354
14 394
14 453
15 101
15 195
15 200
15 227
15 239
15 419
15 429
16 1
16 14
16 27
16 41
16 44
16 48
16 64
16 101
16 172
16 179
16 180
16 323
16 342
16 354
16 384
16 394
16 396
16 434
16 448
16 453
17 10
17 29
17 49
17 58
17 70
17 91
17 97
17 102
17 113
17 127
17 130
17 141
17 144
17 176
17 183
17 194
17 203
17 220
17 235
17 247
17 251
17 270
17 273
17 276
17 279
17 282
17 283
17 287
17 292
17 298
17 318
17 367
17 386
17 389
17 397
17 399
17 426
17 431
17 444
17 473
18 69
18 92
18 103
18 244
18 343
18 382
18 428
18 439
18 470
18 482
19 34
19 125
19 130
19 189
19 359
19 445
20 28
20 32
20 37
20 46
20 110
20 147
20 154
20 198
20 295
20 299
20 332
20 361
20 370
20 373
20 416
20 430
20 433
20 452
20 460
21 56
21 72
21 87
21 95
21 109
21 131
21 151
21 250
21 266
21 275
21 281
21 296
21 305
21 326
21 328
21 384
21 393
21 402
21 408
21 484
21 488
21 489
22 55
22 94
22 192
22 201
22 264
22 277
22 310
22 375
22 459
23 84
23 140
23 207
23 291
23 340
23 410
24 47
24 50
24 52
24 75
24 84
24 140
24 169
24 182
24 199
24 207
24 222
24 254
24 257
24 273
24 291
24 306
24 327
24 340
24 392
24 410
24 413
25 6
25 10
25 26
25 37
25 39
25 40
25 43
25 53
25 62
25 64
25 74
25 76
25 118
25 121
25 145
25 146
25 147
25 148
25 163
25 197
25 221
25 241
25 261
25 268
25 314
25 324
25 350
25 358
25 390
25 434
25 441
25 449
25 463
25 472
25 474
26 6
26 10
26 25
26 37
26 39
26 40
26 43
26 53
26 64
26 73
26 74
26 82
26 83
26 109
26 118
26 122
26 145
26 146
26 147
26 148
26 157
26 163
26 188
26 197
26 203
26 221
26 241
26 265
26 268
26 275
26 290
26 298
26 314
26 338
26 350
26 360
26 390
26 402
26 411
26 437
26 441
26 442
26 449
26 463
26 472
26 474
26 498
27 1
27 14
27 16
27 41
27 101
27 137
27 144
27 155
27 172
27 179
27 185
27 207
27 316
27 320
27 323
27 324
27 339
27 342
27 354
27 363
27 394
27 396
27 448
27 453
28 20
28 32
28 46
28 100
28 143
28 154
28 249
28 260
28 332
28 361
28 362
28 415
28 416
28 433
28 452
28 460
28 495
29 3
29 12
29 14
29 17
29 52
29 63
29 71
29 74
29 79
29 80
29 89
29 91
29 94
29 111
29 129
29 132
29 143
29 184
29 185
29 186
29 198
29 204
29 211
29 213
29 262
29 305
29 312
29 319
29 331
29 333
29 348
29 359
29 369
29 388
29 390
29 405
29 418
29 422
29 434
29 438
29 473
29 495
30 34
30 42
30 130
30 141
30 398
30 445
31 54
31 60
31 90
31 98
31 105
31 118
31 132
31 136
31 152
31 157
31 168
31 209
31 212
31 261
31 272
31 292
31 302
31 322
31 358
31 363
31 374
31 383
31 395
31 407
31 432
31 457
31 486
31 490
31 497
32 20
32 28
32 46
32 67
32 100
32 154
32 170
32 223
32 249
32 361
32 394
32 415
32 416
32 420
32 430
32 433
32 452
32 460
33 50
33 167
33 195
33 204
33 239
33 378
33 429
34 19
34 30
34 42
34 125
34 130
34 188
34 189
34 329
34 357
34 391
34 445
35 77
35 119
35 139
35 162
35 191
35 214
35 223
35 271
35 335
35 400
35 406
35 454
35 485
36 51
36 55
36 140
36 158
36 181
36 192
36 201
36 297
36 310
36 338
36 375
36 459
37 6
37 10
37 12
37 20
37 25
37 26
37 39
37 40
37 43
37 64
37 66
37 73
37 74
37 109
37 122
37 145
37 146
37 147
37 148
37 163
37 188
37 197
37 221
37 241
37 268
37 298
37 310
37 314
37 338
37 350
37 360
37 386
37 418
37 437
37 441
37 443
37 444
37 463
37 472
37 474
38 55
38 201
38 310
38 375
38 417
38 459
38 487
38 495
39 6
39 25
39 26
39 37
39 40
39 43
39 49
39 53
39 64
39 74
39 96
39 98
39 109
39 118
39 122
39 145
39 146
39 148
39 156
39 163
39 188
39 197
39 221
39 241
39 268
39 275
39 298
39 305
39 314
39 338
39 348
39 350
39 360
39 390
39 441
39 449
39 453
39 463
39 472
39 474
39 500
40 6
40 10
40 25
40 26
40 37
40 39
40 43
40 64
40 73
40 74
40 109
40 118
40 122
40 146
40 147
40 148
40 156
40 163
40 197
40 209
40 221
40 241
40 268
40 275
40 298
40 338
40 350
40 353
40 356
40 360
40 390
40 392
40 395
40 437
40 441
40 449
40 463
40 472
40 473
40 474
40 476
40 490
41 16
41 27
41 101
41 172
41 212
41 323
41 324
41 340
41 342
41 394
41 396
41 433
41 453
42 30
42 34
42 130
42 189
42 357
42 391
42 392
42 398
42 437
42 445
43 6
43 10
43 25
43 26
43 37
43 39
43 40
43 53
43 64
43 73
43 74
43 81
43 97
43 109
43 118
43 122
43 145
43 147
43 148
43 163
43 180
43 188
43 197
43 221
43 241
43 268
43 275
43 298
43 314
43 333
43 338
43 350
43 356
43 360
43 363
43 374
43 390
43 395
43 406
43 437
43 441
43 449
43 463
43 472
43 474
44 14
44 16
44 323
44 342
44 394
44 431
44 448
44 453
44 457
45 12
45 114
45 159
45 166
45 246
45 255
45 403
45 411
45 480
46 6
46 20
46 28
46 32
46 100
46 154
46 241
46 295
46 349
46 361
46 370
46 375
46 415
46 416
46 430
46 433
46 452
46 460
47 8
47 24
47 59
47 76
47 88
47 108
47 128
47 166
47 274
47 354
47 436
47 465
48 16
48 101
48 323
48 342
48 453
48 454
49 17
49 39
49 82
49 86
49 96
49 135
49 187
49 229
49 242
49 267
49 280
49 284
49 372
49 381
49 412
49 423
50 24
50 33
50 99
50 135
50 142
50 170
50 175
50 191
50 195
50 200
50 227
50 234
50 239
50 293
50 301
50 358
50 378
50 419
50 427
50 429
50 456
50 478
51 36
51 55
51 192
51 201
51 375
51 459
51 464
52 24
52 29
52 69
52 75
52 84
52 140
52 169
52 182
52 207
52 222
52 254
52 273
52 291
52 306
52 340
52 386
52 392
52 410
52 413
52 489
53 6
53 25
53 26
53 39
53 43
53 74
53 97
53 118
53 122
53 133
53 145
53 147
53 241
53 268
53 275
53 276
53 318
53 350
53 355
53 360
53 390
53 441
53 449
53 462
53 463
53 472
53 474
54 31
54 90
54 98
54 102
54 105
54 131
54 136
54 152
54 156
54 157
54 168
54 186
54 209
54 212
54 255
54 261
54 262
54 271
54 302
54 316
54 322
54 358
54 362
54 363
54 365
54 374
54 383
54 395
54 418
54 425
54 432
54 457
54 464
54 486
54 490
54 491
54 497
54 498
55 22
55 36
55 38
55 51
55 138
55 158
55 181
55 190
55 192
55 201
55 205
55 219
55 260
55 264
55 277
55 278
55 297
55 304
55 310
55 355
55 363
55 375
55 417
55 459
55 470
55 479
56 21
56 72
56 87
56 95
56 116
56 143
56 151
56 250
56 266
56 279
56 296
56 324
56 326
56 328
56 383
56 384
56 393
56 401
56 402
56 408
56 484
56 488
57 84
57 109
57 140
57 222
57 291
57 340
57 392
57 410
58 17
58 70
58 97
58 102
58 113
58 127
58 144
58 169
58 183
58 194
58 203
58 240
58 246
58 247
58 251
58 270
58 276
58 279
58 282
58 287
58 292
58 312
58 318
58 383
58 386
58 389
58 426
58 431
58 441
58 444
59 8
59 47
59 76
59 88
59 108
59 128
59 274
59 317
59 369
59 436
59 487
60 31
60 91
60 133
60 146
60 149
60 150
60 152
60 243
60 253
60 263
60 290
60 325
60 336
60 356
60 407
60 424
60 451
60 458
60 468
61 4
61 67
61 98
61 236
61 238
61 311
61 341
61 344
61 355
61 371
61 395
61 446
61 453
61 461
61 495
62 25
62 68
62 83
62 106
62 120
62 128
62 167
62 210
62 281
62 285
62 366
62 440
62 443
62 487
62 500
63 29
63 66
63 89
63 94
63 184
63 186
63 199
63 204
63 232
63 262
63 305
63 312
63 329
63 333
63 351
63 359
63 405
63 422
64 6
64 10
64 16
64 25
64 26
64 37
64 39
64 40
64 43
64 75
64 122
64 146
64 147
64 148
64 163
64 188
64 197
64 221
64 241
64 268
64 275
64 298
64 312
64 314
64 338
64 350
64 363
64 366
64 390
64 441
64 449
64 457
64 463
64 468
64 472
64 474
65 81
65 165
65 232
65 234
65 237
65 272
65 294
65 353
65 496
66 3
66 12
66 37
66 63
66 79
66 89
66 94
66 98
66 111
66 132
66 136
66 184
66 186
66 188
66 204
66 211
66 262
66 287
66 312
66 333
66 348
66 359
66 369
66 375
66 388
66 405
66 418
66 422
66 429
66 434
66 438
66 473
67 4
67 32
67 61
67 68
67 78
67 95
67 112
67 172
67 215
67 236
67 238
67 269
67 285
67 288
67 311
67 341
67 344
67 347
67 355
67 371
67 414
67 421
67 446
67 461
67 493
67 495
68 62
68 67
68 83
68 106
68 120
68 121
68 167
68 178
68 196
68 203
68 208
68 210
68 213
68 224
68 229
68 262
68 281
68 300
68 303
68 309
68 339
68 366
68 367
68 421
68 440
68 442
68 443
68 463
68 464
68 486
68 487
68 497
68 500
69 18
69 52
69 92
69 103
69 244
69 313
69 382
69 428
69 439
69 458
69 470
70 17
70 58
70 95
70 97
70 102
70 127
70 132
70 141
70 144
70 176
70 183
70 194
70 203
70 241
70 244
70 246
70 247
70 251
70 270
70 276
70 279
70 282
70 287
70 292
70 305
70 318
70 374
70 386
70 389
70 399
70 426
70 431
70 444
71 3
71 12
71 29
71 80
71 89
71 94
71 111
71 132
71 145
71 152
71 184
71 186
71 204
71 211
71 262
71 291
71 305
71 312
71 319
71 333
71 348
71 357
71 358
71 359
71 369
71 388
71 405
71 418
71 422
71 432
71 434
71 473
71 478
72 21
72 56
72 87
72 250
72 283
72 384
72 393
73 26
73 37
73 40
73 43
73 122
73 143
73 163
73 197
73 221
73 241
73 298
73 319
73 360
73 419
73 463
73 472
73 474
73 489
74 6
74 10
74 25
74 26
74 29
74 37
74 39
74 40
74 43
74 53
74 105
74 109
74 118
74 122
74 145
74 146
74 147
74 148
74 152
74 163
74 197
74 201
74 221
74 227
74 241
74 250
74 268
74 275
74 298
74 312
74 314
74 350
74 390
74 410
74 441
74 449
74 463
74 472
74 474
75 24
75 52
75 64
75 84
75 118
75 140
75 184
75 207
75 222
75 273
75 291
75 340
75 349
75 392
75 410
75 413
76 8
76 25
76 47
76 59
76 108
76 151
76 436
76 465
77 35
77 89
77 139
77 162
77 214
77 271
77 364
77 485
78 67
78 112
78 236
78 288
78 311
78 341
78 344
78 355
78 371
78 421
78 422
78 446
78 461
78 491
78 495
79 3
79 4
79 12
79 29
79 66
79 80
79 89
79 94
79 111
79 132
79 184
79 186
79 195
79 198
79 204
79 211
79 254
79 262
79 296
79 301
79 305
79 312
79 319
79 333
79 348
79 359
79 369
79 378
79 388
79 405
79 418
79 422
79 432
79 434
79 473
80 3
80 7
80 12
80 29
80 71
80 79
80 85
80 89
80 94
80 99
80 111
80 129
80 132
80 142
80 143
80 174
80 184
80 186
80 198
80 204
80 211
80 213
80 247
80 261
80 262
80 305
80 312
80 313
80 319
80 333
80 348
80 359
80 364
80 369
80 387
80 388
80 405
80 418
80 422
80 434
80 438
80 463
80 473
80 497
80 498
81 13
81 43
81 65
81 218
81 237
81 272
81 291
81 294
81 345
81 353
81 450
81 471
81 476
82 26
82 49
82 96
82 242
82 267
82 372
82 375
82 412
83 26
83 62
83 68
83 106
83 120
83 121
83 167
83 208
83 210
83 224
83 229
83 281
83 299
83 300
83 303
83 309
83 339
83 348
83 366
83 367
83 405
83 421
83 430
83 440
83 442
83 443
83 464
83 480
83 487
83 500
84 3
84 23
84 24
84 52
84 57
84 75
84 140
84 169
84 182
84 207
84 222
84 225
84 254
84 256
84 273
84 287
84 291
84 306
84 327
84 331
84 340
84 342
84 392
84 399
84 410
84 413
84 422
84 428
85 80
85 94
85 183
85 184
85 333
85 388
85 405
85 418
85 422
86 49
86 96
86 280
86 361
86 412
86 423
87 12
87 21
87 56
87 72
87 93
87 95
87 104
87 116
87 151
87 230
87 250
87 266
87 296
87 328
87 340
87 384
87 392
87 393
87 401
87 402
87 408
87 484
87 488
88 47
88 59
88 108
88 362
88 436
88 465
89 3
89 7
89 12
89 29
89 63
89 66
89 71
89 77
89 79
89 80
89 94
89 111
89 131
89 132
89 143
89 145
89 150
89 184
89 185
89 186
89 188
89 198
89 204
89 209
89 210
89 211
89 213
89 239
89 278
89 305
89 312
89 314
89 319
89 333
89 348
89 359
89 364
89 369
89 388
89 405
89 418
89 422
89 434
89 437
89 438
89 473
90 1
90 31
90 54
90 98
90 105
90 122
90 131
90 136
90 152
90 156
90 157
90 168
90 199
90 206
90 207
90 209
90 212
90 234
90 255
90 260
90 261
90 302
90 315
90 322
90 358
90 362
90 363
90 365
90 374
90 379
90 383
90 390
90 395
90 418
90 432
90 433
90 457
90 472
90 481
90 482
90 486
90 489
90 490
90 491
90 497
90 498
91 17
91 29
91 60
91 126
91 163
91 243
91 245
91 253
91 290
91 302
91 321
91 325
91 407
91 409
91 451
91 455
91 458
91 468
92 18
92 69
92 103
92 147
92 329
92 428
92 470
93 87
93 95
93 250
93 266
93 384
93 393
94 3
94 6
94 7
94 12
94 22
94 29
94 63
94 66
94 71
94 79
94 80
94 85
94 89
94 102
94 111
94 117
94 129
94 132
94 143
94 150
94 168
94 174
94 184
94 186
94 198
94 201
94 204
94 211
94 213
94 260
94 262
94 305
94 312
94 319
94 333
94 342
94 348
94 359
94 364
94 365
94 369
94 373
94 388
94 405
94 418
94 422
94 434
94 438
94 446
94 473
95 21
95 56
95 67
95 70
95 87
95 93
95 137
95 250
95 266
95 281
95 296
95 328
95 384
95 393
95 401
95 402
95 408
95 480
95 488
96 39
96 49
96 82
96 86
96 105
96 135
96 187
96 217
96 242
96 250
96 267
96 280
96 284
96 372
96 381
96 412
96 423
96 467
97 12
97 17
97 43
97 53
97 58
97 70
97 102
97 109
97 127
97 140
97 141
97 183
97 203
97 220
97 235
97 247
97 251
97 270
97 276
97 279
97 282
97 283
97 287
97 292
97 318
97 330
97 374
97 377
97 386
97 389
97 397
97 399
97 426
97 431
97 444
98 31
98 39
98 54
98 61
98 66
98 90
98 105
98 127
98 131
98 136
98 152
98 156
98 157
98 168
98 199
98 201
98 206
98 209
98 212
98 225
98 255
98 260
98 261
98 268
98 275
98 302
98 322
98 358
98 362
98 363
98 365
98 374
98 379
98 383
98 395
98 432
98 457
98 471
98 481
98 486
98 489
98 490
98 491
98 497
98 498
99 50
99 80
99 195
99 227
99 234
99 239
99 293
99 359
99 419
99 427
99 466
100 28
100 32
100 46
100 116
100 297
100 332
100 361
100 368
100 370
100 415
100 433
100 452
100 494
101 1
101 14
101 15
101 16
101 27
101 41
101 48
101 155
101 157
101 172
101 180
101 261
101 304
101 320
101 323
101 324
101 342
101 354
101 394
101 396
101 448
101 453
102 17
102 54
102 58
102 70
102 94
102 97
102 127
102 141
102 144
102 176
102 183
102 203
102 235
102 247
102 251
102 270
102 276
102 279
102 282
102 283
102 287
102 292
102 298
102 318
102 386
102 389
102 426
102 431
102 444
102 459
102 474
102 486
102 498
103 18
103 69
103 92
103 313
103 359
103 382
103 428
103 470
104 87
104 117
104 159
104 411
104 435
104 462
105 31
105 54
105 74
105 90
105 96
105 98
105 131
105 136
105 152
105 156
105 157
105 168
105 206
105 212
105 243
105 245
105 255
105 260
105 261
105 279
105 302
105 322
105 333
105 358
105 362
105 363
105 365
105 374
105 383
105 388
105 395
105 432
105 434
105 449
105 457
105 481
105 486
105 489
105 490
105 491
105 497
105 498
106 62
106 68
106 83
106 120
106 121
106 133
106 167
106 195
106 208
106 210
106 224
106 229
106 235
106 249
106 281
106 303
106 309
106 339
106 342
106 362
106 366
106 367
106 421
106 440
106 442
106 443
106 464
106 487
106 500
107 115
107 123
107 177
107 252
107 278
107 307
107 308
107 325
107 330
107 352
107 358
107 365
107 368
107 477
108 47
108 59
108 76
108 88
108 109
108 274
109 3
109 6
109 10
109 21
109 26
109 37
109 39
109 40
109 43
109 57
109 74
109 97
109 108
109 122
109 145
109 146
109 147
109 148
109 163
109 188
109 197
109 221
109 241
109 268
109 350
109 360
109 365
109 390
109 441
109 463
109 472
109 474
110 20
110 154
110 276
110 361
110 397
110 433
110 452
111 3
111 7
111 12
111 29
111 66
111 71
111 79
111 80
111 89
111 94
111 115
111 132
111 136
111 143
111 144
111 174
111 184
111 186
111 198
111 204
111 211
111 232
111 262
111 289
111 292
111 305
111 312
111 319
111 333
111 348
111 359
111 364
111 369
111 386
111 388
111 405
111 418
111 422
111 432
111 434
111 438
111 473
112 67
112 78
112 118
112 236
112 238
112 311
112 341
112 344
112 355
112 371
112 398
112 414
112 425
112 446
112 495
113 17
113 58
113 127
113 251
113 282
113 287
113 318
113 386
113 389
113 393
113 426
114 45
114 117
114 159
114 166
114 231
114 246
114 322
114 367
114 411
114 480
114 482
115 107
115 111
115 123
115 164
115 177
115 252
115 278
115 307
115 308
115 330
115 352
115 368
115 390
115 434
115 477
116 56
116 87
116 100
116 250
116 266
116 296
116 384
117 2
117 94
117 104
117 114
117 159
117 166
117 183
117 231
117 246
117 289
117 317
117 334
117 411
117 462
117 480
117 487
118 6
118 10
118 25
118 26
118 31
118 39
118 40
118 43
118 53
118 74
118 75
118 112
118 122
118 148
118 163
118 188
118 197
118 204
118 221
118 241
118 242
118 268
118 275
118 298
118 338
118 360
118 385
118 390
118 421
118 437
118 441
118 449
118 463
118 472
118 474
119 35
119 139
119 162
119 214
119 392
119 400
119 454
120 62
120 68
120 83
120 106
120 167
120 208
120 210
120 229
120 281
120 303
120 307
120 330
120 339
120 366
120 367
120 383
120 421
120 440
120 442
120 443
120 456
120 464
120 487
120 500
121 25
121 68
121 83
121 106
121 125
121 167
121 196
121 209
121 210
121 229
121 281
121 311
121 339
121 421
121 440
121 443
121 464
121 487
121 500
122 6
122 10
122 26
122 37
122 39
122 40
122 43
122 53
122 64
122 73
122 74
122 90
122 109
122 118
122 126
122 145
122 147
122 148
122 163
122 188
122 197
122 221
122 241
122 275
122 282
122 298
122 310
122 314
122 328
122 338
122 360
122 364
122 384
122 390
122 437
122 440
122 441
122 449
122 463
122 472
122 474
122 490
123 107
123 115
123 181
123 264
123 278
123 368
123 477
124 144
124 160
124 185
124 191
124 193
124 232
124 248
124 282
124 315
124 329
124 351
124 369
124 377
124 425
125 19
125 34
125 121
125 127
125 130
125 189
125 357
125 391
125 398
126 91
126 122
126 243
126 245
126 325
126 336
126 468
127 17
127 58
127 70
127 97
127 98
127 102
127 113
127 125
127 141
127 144
127 176
127 183
127 203
127 220
127 221
127 247
127 251
127 268
127 270
127 276
127 279
127 282
127 287
127 292
127 318
127 320
127 386
127 389
127 399
127 426
127 431
127 434
127 444
128 47
128 59
128 62
128 274
128 385
128 436
129 3
129 29
129 80
129 94
129 132
129 152
129 198
129 204
129 312
129 316
129 333
129 336
129 359
129 405
129 418
129 422
129 434
129 445
129 473
130 17
130 19
130 30
130 34
130 42
130 125
130 189
130 357
130 445
131 21
131 54
131 89
131 90
131 98
131 105
131 136
131 152
131 156
131 157
131 168
131 212
131 238
131 243
131 255
131 260
131 261
131 287
131 302
131 311
131 322
131 323
131 358
131 363
131 374
131 383
131 395
131 432
131 438
131 457
131 486
131 489
131 490
131 497
131 498
132 3
132 7
132 12
132 29
132 31
132 66
132 70
132 71
132 79
132 80
132 89
132 94
132 111
132 129
132 143
132 150
132 153
132 174
132 182
132 184
132 186
132 198
132 204
132 211
132 213
132 237
132 262
132 305
132 312
132 319
132 333
132 340
132 348
132 359
132 364
132 369
132 388
132 405
132 418
132 422
132 434
132 438
132 458
132 473
132 495
132 498
133 53
133 60
133 106
133 243
133 245
133 253
133 325
133 407
133 409
133 468
134 160
134 167
134 185
134 191
134 193
134 202
134 232
134 248
134 329
134 377
134 384
134 385
134 425
134 437
135 49
135 50
135 96
135 159
135 284
135 372
135 381
135 412
135 423
136 3
136 6
136 31
136 54
136 66
136 90
136 98
136 105
136 111
136 131
136 152
136 156
136 157
136 206
136 209
136 212
136 260
136 261
136 295
136 302
136 322
136 358
136 362
136 363
136 365
136 374
136 383
136 388
136 432
136 447
136 457
136 474
136 486
136 489
136 490
136 491
136 497
136 498
137 1
137 14
137 27
137 95
137 155
137 322
137 324
137 394
137 448
137 453
138 3
138 55
138 181
138 201
138 205
138 264
138 310
138 334
138 350
138 375
138 459
139 3
139 35
139 77
139 119
139 162
139 214
139 271
139 380
139 400
139 438
139 454
139 485
140 23
140 24
140 36
140 52
140 57
140 75
140 84
140 97
140 147
140 169
140 182
140 184
140 207
140 222
140 225
140 254
140 256
140 273
140 291
140 306
140 327
140 331
140 340
140 364
140 392
140 404
140 410
140 413
140 487
141 17
141 30
141 70
141 97
141 102
141 127
141 203
141 251
141 270
141 276
141 287
141 292
141 386
141 389
141 391
141 426
141 444
142 5
142 50
142 80
142 195
142 200
142 227
142 239
142 348
142 419
142 427
143 3
143 12
143 28
143 29
143 56
143 73
143 80
143 89
143 94
143 111
143 132
143 184
143 186
143 197
143 198
143 204
143 262
143 273
143 305
143 312
143 319
143 324
143 333
143 348
143 359
143 364
143 369
143 405
143 418
143 422
143 434
143 438
144 17
144 27
144 58
144 70
144 102
144 111
144 124
144 127
144 203
144 247
144 251
144 268
144 270
144 276
144 279
144 282
144 287
144 292
144 318
144 386
144 389
144 426
144 433
144 444
145 6
145 10
145 25
145 26
145 37
145 39
145 43
145 53
145 71
145 74
145 89
145 109
145 122
145 146
145 147
145 188
145 197
145 221
145 241
145 252
145 265
145 268
145 275
145 298
145 314
145 318
145 360
145 390
145 394
145 395
145 426
145 437
145 441
145 449
145 463
145 472
145 474
146 6
146 25
146 26
146 37
146 39
146 40
146 60
146 64
146 74
146 109
146 145
146 147
146 148
146 163
146 241
146 265
146 268
146 275
146 298
146 314
146 375
146 408
146 426
146 449
146 463
146 468
146 472
146 474
147 6
147 20
147 25
147 26
147 37
147 40
147 43
147 53
147 64
147 74
147 92
147 109
147 122
147 140
147 145
147 146
147 148
147 163
147 188
147 197
147 214
147 221
147 268
147 275
147 310
147 314
147 360
147 389
147 390
147 408
147 422
147 441
147 449
147 463
147 472
147 474
148 6
148 10
148 25
148 26
148 37
148 39
148 40
148 43
148 64
148 74
148 109
148 118
148 122
148 146
148 147
148 183
148 188
148 194
148 197
148 211
148 241
148 264
148 268
148 275
148 313
148 314
148 348
148 437
148 441
148 449
148 463
148 472
148 474
148 490
149 60
149 243
149 245
149 262
149 263
149 325
149 356
149 405
149 424
149 435
149 455
149 458
149 468
150 3
150 12
150 60
150 89
150 94
150 132
150 186
150 218
150 244
150 312
150 319
150 333
150 348
150 356
150 359
150 369
150 405
150 422
150 434
151 21
151 56
151 76
151 87
151 296
151 393
151 402
152 13
152 31
152 54
152 60
152 71
152 74
152 90
152 98
152 105
152 129
152 131
152 136
152 156
152 157
152 168
152 199
152 206
152 209
152 212
152 251
152 255
152 260
152 261
152 268
152 302
152 322
152 358
152 362
152 363
152 365
152 374
152 383
152 395
152 405
152 413
152 432
152 457
152 481
152 486
152 489
152 490
152 491
152 497
152 498
153 132
153 191
153 232
153 329
153 364
153 377
153 425
154 20
154 28
154 32
154 46
154 110
154 169
154 212
154 295
154 299
154 332
154 348
154 361
154 370
154 433
154 460
154 486
154 494
155 14
155 27
155 101
155 137
155 323
155 485
156 39
156 40
156 54
156 90
156 98
156 105
156 131
156 136
156 152
156 157
156 206
156 209
156 212
156 241
156 255
156 256
156 260
156 261
156 302
156 322
156 342
156 358
156 362
156 363
156 365
156 374
156 383
156 395
156 432
156 440
156 442
156 457
156 486
156 489
156 490
156 491
156 497
156 498
157 26
157 31
157 54
157 90
157 98
157 101
157 105
157 131
157 136
157 152
157 156
157 161
157 168
157 206
157 209
157 212
157 255
157 260
157 261
157 296
157 302
157 322
157 332
157 358
157 362
157 363
157 365
157 374
157 382
157 383
157 395
157 432
157 457
157 477
157 486
157 489
157 490
157 497
158 36
158 55
158 173
158 190
158 192
158 201
158 219
158 239
158 264
158 297
158 310
158 371
158 375
158 417
158 459
158 479
159 2
159 9
159 45
159 104
159 114
159 117
159 135
159 163
159 166
159 173
159 230
159 231
159 233
159 246
159 289
159 317
159 334
159 348
159 403
159 411
159 447
159 462
159 480
159 482
159 499
160 124
160 134
160 176
160 191
160 232
160 248
160 329
160 373
160 377
160 385
160 425
161 11
161 157
161 171
161 259
161 286
161 343
161 469
162 35
162 77
162 119
162 139
162 214
162 271
162 335
162 380
162 386
162 400
162 422
162 454
162 485
163 6
163 10
163 25
163 26
163 37
163 39
163 40
163 43
163 64
163 73
163 74
163 91
163 109
163 118
163 122
163 146
163 147
163 159
163 188
163 197
163 221
163 241
163 250
163 268
163 275
163 284
163 344
163 350
163 359
163 360
163 388
163 422
163 437
163 441
163 449
163 463
163 472
163 474
164 115
164 219
164 221
164 278
164 307
164 308
164 368
164 477
165 65
165 218
165 237
165 331
165 376
165 454
165 475
166 2
166 8
166 9
166 45
166 47
166 114
166 117
166 159
166 230
166 231
166 233
166 246
166 289
166 317
166 319
166 334
166 411
166 447
166 462
166 473
166 480
166 482
167 33
167 62
167 68
167 83
167 106
167 120
167 121
167 134
167 186
167 200
167 210
167 227
167 229
167 281
167 339
167 366
167 367
167 421
167 440
167 442
167 443
167 464
167 487
168 8
168 31
168 54
168 90
168 94
168 98
168 105
168 131
168 152
168 157
168 204
168 212
168 238
168 245
168 260
168 261
168 302
168 322
168 339
168 358
168 363
168 374
168 383
168 395
168 421
168 457
168 481
168 486
168 490
168 491
168 497
169 24
169 52
169 58
169 84
169 140
169 154
169 182
169 207
169 222
169 275
169 291
169 340
169 392
169 410
170 32
170 50
170 195
170 227
170 239
170 419
170 427
171 11
171 161
171 302
171 343
171 369
171 469
171 483
171 492
172 1
172 16
172 27
172 41
172 67
172 101
172 320
172 324
172 342
172 399
172 427
172 448
172 453
173 158
173 159
173 232
173 315
173 329
173 335
173 377
173 425
174 3
174 80
174 94
174 111
174 132
174 178
174 203
174 312
174 369
174 405
174 422
175 5
175 50
175 195
175 200
175 227
175 239
175 294
175 301
175 378
175 389
175 419
175 427
176 17
176 70
176 102
176 127
176 160
176 203
176 233
176 251
176 276
176 282
176 287
176 292
176 318
176 386
176 389
176 426
176 444
177 107
177 115
177 278
177 330
177 368
177 461
178 68
178 174
178 281
178 366
178 421
178 440
178 443
179 16
179 27
179 323
179 324
179 373
179 453
180 16
180 43
180 101
180 200
180 320
180 324
180 342
180 394
180 453
181 36
181 55
181 123
181 138
181 201
181 264
181 277
181 310
181 363
181 375
181 459
181 480
182 24
182 52
182 84
182 132
182 140
182 169
182 207
182 251
182 273
182 291
182 340
182 392
182 410
183 6
183 17
183 58
183 70
183 85
183 97
183 102
183 117
183 127
183 148
183 203
183 229
183 247
183 251
183 270
183 276
183 279
183 282
183 283
183 287
183 292
183 318
183 386
183 389
183 399
183 422
183 426
183 431
183 444
183 485
184 3
184 7
184 12
184 14
184 29
184 63
184 66
184 71
184 75
184 79
184 80
184 85
184 89
184 94
184 111
184 132
184 140
184 143
184 186
184 198
184 199
184 204
184 211
184 213
184 241
184 251
184 262
184 305
184 312
184 319
184 333
184 347
184 348
184 359
184 369
184 388
184 405
184 418
184 422
184 429
184 434
184 438
184 449
184 473
185 27
185 29
185 89
185 124
185 134
185 191
185 193
185 202
185 228
185 232
185 237
185 248
185 258
185 315
185 329
185 377
185 385
186 3
186 7
186 12
186 29
186 54
186 63
186 66
186 71
186 79
186 80
186 89
186 94
186 111
186 132
186 143
186 150
186 167
186 184
186 187
186 198
186 204
186 211
186 213
186 255
186 262
186 292
186 304
186 305
186 312
186 319
186 333
186 348
186 359
186 364
186 369
186 373
186 383
186 388
186 405
186 412
186 418
186 422
186 434
186 438
186 452
186 472
186 473
187 49
187 96
187 186
187 267
187 284
187 372
187 412
188 6
188 26
188 34
188 37
188 39
188 43
188 64
188 66
188 89
188 109
188 118
188 122
188 145
188 147
188 148
188 163
188 197
188 221
188 241
188 268
188 276
188 350
188 360
188 390
188 413
188 441
188 463
188 472
188 474
188 486
189 19
189 34
189 42
189 125
189 130
189 207
189 357
189 391
189 445
190 55
190 158
190 201
190 264
190 285
190 459
191 5
191 35
191 50
191 124
191 134
191 153
191 160
191 185
191 193
191 202
191 228
191 232
191 240
191 248
191 258
191 315
191 329
191 346
191 351
191 368
191 377
191 385
191 425
191 461
191 499
192 22
192 36
192 51
192 55
192 158
192 201
192 264
192 287
192 297
192 304
192 310
192 371
192 375
192 385
192 459
193 7
193 124
193 134
193 185
193 191
193 232
193 240
193 315
193 329
193 377
193 385
193 425
193 440
193 499
194 17
194 58
194 70
194 148
194 203
194 213
194 251
194 276
194 282
194 287
194 292
194 318
194 359
194 389
194 392
194 444
195 15
195 33
195 50
195 79
195 99
195 106
195 142
195 170
195 175
195 200
195 227
195 234
195 239
195 293
195 301
195 302
195 325
195 337
195 378
195 419
195 429
195 456
195 466
195 493
196 68
196 121
196 281
196 421
196 440
196 487
196 500
197 6
197 10
197 25
197 26
197 37
197 39
197 40
197 43
197 64
197 73
197 74
197 109
197 118
197 122
197 143
197 145
197 147
197 148
197 163
197 188
197 198
197 221
197 227
197 241
197 268
197 275
197 323
197 350
197 374
197 383
197 432
197 434
197 437
197 441
197 449
197 463
197 472
197 474
198 3
198 12
198 20
198 29
198 79
198 80
198 89
198 94
198 111
198 129
198 132
198 143
198 184
198 186
198 197
198 204
198 213
198 262
198 305
198 312
198 319
198 333
198 348
198 359
198 369
198 378
198 388
198 405
198 409
198 422
198 434
198 438
198 443
198 465
199 24
199 63
199 90
199 98
199 152
199 184
199 212
199 255
199 261
199 302
199 363
199 374
199 486
200 5
200 15
200 50
200 142
200 167
200 175
200 180
200 195
200 227
200 239
200 378
200 419
200 426
201 22
201 36
201 38
201 51
201 55
201 74
201 94
201 98
201 138
201 158
201 181
201 190
201 192
201 205
201 219
201 236
201 264
201 277
201 297
201 304
201 310
201 375
201 417
201 459
201 463
202 134
202 185
202 191
202 232
202 329
202 345
202 369
202 377
202 385
202 425
203 17
203 26
203 58
203 68
203 70
203 97
203 102
203 127
203 141
203 144
203 174
203 176
203 183
203 194
203 220
203 221
203 235
203 247
203 251
203 270
203 276
203 279
203 282
203 283
203 287
203 292
203 318
203 383
203 386
203 387
203 389
203 399
203 407
203 426
203 431
203 444
203 474
204 3
204 12
204 29
204 33
204 63
204 66
204 71
204 79
204 80
204 89
204 94
204 111
204 118
204 129
204 132
204 143
204 168
204 184
204 186
204 198
204 209
204 211
204 262
204 276
204 299
204 305
204 312
204 319
204 333
204 348
204 359
204 364
204 369
204 377
204 388
204 405
204 418
204 422
204 434
204 438
204 459
204 473
205 55
205 138
205 201
205 264
205 297
205 310
205 375
205 390
205 423
205 459
206 90
206 98
206 105
206 136
206 152
206 156
206 157
206 209
206 212
206 243
206 246
206 255
206 260
206 261
206 284
206 302
206 322
206 358
206 363
206 374
206 383
206 388
206 426
206 432
206 457
206 473
206 486
206 490
207 23
207 24
207 27
207 52
207 75
207 84
207 90
207 140
207 169
207 182
207 189
207 222
207 225
207 254
207 256
207 273
207 281
207 291
207 306
207 327
207 331
207 340
207 341
207 392
207 404
207 410
207 413
207 418
207 472
208 68
208 83
208 106
208 120
208 210
208 224
208 229
208 267
208 281
208 339
208 366
208 367
208 374
208 421
208 440
208 441
208 443
208 464
208 478
208 487
208 500
209 31
209 40
209 54
209 89
209 90
209 98
209 121
209 136
209 152
209 156
209 157
209 204
209 206
209 212
209 255
209 260
209 261
209 302
209 322
209 358
209 362
209 363
209 365
209 374
209 386
209 395
209 432
209 449
209 457
209 486
209 490
209 497
209 498
210 62
210 68
210 83
210 89
210 106
210 120
210 121
210 167
210 208
210 224
210 229
210 281
210 302
210 303
210 309
210 339
210 360
210 366
210 367
210 415
210 421
210 440
210 442
210 443
210 464
210 487
210 489
210 497
210 500
211 3
211 12
211 29
211 66
211 71
211 79
211 80
211 89
211 94
211 111
211 132
211 148
211 184
211 186
211 204
211 222
211 262
211 289
211 312
211 315
211 319
211 333
211 348
211 354
211 359
211 369
211 374
211 388
211 405
211 418
211 422
211 434
211 438
211 453
211 473
211 489
212 31
212 41
212 54
212 90
212 98
212 105
212 131
212 136
212 152
212 154
212 156
212 157
212 168
212 199
212 206
212 209
212 222
212 255
212 258
212 260
212 261
212 302
212 308
212 319
212 322
212 327
212 350
212 355
212 358
212 362
212 363
212 365
212 374
212 379
212 383
212 395
212 432
212 457
212 474
212 481
212 486
212 489
212 490
212 491
212 497
212 498
213 3
213 6
213 12
213 29
213 68
213 80
213 89
213 94
213 132
213 184
213 186
213 194
213 198
213 305
213 312
213 333
213 348
213 359
213 369
213 402
213 405
213 418
213 422
213 434
213 438
213 448
214 35
214 77
214 119
214 139
214 147
214 162
214 271
214 311
214 335
214 380
214 400
214 406
214 454
214 485
215 67
215 236
215 238
215 311
215 344
215 355
215 371
215 405
215 461
215 472
216 243
216 245
216 312
216 322
216 325
216 409
216 424
216 458
216 468
217 9
217 96
217 242
217 280
217 372
217 412
218 13
218 81
218 150
218 165
218 245
218 272
218 345
218 353
218 376
218 405
218 450
218 471
218 475
219 55
219 158
219 164
219 201
219 264
219 310
219 375
219 417
219 459
219 481
220 17
220 97
220 127
220 203
220 247
220 251
220 386
220 433
220 444
221 6
221 25
221 26
221 37
221 39
221 40
221 43
221 64
221 73
221 74
221 109
221 118
221 122
221 127
221 145
221 147
221 163
221 164
221 188
221 197
221 203
221 228
221 241
221 268
221 275
221 298
221 314
221 350
221 360
221 421
221 431
221 437
221 441
221 449
221 463
221 468
221 472
221 474
221 490
222 24
222 52
222 57
222 75
222 84
222 140
222 169
222 207
222 211
222 212
222 240
222 254
222 273
222 291
222 331
222 340
222 392
222 395
222 410
222 413
223 32
223 35
223 332
223 361
223 416
223 433
224 68
224 83
224 106
224 208
224 210
224 281
224 404
224 440
224 487
225 84
225 98
225 140
225 207
225 340
225 410
226 11
226 257
226 259
226 286
226 453
226 492
227 5
227 15
227 50
227 74
227 99
227 142
227 167
227 170
227 175
227 195
227 197
227 200
227 234
227 239
227 293
227 301
227 337
227 350
227 378
227 419
227 427
227 429
227 443
227 456
227 466
227 478
228 185
228 191
228 221
228 232
228 315
228 329
228 377
228 425
229 49
229 68
229 83
229 106
229 120
229 121
229 167
229 183
229 208
229 210
229 281
229 303
229 344
229 366
229 376
229 421
229 440
229 443
229 464
229 487
229 500
230 87
230 159
230 166
230 246
230 289
230 411
230 462
230 480
231 2
231 114
231 117
231 159
231 166
231 233
231 246
231 289
231 317
231 334
231 345
231 395
231 411
231 480
232 63
232 65
232 111
232 124
232 134
232 153
232 160
232 173
232 185
232 191
232 193
232 202
232 228
232 236
232 240
232 248
232 258
232 315
232 319
232 329
232 346
232 351
232 377
232 385
232 425
232 499
233 2
233 159
233 166
233 176
233 231
233 246
233 411
234 50
234 65
234 90
234 99
234 195
234 227
234 239
234 378
234 419
235 17
235 97
235 102
235 106
235 203
235 251
235 270
235 279
235 282
235 287
235 292
235 386
235 389
235 426
235 438
235 444
236 4
236 61
236 67
236 78
236 112
236 201
236 215
236 232
236 238
236 253
236 260
236 268
236 269
236 285
236 288
236 311
236 341
236 344
236 371
236 446
236 495
237 13
237 65
237 81
237 132
237 165
237 185
237 272
237 294
237 345
237 370
237 376
237 450
237 475
237 476
237 496
238 4
238 61
238 67
238 112
238 131
238 168
238 215
238 236
238 288
238 311
238 344
238 347
238 355
238 371
238 414
238 423
238 446
238 461
238 495
239 5
239 15
239 33
239 50
239 89
239 99
239 142
239 158
239 170
239 175
239 195
239 200
239 227
239 234
239 247
239 301
239 311
239 337
239 378
239 410
239 419
239 427
239 429
239 478
240 58
240 191
240 193
240 222
240 232
240 248
240 329
240 377
240 425
241 6
241 10
241 25
241 26
241 37
241 39
241 40
241 43
241 46
241 53
241 64
241 70
241 73
241 74
241 109
241 118
241 122
241 145
241 146
241 148
241 156
241 163
241 184
241 188
241 197
241 221
241 247
241 268
241 275
241 298
241 311
241 360
241 377
241 390
241 432
241 441
241 463
241 472
241 474
242 49
242 82
242 96
242 118
242 217
242 267
242 280
242 284
242 314
242 372
242 381
242 412
242 423
242 467
242 481
243 60
243 91
243 105
243 126
243 131
243 133
243 149
243 206
243 216
243 245
243 253
243 290
243 321
243 325
243 336
243 356
243 369
243 409
243 424
243 435
243 451
243 458
243 468
244 18
244 69
244 70
244 150
244 313
244 382
244 428
244 439
244 470
245 14
245 91
245 105
245 126
245 133
245 149
245 168
245 216
245 218
245 243
245 253
245 290
245 321
245 325
245 336
245 356
245 407
245 409
245 424
245 435
245 451
245 458
245 468
246 2
246 9
246 45
246 58
246 70
246 114
246 117
246 159
246 166
246 206
246 230
246 231
246 233
246 289
246 297
246 317
246 334
246 403
246 411
246 446
246 447
246 462
246 480
246 482
247 13
247 17
247 58
247 70
247 80
247 97
247 102
247 127
247 144
247 183
247 203
247 220
247 239
247 241
247 251
247 270
247 276
247 279
247 282
247 287
247 292
247 318
247 322
247 369
247 386
247 389
247 426
247 431
247 444
248 124
248 134
248 160
248 185
248 191
248 232
248 240
248 315
248 319
248 329
248 361
248 377
248 385
248 425
249 28
249 32
249 106
249 361
249 416
249 430
250 21
250 56
250 72
250 74
250 87
250 93
250 95
250 96
250 116
250 163
250 266
250 290
250 296
250 326
250 328
250 384
250 393
250 401
250 402
250 408
250 463
250 484
250 488
250 496
251 3
251 17
251 58
251 70
251 97
251 102
251 113
251 127
251 141
251 144
251 152
251 176
251 182
251 183
251 184
251 194
251 203
251 220
251 235
251 247
251 270
251 276
251 279
251 282
251 283
251 287
251 292
251 318
251 386
251 387
251 389
251 397
251 399
251 401
251 411
251 426
251 431
251 444
251 446
252 107
252 115
252 145
252 307
252 309
252 368
253 3
253 60
253 91
253 133
253 236
253 243
253 245
253 292
253 325
253 407
253 409
253 424
253 458
253 468
254 24
254 52
254 79
254 84
254 140
254 207
254 222
254 273
254 291
254 340
254 392
254 410
254 413
254 422
255 45
255 54
255 90
255 98
255 105
255 131
255 152
255 156
255 157
255 186
255 199
255 206
255 209
255 212
255 260
255 261
255 264
255 302
255 322
255 358
255 363
255 374
255 383
255 396
255 410
255 432
255 433
255 457
255 486
255 490
255 497
255 498
256 84
256 140
256 156
256 207
256 291
256 340
256 392
256 413
257 11
257 24
257 226
257 259
257 469
257 492
258 185
258 191
258 212
258 232
258 377
258 385
258 455
259 11
259 161
259 226
259 257
259 469
259 472
259 483
259 492
260 28
260 55
260 90
260 94
260 98
260 105
260 131
260 136
260 152
260 156
260 157
260 168
260 206
260 209
260 212
260 236
260 255
260 261
260 287
260 302
260 322
260 351
260 358
260 362
260 363
260 374
260 383
260 395
260 416
260 432
260 457
260 481
260 486
260 489
260 490
260 491
260 497
260 498
261 25
261 31
261 54
261 80
261 90
261 98
261 101
261 105
261 131
261 136
261 152
261 156
261 157
261 168
261 199
261 206
261 209
261 212
261 255
261 260
261 286
261 302
261 307
261 322
261 340
261 358
261 362
261 363
261 365
261 374
261 383
261 395
261 432
261 442
261 457
261 468
261 486
261 490
261 491
261 497
261 498
262 3
262 7
262 12
262 29
262 54
262 63
262 66
262 68
262 71
262 79
262 80
262 94
262 111
262 132
262 143
262 149
262 184
262 186
262 198
262 204
262 211
262 292
262 305
262 312
262 319
262 333
262 348
262 358
262 359
262 364
262 369
262 373
262 376
262 388
262 405
262 418
262 422
262 431
262 434
262 438
262 463
262 473
262 474
263 60
263 149
263 279
263 299
263 324
263 325
263 424
263 468
264 22
264 55
264 123
264 138
264 148
264 158
264 181
264 190
264 192
264 201
264 205
264 219
264 255
264 277
264 297
264 310
264 375
264 381
264 459
264 479
265 26
265 145
265 146
265 268
265 338
265 355
265 463
265 489
266 21
266 56
266 87
266 93
266 95
266 116
266 250
266 296
266 326
266 328
266 333
266 384
266 393
266 394
266 402
266 408
266 410
266 444
266 488
266 491
267 3
267 49
267 82
267 96
267 187
267 208
267 242
267 280
267 284
267 322
267 372
267 412
267 423
268 6
268 10
268 25
268 26
268 37
268 39
268 40
268 43
268 53
268 64
268 74
268 98
268 109
268 118
268 127
268 144
268 145
268 146
268 147
268 148
268 152
268 163
268 188
268 197
268 221
268 236
268 241
268 265
268 270
268 275
268 298
268 314
268 350
268 360
268 377
268 390
268 428
268 437
268 441
268 449
268 457
268 463
268 472
268 474
269 67
269 236
269 291
269 311
269 355
269 446
269 471
269 495
270 17
270 58
270 70
270 97
270 102
270 127
270 141
270 144
270 183
270 203
270 235
270 247
270 251
270 268
270 276
270 277
270 279
270 282
270 287
270 292
270 318
270 333
270 337
270 366
270 386
270 389
270 399
270 402
270 426
270 431
270 444
271 35
271 54
271 77
271 139
271 162
271 214
271 400
271 406
271 425
271 454
271 485
272 13
272 31
272 65
272 81
272 218
272 237
272 294
272 329
272 353
272 376
272 450
272 471
272 475
272 476
272 494
273 10
273 17
273 24
273 52
273 75
273 84
273 140
273 143
273 182
273 207
273 222
273 254
273 291
273 340
273 392
273 410
273 413
274 8
274 47
274 59
274 108
274 128
274 322
274 436
274 465
275 6
275 7
275 10
275 21
275 26
275 39
275 40
275 43
275 53
275 64
275 74
275 98
275 118
275 122
275 145
275 146
275 147
275 148
275 163
275 169
275 197
275 221
275 241
275 268
275 283
275 298
275 314
275 350
275 360
275 366
275 390
275 437
275 441
275 444
275 445
275 449
275 463
275 472
275 474
276 17
276 53
276 58
276 70
276 97
276 102
276 110
276 127
276 141
276 144
276 176
276 183
276 188
276 194
276 203
276 204
276 247
276 251
276 270
276 279
276 282
276 287
276 292
276 318
276 383
276 386
276 389
276 397
276 399
276 400
276 426
276 431
276 444
276 463
276 491
277 22
277 55
277 181
277 201
277 264
277 270
277 297
277 310
277 375
277 406
277 459
278 55
278 89
278 107
278 115
278 123
278 164
278 177
278 307
278 308
278 330
278 368
278 412
278 477
279 17
279 56
279 58
279 70
279 97
279 102
279 105
279 127
279 144
279 183
279 203
279 235
279 247
279 251
279 263
279 270
279 276
279 282
279 287
279 292
279 318
279 386
279 389
279 405
279 411
279 426
279 429
279 431
279 444
279 459
280 49
280 86
280 96
280 217
280 242
280 267
280 284
280 372
280 412
280 422
280 423
280 463
281 21
281 62
281 68
281 83
281 95
281 106
281 120
281 121
281 167
281 178
281 196
281 207
281 208
281 210
281 224
281 229
281 300
281 303
281 339
281 358
281 366
281 367
281 421
281 440
281 442
281 443
281 460
281 464
281 487
281 490
281 500
282 3
282 17
282 58
282 70
282 97
282 102
282 113
282 122
282 124
282 127
282 144
282 176
282 183
282 194
282 203
282 235
282 247
282 251
282 270
282 276
282 279
282 287
282 292
282 318
282 328
282 364
282 386
282 387
282 389
282 395
282 399
282 426
282 431
282 441
282 444
282 449
283 17
283 72
283 97
283 102
283 183
283 203
283 251
283 275
283 287
283 292
283 318
283 386
283 389
283 426
283 444
284 49
284 96
284 135
284 163
284 187
284 206
284 242
284 267
284 280
284 372
284 381
284 386
284 412
284 423
285 62
285 67
285 190
285 236
285 446
285 495
286 11
286 161
286 226
286 261
286 483
286 492
287 17
287 58
287 66
287 70
287 84
287 97
287 102
287 113
287 127
287 131
287 141
287 144
287 176
287 183
287 192
287 194
287 203
287 235
287 247
287 251
287 260
287 270
287 276
287 279
287 282
287 283
287 288
287 292
287 300
287 318
287 381
287 386
287 389
287 397
287 426
287 431
287 444
288 67
288 78
288 236
288 238
288 287
288 311
288 350
288 446
288 461
289 2
289 111
289 117
289 159
289 166
289 211
289 230
289 231
289 246
289 309
289 317
289 334
289 411
289 462
289 480
289 482
290 26
290 60
290 91
290 243
290 245
290 250
290 321
290 325
290 336
290 407
290 409
290 435
290 458
290 463
290 468
291 23
291 24
291 52
291 57
291 71
291 75
291 81
291 84
291 140
291 169
291 182
291 207
291 222
291 254
291 256
291 269
291 273
291 306
291 327
291 340
291 389
291 392
291 404
291 410
291 413
291 449
291 457
292 17
292 31
292 58
292 70
292 97
292 102
292 111
292 127
292 141
292 144
292 176
292 183
292 186
292 194
292 203
292 235
292 247
292 251
292 253
292 262
292 270
292 276
292 279
292 282
292 283
292 287
292 308
292 318
292 386
292 389
292 397
292 399
292 418
292 426
292 431
292 444
292 474
293 50
293 99
293 195
293 227
293 302
293 429
294 65
294 81
294 175
294 237
294 272
294 345
294 376
294 417
294 450
294 462
294 471
294 475
294 496
295 20
295 46
295 136
295 154
295 332
295 361
295 419
295 430
295 433
296 21
296 56
296 79
296 87
296 95
296 116
296 151
296 157
296 250
296 266
296 306
296 326
296 328
296 358
296 384
296 393
296 402
296 408
296 456
296 484
296 488
297 36
297 55
297 100
297 158
297 192
297 201
297 205
297 246
297 264
297 277
297 310
297 322
297 375
297 417
297 459
297 479
298 6
298 10
298 17
298 26
298 37
298 39
298 40
298 43
298 64
298 73
298 74
298 102
298 118
298 122
298 145
298 146
298 221
298 241
298 268
298 275
298 314
298 323
298 360
298 369
298 386
298 434
298 441
298 463
298 474
299 20
299 83
299 154
299 204
299 263
299 332
299 361
299 370
299 415
299 416
299 433
299 452
299 460
299 494
300 68
300 83
300 281
300 287
300 379
300 443
300 487
300 500
301 50
301 79
301 175
301 195
301 227
301 239
301 305
301 378
302 31
302 54
302 90
302 91
302 98
302 105
302 131
302 136
302 152
302 156
302 157
302 168
302 171
302 195
302 199
302 206
302 209
302 210
302 212
302 255
302 260
302 261
302 293
302 310
302 322
302 333
302 358
302 362
302 363
302 365
302 374
302 379
302 383
302 386
302 395
302 432
302 457
302 481
302 486
302 489
302 490
302 491
302 492
302 497
302 498
303 68
303 83
303 106
303 120
303 210
303 229
303 281
303 366
303 367
303 421
303 440
303 443
303 464
303 472
303 486
303 487
304 55
304 101
304 186
304 192
304 201
304 310
304 375
304 459
305 3
305 7
305 12
305 21
305 29
305 39
305 63
305 70
305 71
305 79
305 80
305 89
305 94
305 111
305 132
305 143
305 184
305 186
305 198
305 204
305 213
305 262
305 301
305 312
305 319
305 333
305 348
305 359
305 360
305 364
305 369
305 373
305 388
305 405
305 415
305 418
305 422
305 434
305 438
305 473
305 475
305 496
306 24
306 52
306 84
306 140
306 207
306 291
306 296
306 340
306 357
306 392
306 410
307 107
307 115
307 120
307 164
307 252
307 261
307 278
307 330
307 368
307 477
308 107
308 115
308 164
308 212
308 278
308 292
308 330
308 368
308 477
309 68
309 83
309 106
309 210
309 252
309 289
309 421
309 487
309 500
310 22
310 36
310 37
310 38
310 55
310 122
310 138
310 147
310 158
310 181
310 192
310 201
310 205
310 219
310 264
310 277
310 297
310 302
310 304
310 375
310 405
310 459
310 479
311 4
311 61
311 67
311 78
311 112
311 121
311 131
311 214
311 215
311 236
311 238
311 239
311 241
311 269
311 288
311 334
311 341
311 344
311 347
311 355
311 371
311 414
311 446
311 461
311 493
311 495
312 3
312 12
312 29
312 58
312 63
312 64
312 66
312 71
312 74
312 79
312 80
312 89
312 94
312 111
312 129
312 132
312 143
312 150
312 174
312 184
312 186
312 198
312 204
312 211
312 213
312 216
312 262
312 305
312 319
312 333
312 348
312 359
312 363
312 364
312 365
312 369
312 388
312 389
312 405
312 418
312 422
312 432
312 434
312 438
312 473
312 497
313 69
313 80
313 103
313 148
313 244
313 382
313 428
313 439
314 6
314 25
314 26
314 37
314 39
314 43
314 64
314 74
314 89
314 122
314 145
314 146
314 147
314 148
314 221
314 242
314 268
314 275
314 298
314 325
314 333
314 360
314 367
314 390
314 405
314 441
314 449
314 463
314 472
314 474
314 497
315 90
315 124
315 173
315 185
315 191
315 193
315 211
315 228
315 232
315 248
315 329
315 377
315 385
315 394
315 425
316 14
316 27
316 54
316 129
316 323
316 324
316 342
316 394
316 453
317 2
317 59
317 117
317 159
317 166
317 231
317 246
317 289
317 333
317 334
317 403
317 411
317 447
317 462
317 480
317 482
317 486
318 17
318 53
318 58
318 70
318 97
318 102
318 113
318 127
318 144
318 145
318 176
318 183
318 194
318 203
318 247
318 251
318 270
318 276
318 279
318 282
318 283
318 287
318 292
318 320
318 360
318 386
318 387
318 389
318 392
318 414
318 426
318 431
318 439
318 444
319 3
319 12
319 29
319 71
319 73
319 79
319 80
319 89
319 94
319 111
319 132
319 143
319 150
319 166
319 184
319 186
319 198
319 204
319 211
319 212
319 232
319 248
319 262
319 305
319 312
319 333
319 348
319 364
319 369
319 374
319 388
319 405
319 418
319 422
319 434
319 438
319 446
319 473
319 490
320 27
320 101
320 127
320 172
320 180
320 318
320 342
320 448
320 453
321 91
321 243
321 245
321 290
321 325
321 370
321 407
321 458
321 468
322 31
322 54
322 90
322 98
322 105
322 114
322 131
322 136
322 137
322 152
322 156
322 157
322 168
322 206
322 209
322 212
322 216
322 247
322 255
322 260
322 261
322 267
322 274
322 297
322 302
322 358
322 363
322 365
322 374
322 383
322 395
322 420
322 432
322 457
322 486
322 490
322 491
322 497
323 1
323 14
323 16
323 27
323 41
323 44
323 48
323 101
323 131
323 155
323 179
323 197
323 298
323 316
323 324
323 342
323 384
323 394
323 448
323 453
324 1
324 14
324 25
324 27
324 41
324 56
324 101
324 137
324 143
324 172
324 179
324 180
324 263
324 316
324 323
324 342
324 354
324 394
324 396
324 453
325 60
325 91
325 107
325 126
325 133
325 149
325 195
325 216
325 243
325 245
325 253
325 263
325 290
325 314
325 321
325 336
325 356
325 407
325 409
325 416
325 424
325 426
325 427
325 435
325 451
325 455
325 458
325 468
326 21
326 56
326 250
326 266
326 296
326 384
326 393
327 24
327 84
327 140
327 207
327 212
327 291
327 340
328 21
328 56
328 87
328 95
328 122
328 250
328 266
328 282
328 296
328 384
328 393
328 402
329 34
329 63
329 92
329 124
329 134
329 153
329 160
329 173
329 185
329 191
329 193
329 202
329 228
329 232
329 240
329 248
329 272
329 315
329 346
329 351
329 377
329 385
329 425
330 97
330 107
330 115
330 120
330 177
330 278
330 307
330 308
330 352
330 368
330 400
330 477
331 29
331 84
331 140
331 165
331 207
331 222
331 340
331 392
332 20
332 28
332 100
332 154
332 157
332 223
332 295
332 299
332 361
332 415
332 416
332 452
332 473
332 494
333 3
333 7
333 12
333 29
333 43
333 63
333 66
333 71
333 79
333 80
333 85
333 89
333 94
333 105
333 111
333 129
333 132
333 143
333 150
333 184
333 186
333 198
333 204
333 211
333 213
333 262
333 266
333 270
333 302
333 305
333 312
333 314
333 317
333 319
333 348
333 359
333 364
333 369
333 372
333 373
333 388
333 405
333 409
333 418
333 422
333 426
333 434
333 438
333 473
334 2
334 117
334 138
334 159
334 166
334 231
334 246
334 289
334 311
334 317
334 411
334 462
334 480
335 35
335 162
335 173
335 214
335 454
335 485
336 10
336 60
336 126
336 129
336 243
336 245
336 290
336 325
336 407
336 409
336 451
336 458
336 468
337 195
337 227
337 239
337 270
337 419
337 429
338 6
338 26
338 36
338 37
338 39
338 40
338 43
338 64
338 118
338 122
338 265
338 413
338 463
338 472
339 27
339 68
339 83
339 106
339 120
339 121
339 167
339 168
339 208
339 210
339 281
339 366
339 367
339 421
339 440
339 441
339 443
339 474
339 487
339 500
340 23
340 24
340 41
340 52
340 57
340 75
340 84
340 87
340 132
340 140
340 169
340 182
340 207
340 222
340 225
340 254
340 256
340 261
340 273
340 291
340 306
340 327
340 331
340 384
340 392
340 410
340 413
341 4
341 61
341 67
341 78
341 112
341 207
341 236
341 311
341 344
341 355
341 365
341 371
341 461
342 1
342 14
342 16
342 27
342 41
342 44
342 48
342 84
342 94
342 101
342 106
342 156
342 172
342 180
342 316
342 320
342 323
342 324
342 394
342 432
342 453
343 11
343 18
343 161
343 171
343 451
343 483
344 61
344 67
344 78
344 112
344 163
344 215
344 229
344 236
344 238
344 311
344 341
344 355
344 359
344 371
344 414
344 446
344 495
345 81
345 202
345 218
345 231
345 237
345 294
345 376
345 496
346 191
346 232
346 329
346 377
346 385
346 425
347 67
347 184
347 238
347 311
347 355
347 493
348 3
348 7
348 12
348 29
348 39
348 66
348 71
348 79
348 80
348 83
348 89
348 94
348 111
348 132
348 142
348 143
348 148
348 150
348 154
348 159
348 184
348 186
348 198
348 204
348 211
348 213
348 262
348 305
348 312
348 319
348 333
348 359
348 364
348 369
348 388
348 405
348 418
348 422
348 429
348 434
348 438
348 439
348 460
348 473
349 46
349 75
349 361
349 430
349 433
349 452
349 457
350 6
350 25
350 26
350 37
350 39
350 40
350 43
350 53
350 64
350 74
350 109
350 138
350 163
350 188
350 197
350 212
350 221
350 227
350 268
350 275
350 288
350 441
350 449
350 463
350 472
350 474
350 500
351 63
351 124
351 191
351 232
351 260
351 329
351 377
351 425
352 107
352 115
352 330
352 368
352 457
352 477
353 13
353 40
353 65
353 81
353 218
353 272
353 376
353 388
353 450
353 466
353 471
353 476
353 496
354 14
354 16
354 27
354 47
354 101
354 211
354 324
354 394
354 453
355 4
355 53
355 55
355 61
355 67
355 78
355 112
355 212
355 215
355 238
355 265
355 269
355 311
355 341
355 344
355 347
355 414
355 446
355 493
355 495
356 40
356 43
356 60
356 149
356 150
356 243
356 245
356 325
356 409
356 424
356 468
357 34
357 42
357 71
357 125
357 130
357 189
357 306
357 445
358 25
358 31
358 50
358 54
358 71
358 90
358 98
358 105
358 107
358 131
358 136
358 152
358 156
358 157
358 168
358 206
358 209
358 212
358 255
358 260
358 261
358 262
358 281
358 296
358 302
358 322
358 362
358 363
358 365
358 374
358 379
358 383
358 393
358 395
358 412
358 432
358 457
358 481
358 486
358 489
358 490
358 491
358 497
358 498
359 3
359 12
359 19
359 29
359 63
359 66
359 71
359 79
359 80
359 89
359 94
359 99
359 103
359 111
359 129
359 132
359 143
359 150
359 163
359 184
359 186
359 194
359 198
359 204
359 211
359 213
359 262
359 305
359 312
359 333
359 344
359 348
359 364
359 369
359 388
359 405
359 409
359 418
359 422
359 424
359 434
359 438
359 473
360 6
360 26
360 37
360 39
360 40
360 43
360 53
360 73
360 109
360 118
360 122
360 145
360 147
360 163
360 188
360 210
360 221
360 241
360 268
360 275
360 298
360 305
360 314
360 318
360 369
360 374
360 463
360 472
360 474
360 480
361 2
361 20
361 28
361 32
361 46
361 86
361 100
361 110
361 154
361 223
361 248
361 249
361 295
361 299
361 332
361 349
361 365
361 370
361 415
361 416
361 420
361 421
361 430
361 433
361 452
361 460
361 474
361 494
362 28
362 54
362 88
362 90
362 98
362 105
362 106
362 136
362 152
362 156
362 157
362 209
362 212
362 260
362 261
362 302
362 358
362 363
362 365
362 374
362 383
362 388
362 395
362 405
362 432
362 438
362 457
362 486
362 490
362 491
363 12
363 27
363 31
363 43
363 54
363 55
363 64
363 90
363 98
363 105
363 131
363 136
363 152
363 156
363 157
363 168
363 181
363 199
363 206
363 209
363 212
363 255
363 260
363 261
363 302
363 312
363 322
363 358
363 362
363 365
363 374
363 379
363 383
363 395
363 410
363 432
363 457
363 481
363 486
363 489
363 490
363 491
363 497
363 498
364 3
364 7
364 77
364 80
364 89
364 94
364 111
364 122
364 132
364 140
364 143
364 153
364 186
364 204
364 262
364 282
364 305
364 312
364 319
364 333
364 348
364 359
364 369
364 388
364 405
364 418
364 422
364 434
364 438
364 473
364 485
365 54
365 90
365 94
365 98
365 105
365 107
365 109
365 136
365 152
365 156
365 157
365 209
365 212
365 261
365 302
365 312
365 322
365 341
365 358
365 361
365 362
365 363
365 374
365 383
365 395
365 432
365 457
365 486
365 489
365 490
365 491
365 497
365 498
366 62
366 64
366 68
366 83
366 106
366 120
366 167
366 178
366 208
366 210
366 229
366 270
366 275
366 281
366 303
366 339
366 367
366 389
366 390
366 421
366 440
366 442
366 443
366 464
366 487
366 500
367 17
367 68
367 83
367 106
367 114
367 120
367 167
367 208
367 210
367 281
367 303
367 314
367 339
367 366
367 421
367 432
367 438
367 440
367 442
367 443
367 464
367 487
367 500
368 100
368 107
368 115
368 123
368 164
368 177
368 191
368 252
368 278
368 307
368 308
368 330
368 352
368 477
368 500
369 3
369 12
369 29
369 59
369 66
369 71
369 79
369 80
369 89
369 94
369 111
369 124
369 132
369 143
369 150
369 171
369 174
369 184
369 186
369 198
369 202
369 204
369 211
369 213
369 243
369 247
369 262
369 298
369 305
369 312
369 319
369 333
369 348
369 359
369 360
369 364
369 388
369 405
369 418
369 422
369 434
369 438
369 440
369 473
370 20
370 46
370 100
370 154
370 237
370 299
370 321
370 361
370 433
370 452
371 4
371 61
371 67
371 78
371 112
371 158
371 192
371 215
371 236
371 238
371 311
371 341
371 344
371 414
371 431
371 434
371 446
371 461
371 495
372 49
372 82
372 96
372 135
372 187
372 217
372 242
372 267
372 280
372 284
372 333
372 381
372 412
372 423
372 444
372 467
373 3
373 12
373 20
373 94
373 160
373 179
373 186
373 262
373 305
373 333
373 388
373 405
373 418
373 422
373 438
373 449
374 31
374 43
374 54
374 70
374 90
374 97
374 98
374 105
374 131
374 136
374 152
374 156
374 157
374 168
374 197
374 199
374 206
374 208
374 209
374 211
374 212
374 255
374 260
374 261
374 302
374 319
374 322
374 358
374 360
374 362
374 363
374 365
374 379
374 383
374 395
374 418
374 432
374 457
374 481
374 486
374 489
374 490
374 491
374 497
374 498
374 500
375 1
375 22
375 36
375 38
375 46
375 51
375 55
375 66
375 82
375 138
375 146
375 158
375 181
375 192
375 201
375 205
375 219
375 264
375 277
375 297
375 304
375 310
375 417
375 444
375 459
375 479
376 6
376 13
376 165
376 218
376 229
376 237
376 262
376 272
376 294
376 345
376 353
376 450
376 475
376 476
376 496
377 11
377 97
377 124
377 134
377 153
377 160
377 173
377 185
377 191
377 193
377 202
377 204
377 228
377 232
377 240
377 241
377 248
377 258
377 268
377 315
377 329
377 346
377 351
377 385
377 425
377 499
378 33
378 50
378 79
378 175
378 195
378 198
378 200
378 227
378 234
378 239
378 301
378 415
378 419
378 427
378 429
379 90
379 98
379 212
379 300
379 302
379 358
379 363
379 374
379 490
380 139
380 162
380 214
380 400
380 454
380 485
381 49
381 96
381 135
381 242
381 264
381 284
381 287
381 372
381 423
382 18
382 69
382 103
382 157
382 244
382 313
382 428
382 439
382 474
383 31
383 54
383 56
383 58
383 90
383 98
383 105
383 120
383 131
383 136
383 152
383 156
383 157
383 168
383 186
383 197
383 203
383 206
383 212
383 255
383 260
383 261
383 276
383 302
383 322
383 358
383 362
383 363
383 365
383 374
383 395
383 432
383 457
383 473
383 486
383 489
383 490
383 497
383 498
384 16
384 21
384 56
384 72
384 87
384 93
384 95
384 116
384 122
384 134
384 250
384 266
384 296
384 323
384 326
384 328
384 340
384 393
384 402
384 408
384 422
384 475
384 484
385 118
385 128
385 134
385 160
385 185
385 191
385 192
385 193
385 202
385 232
385 248
385 258
385 315
385 329
385 346
385 377
385 386
385 425
386 17
386 37
386 52
386 58
386 70
386 97
386 102
386 111
386 113
386 127
386 141
386 144
386 162
386 176
386 183
386 203
386 209
386 220
386 235
386 247
386 251
386 270
386 276
386 279
386 282
386 283
386 284
386 287
386 292
386 298
386 302
386 318
386 385
386 387
386 389
386 397
386 399
386 416
386 426
386 431
386 444
387 80
387 203
387 251
387 282
387 318
387 386
387 389
387 444
388 3
388 7
388 12
388 29
388 66
388 71
388 79
388 80
388 85
388 89
388 94
388 105
388 111
388 132
388 136
388 163
388 184
388 186
388 198
388 204
388 206
388 211
388 262
388 305
388 312
388 319
388 333
388 348
388 353
388 359
388 362
388 364
388 369
388 373
388 405
388 418
388 420
388 422
388 434
388 438
388 442
388 473
388 497
389 17
389 58
389 70
389 97
389 102
389 113
389 127
389 141
389 144
389 147
389 175
389 176
389 183
389 194
389 203
389 235
389 247
389 251
389 270
389 276
389 279
389 282
389 283
389 287
389 291
389 292
389 312
389 318
389 366
389 386
389 387
389 397
389 399
389 426
389 427
389 431
389 443
389 444
389 496
390 6
390 25
390 26
390 29
390 39
390 40
390 43
390 53
390 64
390 74
390 90
390 109
390 115
390 118
390 122
390 145
390 147
390 188
390 205
390 241
390 268
390 275
390 314
390 366
390 437
390 441
390 463
390 472
390 474
390 498
391 34
391 42
391 125
391 141
391 189
391 398
391 445
392 24
392 40
392 42
392 52
392 57
392 75
392 84
392 87
392 119
392 140
392 169
392 182
392 194
392 207
392 222
392 254
392 256
392 273
392 291
392 306
392 318
392 331
392 340
392 404
392 410
392 413
393 21
393 56
393 72
393 87
393 93
393 95
393 113
393 151
393 250
393 266
393 296
393 326
393 328
393 358
393 384
393 401
393 402
393 408
393 468
393 472
393 484
393 488
394 14
394 16
394 27
394 32
394 41
394 44
394 101
394 137
394 145
394 180
394 266
394 315
394 316
394 323
394 324
394 342
394 354
394 448
394 453
395 31
395 40
395 43
395 54
395 61
395 90
395 98
395 105
395 131
395 145
395 152
395 156
395 157
395 168
395 209
395 212
395 222
395 231
395 260
395 261
395 282
395 302
395 322
395 358
395 362
395 363
395 365
395 374
395 383
395 432
395 457
395 481
395 486
395 489
395 490
395 497
396 16
396 27
396 41
396 101
396 255
396 324
396 424
397 17
397 97
397 110
397 251
397 276
397 287
397 292
397 386
397 389
397 426
397 431
397 444
398 30
398 42
398 112
398 125
398 391
398 445
399 11
399 17
399 70
399 84
399 97
399 127
399 172
399 183
399 203
399 251
399 270
399 276
399 282
399 292
399 386
399 389
399 426
399 431
399 444
400 35
400 119
400 139
400 162
400 214
400 271
400 276
400 330
400 380
400 406
400 454
400 485
401 56
401 87
401 95
401 250
401 251
401 393
402 3
402 21
402 26
402 56
402 87
402 95
402 151
402 213
402 250
402 266
402 270
402 296
402 328
402 384
402 393
402 408
403 7
403 45
403 159
403 246
403 317
403 411
403 480
404 140
404 207
404 224
404 291
404 392
404 410
405 3
405 7
405 12
405 29
405 63
405 66
405 71
405 79
405 80
405 83
405 85
405 89
405 94
405 111
405 129
405 132
405 143
405 149
405 150
405 152
405 174
405 184
405 186
405 198
405 204
405 211
405 213
405 215
405 218
405 262
405 279
405 305
405 310
405 312
405 314
405 319
405 333
405 348
405 359
405 362
405 364
405 369
405 373
405 388
405 410
405 418
405 422
405 434
405 438
405 473
406 35
406 43
406 214
406 271
406 277
406 400
406 454
406 485
407 31
407 60
407 91
407 133
407 203
407 245
407 253
407 290
407 321
407 325
407 336
407 414
407 424
407 468
408 21
408 56
408 87
408 95
408 146
408 147
408 250
408 266
408 296
408 384
408 393
408 402
409 4
409 91
409 133
409 198
409 216
409 243
409 245
409 253
409 290
409 325
409 333
409 336
409 356
409 359
409 424
409 435
409 468
410 23
410 24
410 52
410 57
410 74
410 75
410 84
410 140
410 169
410 182
410 207
410 222
410 225
410 239
410 254
410 255
410 266
410 273
410 291
410 306
410 340
410 363
410 392
410 404
410 405
410 413
410 459
411 2
411 6
411 9
411 26
411 45
411 104
411 114
411 117
411 159
411 166
411 230
411 231
411 233
411 246
411 251
411 279
411 289
411 317
411 334
411 403
411 440
411 447
411 462
411 480
411 482
412 49
412 82
412 86
412 96
412 135
412 186
412 187
412 217
412 242
412 267
412 278
412 280
412 284
412 358
412 372
412 423
412 438
412 467
413 24
413 52
413 75
413 84
413 140
413 152
413 188
413 207
413 222
413 254
413 256
413 273
413 291
413 338
413 340
413 392
413 410
414 67
414 112
414 238
414 311
414 318
414 344
414 355
414 371
414 407
414 446
414 495
415 28
415 32
415 46
415 100
415 210
415 299
415 305
415 332
415 361
415 378
415 430
415 433
415 460
416 20
416 28
416 32
416 46
416 223
416 249
416 260
416 299
416 325
416 332
416 361
416 386
416 420
416 430
416 433
416 460
417 38
417 55
417 158
417 201
417 219
417 294
417 297
417 375
417 437
418 3
418 12
418 29
418 37
418 54
418 66
418 71
418 79
418 80
418 85
418 89
418 90
418 94
418 111
418 129
418 132
418 143
418 184
418 186
418 204
418 207
418 211
418 213
418 262
418 292
418 305
418 312
418 319
418 333
418 348
418 359
418 364
418 369
418 373
418 374
418 388
418 405
418 422
418 434
418 438
418 473
418 488
418 490
419 5
419 15
419 50
419 73
419 99
419 142
419 170
419 175
419 195
419 200
419 227
419 234
419 239
419 295
419 337
419 378
419 427
419 429
419 456
419 457
419 458
419 466
420 32
420 322
420 361
420 388
420 416
420 430
420 433
420 452
421 67
421 68
421 78
421 83
421 106
421 118
421 120
421 121
421 167
421 168
421 178
421 196
421 208
421 210
421 221
421 229
421 281
421 303
421 309
421 339
421 361
421 366
421 367
421 440
421 442
421 443
421 464
421 469
421 487
421 500
422 3
422 7
422 12
422 29
422 63
422 66
422 71
422 78
422 79
422 80
422 84
422 85
422 89
422 94
422 111
422 129
422 132
422 143
422 147
422 150
422 162
422 163
422 174
422 183
422 184
422 186
422 198
422 204
422 211
422 213
422 254
422 262
422 280
422 305
422 312
422 319
422 333
422 348
422 359
422 364
422 369
422 373
422 384
422 388
422 405
422 418
422 434
422 438
422 452
422 473
423 49
423 86
423 96
423 135
423 205
423 238
423 242
423 267
423 280
423 284
423 372
423 381
423 412
423 467
424 60
424 149
424 216
424 243
424 245
424 253
424 263
424 325
424 356
424 359
424 396
424 407
424 409
424 435
424 455
424 457
424 464
424 468
425 54
425 112
425 124
425 134
425 153
425 160
425 173
425 191
425 193
425 202
425 228
425 232
425 240
425 248
425 271
425 315
425 329
425 346
425 351
425 377
425 385
425 428
425 450
425 499
426 17
426 58
426 70
426 97
426 102
426 113
426 127
426 141
426 144
426 145
426 146
426 176
426 183
426 200
426 203
426 206
426 235
426 247
426 251
426 270
426 276
426 279
426 282
426 283
426 287
426 292
426 318
426 325
426 333
426 386
426 389
426 397
426 399
426 431
426 444
426 446
426 472
427 5
427 50
427 99
427 142
427 170
427 172
427 175
427 227
427 239
427 325
427 378
427 389
427 419
427 429
427 456
428 18
428 69
428 84
428 92
428 103
428 244
428 268
428 313
428 382
428 425
428 439
428 470
429 15
429 33
429 50
429 66
429 184
429 195
429 227
429 239
429 279
429 293
429 337
429 348
429 378
429 419
429 427
429 456
429 466
429 478
430 20
430 32
430 46
430 83
430 249
430 295
430 349
430 361
430 415
430 416
430 420
430 433
431 7
431 17
431 44
431 58
431 70
431 97
431 102
431 127
431 183
431 203
431 221
431 247
431 251
431 262
431 270
431 276
431 279
431 282
431 287
431 292
431 318
431 371
431 386
431 389
431 397
431 399
431 426
431 444
431 486
432 31
432 54
432 71
432 79
432 90
432 98
432 105
432 111
432 131
432 136
432 152
432 156
432 157
432 197
432 206
432 209
432 212
432 241
432 255
432 260
432 261
432 302
432 312
432 322
432 342
432 358
432 362
432 363
432 365
432 367
432 374
432 383
432 395
432 457
432 481
432 486
432 489
432 490
432 491
432 497
433 20
433 28
433 32
433 41
433 46
433 90
433 100
433 110
433 144
433 154
433 220
433 223
433 255
433 295
433 299
433 349
433 361
433 370
433 415
433 416
433 420
433 430
433 452
433 460
433 494
434 3
434 7
434 12
434 16
434 25
434 29
434 66
434 71
434 79
434 80
434 89
434 94
434 105
434 111
434 115
434 127
434 129
434 132
434 143
434 150
434 184
434 186
434 197
434 198
434 204
434 211
434 213
434 262
434 298
434 305
434 312
434 319
434 333
434 348
434 359
434 364
434 369
434 371
434 388
434 405
434 418
434 422
434 438
434 473
434 491
435 10
435 104
435 149
435 243
435 245
435 290
435 325
435 409
435 424
435 451
435 458
435 468
436 47
436 59
436 76
436 88
436 128
436 274
436 465
436 481
437 10
437 26
437 37
437 40
437 42
437 43
437 89
437 118
437 122
437 134
437 145
437 148
437 163
437 197
437 221
437 268
437 275
437 390
437 417
437 441
437 449
437 472
437 474
438 3
438 12
438 29
438 66
438 80
438 89
438 94
438 111
438 131
438 132
438 139
438 143
438 184
438 186
438 198
438 204
438 211
438 213
438 235
438 262
438 305
438 312
438 319
438 333
438 348
438 359
438 362
438 364
438 367
438 369
438 373
438 388
438 405
438 412
438 418
438 422
438 434
438 441
438 467
438 473
438 500
439 18
439 69
439 244
439 313
439 318
439 348
439 382
439 428
439 470
440 62
440 68
440 83
440 106
440 120
440 121
440 122
440 156
440 167
440 178
440 193
440 196
440 208
440 210
440 224
440 229
440 281
440 303
440 339
440 366
440 367
440 369
440 411
440 421
440 442
440 443
440 464
440 487
440 491
440 500
441 6
441 10
441 25
441 26
441 37
441 39
441 40
441 43
441 53
441 58
441 64
441 74
441 109
441 118
441 122
441 145
441 147
441 148
441 163
441 188
441 197
441 208
441 221
441 241
441 268
441 275
441 282
441 298
441 314
441 339
441 350
441 390
441 437
441 438
441 449
441 463
441 472
441 474
441 486
441 487
441 490
442 26
442 68
442 83
442 106
442 120
442 156
442 167
442 210
442 261
442 281
442 366
442 367
442 388
442 421
442 440
442 443
442 487
442 500
443 37
443 62
443 68
443 83
443 106
443 120
443 121
443 167
443 178
443 198
443 208
443 210
443 227
443 229
443 281
443 300
443 303
443 339
443 366
443 367
443 389
443 421
443 440
443 442
443 464
443 473
443 487
443 500
444 17
444 37
444 58
444 70
444 97
444 102
444 127
444 141
444 144
444 176
444 183
444 194
444 203
444 220
444 235
444 247
444 251
444 266
444 270
444 275
444 276
444 279
444 282
444 283
444 287
444 292
444 318
444 372
444 375
444 386
444 387
444 389
444 397
444 399
444 426
444 431
444 457
444 497
444 498
445 19
445 30
445 34
445 42
445 129
445 130
445 189
445 275
445 357
445 391
445 398
446 61
446 67
446 78
446 94
446 112
446 236
446 238
446 246
446 251
446 269
446 285
446 288
446 311
446 319
446 344
446 355
446 371
446 414
446 426
446 461
446 493
446 495
447 136
447 159
447 166
447 246
447 317
447 411
448 16
448 27
448 44
448 101
448 137
448 172
448 213
448 320
448 323
448 394
448 449
449 6
449 10
449 25
449 26
449 39
449 40
449 43
449 53
449 64
449 74
449 105
449 118
449 122
449 145
449 146
449 147
449 148
449 163
449 184
449 197
449 209
449 221
449 268
449 275
449 282
449 291
449 314
449 350
449 373
449 437
449 441
449 448
449 463
449 472
449 473
449 474
450 6
450 81
450 218
450 237
450 272
450 294
450 353
450 376
450 425
450 475
450 476
450 496
451 60
451 91
451 243
451 245
451 325
451 336
451 343
451 435
451 468
452 20
452 28
452 32
452 46
452 100
452 110
452 186
452 299
452 332
452 349
452 361
452 370
452 420
452 422
452 433
452 460
452 468
452 494
453 1
453 12
453 14
453 16
453 27
453 39
453 41
453 44
453 48
453 61
453 101
453 137
453 172
453 179
453 180
453 211
453 226
453 316
453 320
453 323
453 324
453 342
453 354
453 394
454 35
454 48
454 119
454 139
454 162
454 165
454 214
454 271
454 335
454 380
454 400
454 406
454 464
454 485
455 91
455 149
455 258
455 325
455 424
455 468
456 50
456 120
456 195
456 227
456 296
456 419
456 427
456 429
457 31
457 44
457 54
457 64
457 90
457 98
457 105
457 131
457 136
457 152
457 156
457 157
457 168
457 206
457 209
457 212
457 255
457 260
457 261
457 268
457 291
457 302
457 322
457 349
457 352
457 358
457 362
457 363
457 365
457 374
457 383
457 395
457 419
457 424
457 432
457 444
457 470
457 481
457 486
457 489
457 490
457 491
457 497
457 498
458 60
458 69
458 91
458 132
458 149
458 216
458 243
458 245
458 253
458 290
458 321
458 325
458 336
458 419
458 435
458 468
459 11
459 22
459 36
459 38
459 51
459 55
459 102
459 138
459 158
459 181
459 190
459 192
459 201
459 204
459 205
459 219
459 264
459 277
459 279
459 297
459 304
459 310
459 375
459 410
459 492
460 20
460 28
460 32
460 46
460 154
460 281
460 299
460 348
460 361
460 415
460 416
460 433
460 452
460 472
461 61
461 67
461 78
461 177
461 191
461 215
461 238
461 288
461 311
461 341
461 371
461 446
461 490
461 495
462 9
462 53
462 104
462 117
462 159
462 166
462 230
462 246
462 289
462 294
462 317
462 334
462 411
462 480
463 2
463 6
463 10
463 25
463 26
463 37
463 39
463 40
463 43
463 53
463 64
463 68
463 73
463 74
463 80
463 109
463 118
463 122
463 145
463 146
463 147
463 148
463 163
463 188
463 197
463 201
463 221
463 241
463 250
463 262
463 265
463 268
463 275
463 276
463 280
463 290
463 298
463 314
463 338
463 350
463 360
463 390
463 441
463 449
463 472
463 474
464 51
464 54
464 68
464 83
464 106
464 120
464 121
464 167
464 208
464 210
464 229
464 281
464 303
464 366
464 367
464 421
464 424
464 440
464 443
464 454
464 487
464 500
465 8
465 47
465 76
465 88
465 198
465 274
465 436
466 99
466 195
466 227
466 353
466 419
466 429
467 96
467 242
467 372
467 412
467 423
467 438
468 60
468 64
468 91
468 126
468 133
468 146
468 149
468 216
468 221
468 243
468 245
468 253
468 261
468 263
468 290
468 321
468 325
468 336
468 356
468 393
468 407
468 409
468 424
468 435
468 451
468 452
468 455
468 458
469 11
469 161
469 171
469 257
469 259
469 421
469 492
470 18
470 55
470 69
470 92
470 103
470 244
470 428
470 439
470 457
471 81
471 98
471 218
471 269
471 272
471 294
471 353
471 475
471 476
471 496
472 6
472 10
472 25
472 26
472 37
472 39
472 40
472 43
472 53
472 64
472 73
472 74
472 90
472 109
472 118
472 122
472 145
472 146
472 147
472 148
472 163
472 186
472 188
472 197
472 207
472 215
472 221
472 241
472 259
472 268
472 275
472 303
472 314
472 338
472 350
472 360
472 390
472 393
472 426
472 437
472 441
472 449
472 460
472 463
472 474
473 3
473 12
473 17
473 29
473 40
473 66
473 71
473 79
473 80
473 89
473 94
473 111
473 129
473 132
473 166
473 184
473 186
473 204
473 206
473 211
473 262
473 305
473 312
473 319
473 332
473 333
473 348
473 359
473 364
473 369
473 383
473 388
473 405
473 418
473 422
473 434
473 438
473 443
473 449
474 6
474 10
474 25
474 26
474 37
474 39
474 40
474 43
474 53
474 64
474 73
474 74
474 102
474 109
474 118
474 122
474 136
474 145
474 146
474 147
474 148
474 163
474 188
474 197
474 203
474 212
474 221
474 241
474 262
474 268
474 275
474 292
474 298
474 314
474 339
474 350
474 360
474 361
474 382
474 390
474 437
474 441
474 449
474 463
474 472
475 12
475 165
475 218
475 237
475 272
475 294
475 305
475 376
475 384
475 450
475 471
475 476
475 496
476 10
476 40
476 81
476 237
476 272
476 353
476 376
476 450
476 471
476 475
476 496
477 107
477 115
477 123
477 157
477 164
477 278
477 307
477 308
477 330
477 352
477 368
477 490
478 50
478 71
478 208
478 227
478 239
478 429
479 55
479 158
479 264
479 297
479 310
479 375
480 2
480 9
480 45
480 83
480 95
480 114
480 117
480 159
480 166
480 181
480 230
480 231
480 246
480 289
480 317
480 334
480 360
480 403
480 411
480 462
480 482
481 90
481 98
481 105
481 152
481 168
481 212
481 219
481 242
481 260
481 302
481 358
481 363
481 374
481 395
481 432
481 436
481 457
481 482
481 486
481 490
481 497
482 2
482 18
482 90
482 114
482 159
482 166
482 246
482 289
482 317
482 411
482 480
482 481
483 6
483 11
483 171
483 259
483 286
483 343
484 21
484 56
484 87
484 250
484 296
484 384
484 393
485 35
485 77
485 139
485 155
485 162
485 183
485 214
485 271
485 335
485 364
485 380
485 400
485 406
485 454
486 31
486 54
486 68
486 90
486 98
486 102
486 105
486 131
486 136
486 152
486 154
486 156
486 157
486 168
486 188
486 199
486 206
486 209
486 212
486 255
486 260
486 261
486 302
486 303
486 317
486 322
486 358
486 362
486 363
486 365
486 374
486 383
486 395
486 431
486 432
486 441
486 457
486 481
486 487
486 489
486 490
486 491
486 497
486 498
487 38
487 59
487 62
487 68
487 83
487 106
487 117
487 120
487 121
487 140
487 167
487 196
487 208
487 210
487 224
487 229
487 281
487 300
487 303
487 309
487 339
487 366
487 367
487 421
487 440
487 441
487 442
487 443
487 464
487 486
487 500
488 21
488 56
488 87
488 95
488 250
488 266
488 296
488 393
488 418
489 21
489 52
489 73
489 90
489 98
489 105
489 131
489 136
489 152
489 156
489 157
489 210
489 211
489 212
489 260
489 265
489 302
489 358
489 363
489 365
489 374
489 383
489 395
489 432
489 457
489 486
489 490
490 31
490 40
490 54
490 90
490 98
490 105
490 122
490 131
490 136
490 148
490 152
490 156
490 157
490 168
490 206
490 209
490 212
490 221
490 255
490 260
490 261
490 281
490 302
490 319
490 322
490 358
490 362
490 363
490 365
490 374
490 379
490 383
490 395
490 418
490 432
490 441
490 457
490 461
490 477
490 481
490 486
490 489
490 491
490 497
490 498
491 54
491 78
491 90
491 98
491 105
491 136
491 152
491 156
491 168
491 212
491 260
491 261
491 266
491 276
491 302
491 322
491 358
491 362
491 363
491 365
491 374
491 432
491 434
491 440
491 457
491 486
491 490
491 497
491 498
492 11
492 171
492 226
492 257
492 259
492 286
492 302
492 459
492 469
493 67
493 195
493 311
493 347
493 355
493 446
494 100
494 154
494 272
494 299
494 332
494 361
494 433
494 452
495 4
495 28
495 29
495 38
495 61
495 67
495 78
495 112
495 132
495 236
495 238
495 269
495 285
495 311
495 344
495 355
495 371
495 414
495 446
495 461
496 65
496 237
496 250
496 294
496 305
496 345
496 353
496 376
496 389
496 450
496 471
496 475
496 476
497 31
497 54
497 68
497 80
497 90
497 98
497 105
497 131
497 136
497 152
497 156
497 157
497 168
497 209
497 210
497 212
497 255
497 260
497 261
497 302
497 312
497 314
497 322
497 358
497 363
497 365
497 374
497 383
497 388
497 395
497 432
497 444
497 457
497 481
497 486
497 490
497 491
498 26
498 54
498 80
498 90
498 98
498 102
498 105
498 131
498 132
498 136
498 152
498 156
498 209
498 212
498 255
498 260
498 261
498 302
498 358
498 363
498 365
498 374
498 383
498 390
498 444
498 457
498 486
498 490
498 491
499 159
499 191
499 193
499 232
499 377
499 425
500 39
500 62
500 68
500 83
500 106
500 120
500 121
500 196
500 208
500 210
500 229
500 281
500 300
500 309
500 339
500 350
500 366
500 367
500 368
500 374
500 421
500 438
500 440
500 442
500 443
500 464
500 487
