1 22
1 26
1 28
1 39
1 80
1 81
1 91
1 105
1 108
1 111
1 113
1 140
1 158
1 164
1 173
1 184
1 196
1 203
1 204
1 219
1 220
1 251
1 255
1 265
1 276
1 301
1 368
1 374
1 390
1 418
1 429
1 432
1 456
1 459
1 473
1 485
2 22
2 41
2 42
2 51
2 101
2 108
2 112
2 145
2 153
2 177
2 186
2 201
2 217
2 246
2 248
2 270
2 276
2 289
2 316
2 353
2 377
2 442
2 484
2 500
3 173
3 177
3 182
3 194
3 252
3 300
3 458
4 7
4 106
4 136
4 179
4 208
4 257
4 267
4 345
4 379
4 430
5 33
5 50
5 73
5 87
5 126
5 131
5 183
5 184
5 233
5 240
5 254
5 255
5 280
5 329
5 349
5 352
5 395
5 426
5 451
5 468
5 486
5 492
5 495
6 20
6 30
6 59
6 71
6 84
6 87
6 132
6 136
6 182
6 190
6 234
6 247
6 289
6 301
6 309
6 314
6 369
6 398
6 413
6 414
6 445
6 449
6 467
6 473
6 478
6 491
6 494
7 4
7 42
7 51
7 67
7 69
7 109
7 144
7 152
7 177
7 190
7 194
7 203
7 208
7 247
7 255
7 257
7 261
7 264
7 267
7 294
7 325
7 336
7 341
7 358
7 379
7 381
7 417
7 432
7 451
7 462
7 500
8 89
8 109
8 136
8 261
8 310
8 346
8 347
8 398
8 470
8 471
9 72
9 78
9 91
9 134
9 136
9 189
9 194
9 196
9 229
9 262
9 265
9 287
9 309
9 319
9 339
9 340
9 344
9 371
9 455
9 477
9 488
10 50
10 69
10 82
10 91
10 96
10 140
10 144
10 147
10 153
10 164
10 203
10 219
10 323
10 400
10 473
11 28
11 61
11 85
11 102
11 116
11 143
11 231
11 270
11 365
11 431
11 434
11 449
11 492
11 494
12 62
12 80
12 92
12 94
12 100
12 101
12 162
12 201
12 224
12 241
12 255
12 278
12 300
12 307
12 312
12 316
12 344
12 347
12 352
13 24
13 25
13 159
13 198
13 211
13 235
13 274
13 321
13 388
13 487
14 36
14 45
14 64
14 77
14 80
14 85
14 120
14 127
14 154
14 155
14 174
14 215
14 220
14 271
14 286
14 300
14 321
14 351
14 379
14 383
14 393
14 405
14 427
14 432
14 449
14 461
14 472
14 497
15 25
15 52
15 84
15 136
15 152
15 162
15 164
15 172
15 185
15 198
15 211
15 235
15 243
15 261
15 274
15 283
15 388
15 406
15 449
15 462
15 475
16 128
16 214
16 313
16 375
16 389
16 491
17 51
17 57
17 161
17 211
17 293
17 313
17 314
17 454
18 23
18 37
18 44
18 86
18 91
18 99
18 100
18 144
18 163
18 171
18 175
18 203
18 215
18 221
18 228
18 239
18 244
18 248
18 252
18 261
18 269
18 291
18 297
18 298
18 352
18 388
18 398
18 416
18 418
18 430
18 432
18 459
18 472
18 479
18 480
18 482
18 496
18 499
19 29
19 38
19 149
19 150
19 158
19 187
19 193
19 203
19 214
19 221
19 229
19 269
19 272
19 273
19 357
19 402
19 484
20 6
20 30
20 35
20 59
20 61
20 84
20 97
20 101
20 117
20 122
20 136
20 147
20 173
20 182
20 190
20 196
20 204
20 210
20 216
20 218
20 227
20 236
20 247
20 253
20 254
20 263
20 281
20 289
20 297
20 319
20 328
20 338
20 341
20 350
20 398
20 410
20 414
20 425
20 467
20 473
20 477
20 487
20 491
20 494
21 78
21 176
21 204
21 228
21 240
21 338
22 1
22 2
22 39
22 49
22 77
22 80
22 91
22 126
22 133
22 137
22 158
22 196
22 213
22 215
22 219
22 220
22 236
22 237
22 238
22 240
22 250
22 254
22 274
22 280
22 305
22 326
22 350
22 359
22 368
22 388
22 394
22 397
22 418
22 422
22 440
22 473
22 477
23 18
23 44
23 99
23 158
23 191
23 239
23 291
23 361
23 362
24 13
24 35
24 99
24 120
24 155
24 168
24 169
24 183
24 214
24 220
24 258
24 266
24 278
24 280
24 318
24 379
24 393
24 409
24 411
24 425
24 443
24 444
24 450
24 453
24 493
25 13
25 15
25 33
25 113
25 150
25 164
25 168
25 169
25 198
25 211
25 235
25 274
25 283
25 386
25 484
25 495
26 1
26 35
26 40
26 61
26 81
26 85
26 105
26 110
26 148
26 177
26 190
26 210
26 231
26 257
26 270
26 272
26 312
26 350
26 392
26 408
26 409
26 434
26 449
26 492
26 499
27 30
27 158
27 177
27 300
27 339
27 408
27 440
28 1
28 11
28 32
28 44
28 49
28 53
28 63
28 72
28 86
28 89
28 111
28 122
28 126
28 134
28 137
28 143
28 151
28 156
28 168
28 192
28 199
28 221
28 250
28 251
28 261
28 262
28 265
28 268
28 276
28 302
28 305
28 317
28 346
28 362
28 384
28 394
28 445
28 448
28 462
29 19
29 38
29 46
29 58
29 85
29 98
29 104
29 131
29 149
29 150
29 156
29 187
29 193
29 242
29 272
29 301
29 385
29 402
29 457
29 468
29 469
29 475
29 482
30 6
30 20
30 27
30 35
30 59
30 71
30 84
30 87
30 101
30 113
30 136
30 175
30 177
30 182
30 190
30 192
30 204
30 233
30 236
30 247
30 248
30 250
30 253
30 276
30 289
30 316
30 340
30 357
30 371
30 390
30 398
30 414
30 428
30 433
30 440
30 456
30 467
30 487
30 491
30 494
30 498
31 59
31 84
31 182
31 246
31 289
31 398
31 462
32 28
32 111
32 136
32 192
32 215
32 276
32 398
32 424
33 5
33 25
33 50
33 131
33 165
33 184
33 226
33 233
33 237
33 250
33 254
33 329
33 345
33 388
33 451
33 495
34 58
34 111
34 116
34 130
34 177
34 316
34 330
34 343
34 370
34 431
34 496
35 20
35 24
35 26
35 30
35 59
35 84
35 136
35 169
35 182
35 190
35 196
35 220
35 244
35 247
35 289
35 398
35 411
35 414
35 433
35 449
35 467
35 473
35 494
36 14
36 127
36 164
36 174
36 320
36 432
37 18
37 142
37 154
37 244
37 298
37 330
37 459
37 469
37 489
38 19
38 29
38 116
38 150
38 238
38 272
38 399
38 402
38 462
39 1
39 22
39 49
39 56
39 74
39 90
39 91
39 113
39 115
39 125
39 131
39 136
39 140
39 147
39 158
39 160
39 164
39 184
39 203
39 208
39 220
39 232
39 242
39 243
39 260
39 265
39 269
39 271
39 305
39 314
39 339
39 340
39 360
39 388
39 389
39 394
39 418
39 429
39 440
39 468
39 473
39 478
39 487
39 494
40 26
40 42
40 45
40 61
40 81
40 85
40 118
40 125
40 138
40 154
40 189
40 194
40 195
40 231
40 233
40 248
40 256
40 257
40 270
40 280
40 312
40 319
40 327
40 341
40 368
40 392
40 414
40 420
40 434
40 449
40 453
40 475
40 492
40 499
41 2
41 316
41 353
41 377
41 434
41 435
41 484
41 496
42 2
42 7
42 40
42 87
42 92
42 128
42 226
42 378
42 433
43 91
43 113
43 140
43 160
43 175
43 176
43 239
43 297
43 313
43 329
43 338
43 419
44 18
44 23
44 28
44 80
44 81
44 88
44 99
44 150
44 158
44 175
44 204
44 236
44 239
44 244
44 252
44 261
44 269
44 291
44 298
44 319
44 333
44 334
44 381
44 430
44 452
44 459
44 472
44 473
44 480
44 494
45 14
45 40
45 59
45 63
45 64
45 77
45 81
45 102
45 127
45 132
45 155
45 166
45 173
45 174
45 206
45 212
45 228
45 255
45 271
45 285
45 316
45 321
45 336
45 349
45 383
45 414
45 432
45 497
46 29
46 187
46 272
46 285
46 294
46 444
47 151
47 154
47 160
47 201
47 227
47 243
47 248
47 341
47 419
47 440
48 82
48 261
48 326
48 333
48 337
48 384
49 22
49 28
49 39
49 53
49 64
49 78
49 81
49 86
49 111
49 127
49 137
49 143
49 156
49 168
49 180
49 190
49 192
49 226
49 238
49 240
49 276
49 282
49 302
49 317
49 346
49 362
49 384
49 388
49 432
50 5
50 10
50 33
50 69
50 86
50 95
50 96
50 98
50 101
50 119
50 131
50 137
50 167
50 173
50 174
50 176
50 180
50 184
50 233
50 236
50 243
50 254
50 255
50 270
50 278
50 320
50 329
50 379
50 380
50 393
50 395
50 407
50 451
50 495
51 2
51 7
51 17
51 69
51 70
51 101
51 134
51 194
51 197
51 208
51 267
51 280
51 281
51 289
51 293
51 294
51 325
51 336
51 341
51 358
51 376
51 379
51 417
51 451
51 454
51 459
52 15
52 141
52 301
52 302
52 309
52 388
52 440
52 462
53 28
53 49
53 80
53 108
53 111
53 143
53 154
53 168
53 185
53 192
53 221
53 233
53 238
53 270
53 276
53 296
53 317
53 373
53 384
53 394
54 72
54 133
54 173
54 319
54 371
54 499
55 57
55 73
55 125
55 129
55 135
55 144
55 151
55 177
55 178
55 197
55 210
55 219
55 223
55 248
55 250
55 258
55 263
55 290
55 320
55 333
55 373
55 374
55 389
55 391
55 408
55 424
55 425
55 433
55 475
56 39
56 103
56 109
56 111
56 144
56 215
56 257
56 414
56 468
57 17
57 55
57 58
57 76
57 80
57 81
57 139
57 161
57 188
57 203
57 313
57 329
57 356
57 375
57 400
57 412
57 422
57 449
57 454
57 473
58 29
58 34
58 57
58 59
58 104
58 116
58 136
58 139
58 148
58 163
58 174
58 231
58 263
58 343
58 345
58 431
58 449
58 461
58 483
58 494
58 496
59 6
59 20
59 30
59 31
59 35
59 45
59 58
59 61
59 64
59 80
59 84
59 97
59 100
59 113
59 131
59 136
59 176
59 182
59 188
59 190
59 203
59 204
59 212
59 247
59 289
59 296
59 304
59 309
59 357
59 371
59 377
59 398
59 401
59 407
59 410
59 414
59 419
59 429
59 436
59 437
59 455
59 467
59 476
59 487
59 490
59 491
59 494
60 105
60 136
60 152
60 179
60 183
60 195
60 217
60 219
60 293
60 311
60 354
60 355
60 374
61 11
61 20
61 26
61 40
61 59
61 70
61 75
61 81
61 85
61 105
61 110
61 118
61 134
61 138
61 175
61 177
61 208
61 220
61 231
61 264
61 270
61 297
61 312
61 349
61 354
61 392
61 420
61 434
61 437
61 449
61 468
61 475
61 492
62 12
62 94
62 100
62 105
62 108
62 127
62 128
62 150
62 162
62 169
62 182
62 224
62 241
62 281
62 307
62 344
62 352
62 484
63 28
63 45
63 144
63 170
63 238
63 265
63 277
63 339
63 369
63 398
63 403
63 446
63 458
63 490
63 492
64 14
64 45
64 49
64 59
64 127
64 132
64 147
64 157
64 174
64 190
64 256
64 271
64 321
64 383
64 391
64 432
64 452
64 497
65 71
65 75
65 78
65 80
65 90
65 117
65 146
65 202
65 230
65 234
65 252
65 268
65 285
65 288
65 324
65 329
65 338
65 360
65 485
65 489
65 498
66 96
66 185
66 275
66 337
66 419
66 482
67 7
67 69
67 70
67 131
67 168
67 208
67 257
67 267
67 282
67 341
67 355
67 370
67 379
67 418
67 420
67 460
68 142
68 356
68 386
68 465
68 475
68 491
69 7
69 10
69 50
69 51
69 67
69 70
69 89
69 115
69 155
69 208
69 220
69 257
69 258
69 267
69 281
69 294
69 296
69 341
69 346
69 358
69 375
69 379
69 417
69 418
69 440
69 467
69 500
70 51
70 61
70 67
70 69
70 115
70 137
70 146
70 208
70 221
70 248
70 257
70 267
70 294
70 325
70 336
70 358
70 379
70 401
70 402
70 417
70 432
70 443
70 469
70 471
71 6
71 30
71 65
71 75
71 90
71 112
71 146
71 173
71 182
71 251
71 268
71 288
71 324
71 339
71 380
71 498
72 9
72 28
72 54
72 77
72 78
72 80
72 103
72 107
72 132
72 134
72 212
72 220
72 229
72 244
72 262
72 289
72 317
72 319
72 371
72 379
72 390
72 419
72 455
72 465
72 477
73 5
73 55
73 128
73 142
73 157
73 182
73 200
73 221
73 290
73 303
73 314
73 348
73 356
73 370
73 404
73 420
73 456
73 465
73 481
74 39
74 164
74 186
74 187
74 196
74 418
75 61
75 65
75 71
75 90
75 126
75 127
75 146
75 202
75 203
75 225
75 268
75 288
75 309
75 324
75 329
75 339
75 418
75 484
75 498
76 57
76 80
76 139
76 157
76 161
76 188
76 313
76 327
76 360
76 375
76 376
76 402
76 454
76 473
77 14
77 22
77 45
77 72
77 127
77 174
77 182
77 223
77 234
77 271
77 286
77 316
77 321
77 328
77 383
77 404
77 411
77 432
77 492
77 497
78 9
78 21
78 49
78 65
78 72
78 132
78 134
78 136
78 173
78 196
78 229
78 255
78 262
78 266
78 308
78 313
78 319
78 334
78 335
78 342
78 357
78 371
78 373
78 390
78 415
78 419
78 436
78 455
78 477
78 488
79 135
79 177
79 178
79 182
79 248
79 287
79 330
79 350
79 404
79 434
80 1
80 12
80 14
80 22
80 44
80 53
80 57
80 59
80 65
80 72
80 76
80 113
80 140
80 144
80 147
80 178
80 196
80 203
80 215
80 219
80 220
80 225
80 234
80 243
80 247
80 273
80 293
80 309
80 314
80 321
80 329
80 338
80 350
80 360
80 368
80 386
80 388
80 394
80 418
80 429
80 433
80 440
80 441
80 457
80 468
80 472
80 473
80 484
81 1
81 26
81 40
81 44
81 45
81 49
81 57
81 61
81 85
81 91
81 102
81 110
81 218
81 221
81 231
81 270
81 327
81 338
81 353
81 392
81 397
81 405
81 420
81 430
81 434
81 449
81 492
81 494
82 10
82 48
82 96
82 108
82 136
82 141
82 196
82 212
82 254
82 326
82 337
82 338
82 353
82 366
82 372
82 399
82 405
82 482
83 125
83 191
83 245
83 251
83 260
83 352
83 363
83 373
83 387
83 438
83 497
84 6
84 15
84 20
84 30
84 31
84 35
84 59
84 101
84 106
84 112
84 136
84 169
84 170
84 175
84 182
84 190
84 194
84 212
84 232
84 247
84 250
84 271
84 287
84 289
84 293
84 309
84 347
84 398
84 399
84 414
84 429
84 440
84 442
84 467
84 481
84 491
84 494
85 11
85 14
85 26
85 29
85 40
85 61
85 81
85 196
85 231
85 256
85 270
85 274
85 280
85 300
85 310
85 312
85 313
85 329
85 330
85 384
85 392
85 420
85 434
85 440
85 449
85 451
85 492
85 496
86 18
86 28
86 49
86 50
86 111
86 137
86 140
86 143
86 149
86 154
86 168
86 192
86 271
86 276
86 288
86 302
86 343
86 384
86 485
87 5
87 6
87 30
87 42
87 89
87 98
87 115
87 117
87 123
87 128
87 144
87 156
87 163
87 169
87 186
87 194
87 226
87 228
87 244
87 251
87 280
87 282
87 305
87 348
87 373
87 376
87 399
87 404
87 413
87 417
87 423
87 433
87 437
87 438
87 452
87 461
87 478
87 491
88 44
88 105
88 175
88 177
88 213
88 215
88 264
88 296
88 301
88 317
88 339
88 388
88 440
89 8
89 28
89 69
89 87
89 91
89 115
89 128
89 156
89 159
89 160
89 226
89 235
89 277
89 297
89 318
89 319
89 348
89 361
89 365
89 373
89 376
89 391
89 399
89 419
89 423
89 433
89 438
89 446
89 452
90 39
90 65
90 71
90 75
90 146
90 230
90 256
90 268
90 288
90 293
90 300
90 303
90 322
90 324
90 368
90 398
90 452
90 489
91 1
91 9
91 10
91 18
91 22
91 39
91 43
91 81
91 89
91 113
91 142
91 144
91 196
91 203
91 213
91 215
91 220
91 240
91 264
91 265
91 267
91 271
91 287
91 290
91 314
91 329
91 349
91 358
91 360
91 365
91 373
91 401
91 429
91 438
91 468
91 469
91 485
91 491
92 12
92 42
92 108
92 144
92 158
92 176
92 432
92 473
93 182
93 195
93 209
93 217
93 354
93 448
93 454
94 12
94 62
94 100
94 162
94 181
94 216
94 219
94 295
94 307
94 321
94 352
95 50
95 131
95 154
95 168
95 254
95 329
95 337
95 377
96 10
96 50
96 66
96 82
96 196
96 220
96 239
96 326
96 337
96 366
96 372
96 405
96 434
96 455
96 482
97 20
97 59
97 136
97 182
97 294
97 303
97 337
97 494
98 29
98 50
98 87
98 115
98 128
98 154
98 226
98 293
98 297
98 354
98 376
98 399
98 433
98 438
98 455
98 459
99 18
99 23
99 24
99 44
99 115
99 144
99 160
99 171
99 173
99 175
99 178
99 225
99 228
99 239
99 244
99 252
99 261
99 276
99 291
99 298
99 305
99 334
99 375
99 399
99 416
99 430
99 433
99 459
99 473
100 12
100 18
100 59
100 62
100 94
100 162
100 176
100 194
100 233
100 280
100 291
100 307
100 344
100 352
100 456
101 2
101 12
101 20
101 30
101 50
101 51
101 84
101 150
101 190
101 229
101 289
101 301
101 398
101 414
101 467
102 11
102 45
102 81
102 151
102 154
102 160
102 175
102 194
102 212
102 227
102 232
102 240
102 265
102 282
102 289
102 297
102 322
102 339
102 358
102 377
102 389
102 395
102 419
102 437
102 452
102 463
102 469
102 496
103 56
103 72
103 151
103 154
103 160
103 164
103 170
103 175
103 208
103 212
103 227
103 235
103 251
103 270
103 282
103 297
103 308
103 313
103 322
103 337
103 338
103 397
103 409
103 418
103 419
103 421
103 437
103 451
103 469
103 482
104 29
104 58
104 227
104 236
104 272
104 344
104 402
105 1
105 26
105 60
105 61
105 62
105 88
105 112
105 125
105 144
105 169
105 173
105 177
105 180
105 194
105 199
105 205
105 211
105 225
105 232
105 233
105 234
105 236
105 248
105 251
105 264
105 287
105 300
105 301
105 305
105 307
105 309
105 322
105 328
105 339
105 341
105 350
105 357
105 358
105 360
105 379
105 388
105 394
105 413
105 433
105 434
105 439
105 440
105 490
106 4
106 84
106 151
106 154
106 160
106 175
106 274
106 297
106 302
106 366
106 414
106 419
106 437
106 484
107 72
107 239
107 252
107 298
107 379
107 390
108 1
108 2
108 53
108 62
108 82
108 92
108 147
108 173
108 196
108 219
108 220
108 222
108 237
108 243
108 280
108 293
108 298
108 349
108 388
108 392
108 429
108 456
108 461
108 467
108 473
108 485
109 7
109 8
109 56
109 143
109 147
109 159
109 165
109 252
109 310
109 321
109 330
109 332
109 347
109 351
109 481
110 26
110 61
110 81
110 146
110 231
110 233
110 276
110 282
110 378
110 383
110 396
110 449
110 492
111 1
111 28
111 32
111 34
111 49
111 53
111 56
111 86
111 126
111 128
111 134
111 137
111 143
111 168
111 192
111 198
111 206
111 207
111 221
111 244
111 276
111 279
111 282
111 288
111 297
111 302
111 317
111 341
111 346
111 360
111 362
111 384
111 406
111 408
111 413
111 429
111 431
111 462
111 464
111 474
111 488
112 2
112 71
112 84
112 105
112 120
112 133
112 135
112 145
112 146
112 153
112 184
112 186
112 187
112 201
112 225
112 236
112 295
112 316
112 353
112 377
112 439
112 442
112 459
112 467
112 477
112 484
113 1
113 25
113 30
113 39
113 43
113 59
113 80
113 91
113 126
113 128
113 140
113 143
113 158
113 175
113 182
113 185
113 219
113 226
113 242
113 243
113 249
113 259
113 265
113 276
113 280
113 290
113 294
113 297
113 300
113 301
113 314
113 325
113 343
113 366
113 368
113 394
113 401
113 418
113 428
113 438
113 440
113 441
113 442
113 457
113 468
113 473
113 485
113 494
114 125
114 191
114 215
114 220
114 363
114 388
115 39
115 69
115 70
115 87
115 89
115 98
115 99
115 117
115 121
115 123
115 128
115 168
115 172
115 178
115 211
115 226
115 247
115 264
115 276
115 280
115 292
115 348
115 367
115 373
115 376
115 380
115 399
115 423
115 433
115 438
115 444
115 452
115 457
115 478
115 485
115 495
116 11
116 34
116 38
116 58
116 148
116 163
116 197
116 235
116 237
116 270
116 312
116 338
116 343
116 345
116 348
116 403
116 427
116 431
116 461
116 483
116 496
117 20
117 65
117 87
117 115
117 188
117 226
117 297
117 399
117 433
117 454
117 472
118 40
118 61
118 186
118 228
118 270
118 339
118 420
118 422
118 434
118 438
118 449
118 455
118 480
118 492
119 50
119 142
119 192
119 200
119 220
119 240
119 242
119 284
119 293
119 303
119 356
119 366
119 377
119 404
119 406
119 438
119 456
119 465
119 475
120 14
120 24
120 112
120 130
120 144
120 160
120 184
120 214
120 221
120 258
120 266
120 313
120 393
120 443
120 444
120 468
120 492
120 493
121 115
121 128
121 226
121 231
121 239
121 287
121 359
121 404
121 433
121 438
121 452
122 20
122 28
122 177
122 186
122 194
122 262
122 264
122 309
122 350
122 440
122 467
122 475
123 87
123 115
123 226
123 289
123 300
123 399
124 132
124 184
124 328
124 356
124 404
124 406
124 412
124 456
124 465
125 39
125 40
125 55
125 83
125 105
125 114
125 191
125 239
125 247
125 260
125 331
125 363
125 365
125 387
125 393
125 394
125 439
125 469
126 5
126 22
126 28
126 75
126 111
126 113
126 140
126 144
126 147
126 150
126 158
126 213
126 215
126 219
126 220
126 221
126 235
126 236
126 240
126 243
126 244
126 280
126 290
126 309
126 360
126 363
126 386
126 401
126 425
126 429
126 433
126 442
126 457
126 468
126 482
127 14
127 36
127 45
127 49
127 62
127 64
127 75
127 77
127 150
127 174
127 232
127 240
127 271
127 287
127 321
127 383
127 414
127 432
127 437
127 460
127 497
128 16
128 42
128 62
128 73
128 87
128 89
128 98
128 111
128 113
128 115
128 121
128 154
128 226
128 257
128 264
128 289
128 292
128 293
128 302
128 325
128 339
128 346
128 348
128 373
128 376
128 384
128 399
128 411
128 414
128 423
128 425
128 433
128 438
128 440
128 450
128 452
128 478
129 55
129 178
129 184
129 210
129 212
129 215
129 234
129 248
129 281
129 290
129 333
129 358
129 374
129 378
129 391
129 408
129 411
129 436
129 495
130 34
130 120
130 161
130 214
130 223
130 258
130 259
130 266
130 351
130 393
131 5
131 29
131 33
131 39
131 50
131 59
131 67
131 95
131 161
131 184
131 192
131 222
131 233
131 239
131 247
131 254
131 255
131 264
131 278
131 319
131 329
131 348
131 380
131 395
131 407
131 411
131 433
131 451
131 462
131 468
131 495
132 6
132 45
132 64
132 72
132 78
132 124
132 134
132 177
132 262
132 276
132 319
132 421
132 455
132 477
133 22
133 54
133 112
133 186
133 231
133 316
133 353
133 377
133 388
133 484
134 9
134 28
134 51
134 61
134 72
134 78
134 111
134 132
134 146
134 164
134 173
134 214
134 229
134 262
134 315
134 319
134 333
134 366
134 371
134 383
134 384
134 415
134 436
134 443
134 455
134 477
134 488
135 55
135 79
135 112
135 158
135 169
135 173
135 174
135 177
135 190
135 194
135 203
135 226
135 234
135 236
135 237
135 244
135 248
135 251
135 264
135 266
135 270
135 300
135 301
135 309
135 337
135 339
135 350
135 357
135 370
135 437
135 440
135 492
135 494
136 4
136 6
136 8
136 9
136 15
136 20
136 30
136 32
136 35
136 39
136 58
136 59
136 60
136 78
136 82
136 84
136 97
136 146
136 150
136 163
136 177
136 182
136 190
136 194
136 204
136 244
136 247
136 248
136 262
136 289
136 290
136 298
136 303
136 304
136 363
136 377
136 394
136 398
136 410
136 414
136 418
136 440
136 467
136 476
136 487
136 491
136 494
137 22
137 28
137 49
137 50
137 70
137 86
137 111
137 142
137 143
137 150
137 151
137 160
137 168
137 192
137 196
137 221
137 227
137 276
137 287
137 302
137 317
137 325
137 343
137 346
137 362
137 384
137 397
137 462
137 490
138 40
138 61
138 264
138 270
138 335
138 434
138 449
138 450
138 464
138 473
139 57
139 58
139 76
139 161
139 208
139 214
139 222
139 236
139 250
139 267
139 276
139 282
139 313
139 350
139 375
139 412
139 422
139 454
140 1
140 10
140 39
140 43
140 80
140 86
140 113
140 126
140 144
140 190
140 194
140 197
140 200
140 203
140 208
140 209
140 213
140 215
140 219
140 234
140 239
140 248
140 251
140 264
140 265
140 280
140 287
140 302
140 306
140 322
140 333
140 368
140 382
140 386
140 397
140 417
140 429
140 433
140 457
140 468
140 473
140 477
140 495
140 497
140 498
141 52
141 82
141 272
141 289
141 326
141 337
142 37
142 68
142 73
142 91
142 119
142 137
142 157
142 192
142 219
142 220
142 234
142 276
142 285
142 303
142 318
142 323
142 356
142 370
142 404
142 406
142 447
142 456
142 457
142 465
142 475
143 11
143 28
143 49
143 53
143 86
143 109
143 111
143 113
143 137
143 168
143 169
143 175
143 178
143 192
143 198
143 206
143 207
143 219
143 221
143 270
143 276
143 280
143 289
143 302
143 317
143 346
143 384
143 412
143 414
143 457
143 480
144 7
144 10
144 18
144 55
144 56
144 63
144 80
144 87
144 91
144 92
144 99
144 105
144 120
144 126
144 140
144 147
144 158
144 175
144 196
144 203
144 211
144 215
144 219
144 220
144 223
144 242
144 259
144 264
144 265
144 289
144 298
144 306
144 317
144 319
144 340
144 350
144 381
144 388
144 394
144 401
144 414
144 419
144 441
144 465
144 468
144 475
145 2
145 112
145 316
145 359
145 377
145 493
146 65
146 70
146 71
146 75
146 90
146 110
146 112
146 134
146 136
146 213
146 230
146 264
146 268
146 287
146 321
146 324
146 467
146 489
146 498
147 10
147 20
147 39
147 64
147 80
147 108
147 109
147 126
147 144
147 151
147 154
147 158
147 161
147 170
147 180
147 196
147 208
147 220
147 265
147 280
147 300
147 334
147 338
147 356
147 368
147 377
147 383
147 386
147 394
147 397
147 408
147 418
147 419
147 429
147 440
147 457
147 473
148 26
148 58
148 116
148 163
148 172
148 219
148 270
148 343
148 345
148 423
148 431
148 462
148 494
148 496
149 19
149 29
149 86
149 150
149 247
149 257
149 272
149 386
149 402
150 19
150 25
150 29
150 38
150 44
150 62
150 101
150 126
150 127
150 136
150 137
150 149
150 187
150 193
150 261
150 264
150 272
150 297
150 348
150 385
150 402
150 435
151 28
151 47
151 55
151 102
151 103
151 106
151 137
151 147
151 154
151 160
151 170
151 173
151 174
151 175
151 176
151 177
151 212
151 231
151 232
151 236
151 240
151 245
151 248
151 262
151 282
151 293
151 297
151 298
151 302
151 319
151 323
151 338
151 352
151 360
151 397
151 408
151 417
151 419
151 437
151 447
151 465
151 469
152 7
152 15
152 60
152 153
152 194
152 198
152 211
152 235
152 247
152 274
152 283
152 322
152 357
152 416
153 2
153 10
153 112
153 152
153 186
153 316
153 357
153 363
153 377
153 484
153 500
154 14
154 37
154 40
154 47
154 53
154 86
154 95
154 98
154 102
154 103
154 106
154 128
154 147
154 151
154 158
154 160
154 173
154 175
154 176
154 178
154 212
154 213
154 227
154 234
154 235
154 240
154 245
154 267
154 282
154 293
154 297
154 322
154 338
154 354
154 359
154 383
154 390
154 397
154 408
154 409
154 413
154 419
154 421
154 437
154 444
154 463
154 467
154 469
155 14
155 24
155 45
155 69
155 159
155 174
155 179
155 194
155 321
155 408
155 432
155 497
156 28
156 29
156 49
156 87
156 89
156 186
156 226
156 376
156 399
156 438
156 453
156 498
157 64
157 73
157 76
157 142
157 356
157 394
157 404
157 437
157 465
158 1
158 19
158 22
158 23
158 27
158 39
158 44
158 92
158 113
158 126
158 135
158 144
158 147
158 154
158 168
158 196
158 203
158 213
158 215
158 219
158 226
158 251
158 276
158 280
158 301
158 341
158 384
158 394
158 430
158 437
158 477
159 13
159 89
159 109
159 155
159 192
159 226
159 337
159 399
159 433
159 438
160 39
160 43
160 47
160 89
160 99
160 102
160 103
160 106
160 120
160 137
160 151
160 154
160 175
160 186
160 212
160 215
160 220
160 227
160 240
160 245
160 248
160 257
160 270
160 282
160 293
160 297
160 305
160 320
160 322
160 323
160 338
160 339
160 342
160 343
160 363
160 392
160 395
160 397
160 414
160 419
160 420
160 437
160 469
160 479
160 497
161 17
161 57
161 76
161 130
161 131
161 139
161 147
161 188
161 313
161 315
161 341
161 353
161 375
161 412
161 422
161 437
161 447
161 454
161 455
162 12
162 15
162 62
162 94
162 100
162 173
162 226
162 245
162 256
162 259
162 267
162 307
162 329
162 344
162 352
162 475
163 18
163 58
163 87
163 116
163 136
163 148
163 187
163 205
163 272
163 343
163 345
163 431
163 440
163 456
163 461
163 496
164 1
164 10
164 15
164 25
164 36
164 39
164 74
164 103
164 134
164 185
164 198
164 211
164 232
164 235
164 274
164 283
164 329
164 350
164 460
165 33
165 109
165 240
165 254
165 310
165 347
165 481
165 500
166 45
166 181
166 256
166 321
166 369
166 399
166 432
166 497
167 50
167 184
167 233
167 254
167 266
167 269
167 398
168 24
168 25
168 28
168 49
168 53
168 67
168 86
168 95
168 111
168 115
168 137
168 143
168 158
168 192
168 206
168 207
168 215
168 221
168 240
168 247
168 267
168 273
168 276
168 302
168 317
168 338
168 346
168 362
168 366
168 374
168 384
168 393
168 394
168 449
168 458
168 462
168 468
168 474
168 500
169 24
169 25
169 35
169 62
169 84
169 87
169 105
169 135
169 143
169 173
169 177
169 182
169 194
169 234
169 248
169 251
169 264
169 283
169 297
169 318
169 322
169 328
169 339
169 350
169 357
169 386
169 388
169 413
169 420
169 429
169 440
169 484
170 63
170 84
170 103
170 147
170 151
170 238
170 277
170 299
170 369
170 403
170 408
170 432
170 446
170 458
170 465
170 490
170 494
171 18
171 99
171 206
171 241
171 298
171 386
172 15
172 115
172 148
172 198
172 211
172 235
172 288
173 1
173 3
173 20
173 45
173 50
173 54
173 71
173 78
173 99
173 105
173 108
173 134
173 135
173 151
173 154
173 162
173 169
173 177
173 232
173 234
173 236
173 240
173 245
173 248
173 264
173 301
173 309
173 339
173 350
173 357
173 381
173 388
173 398
173 432
173 440
173 497
174 14
174 36
174 45
174 50
174 58
174 64
174 77
174 127
174 135
174 151
174 155
174 227
174 232
174 249
174 271
174 285
174 286
174 297
174 304
174 308
174 321
174 335
174 341
174 351
174 368
174 383
174 395
174 417
174 432
174 443
174 452
174 467
174 469
174 497
175 18
175 30
175 43
175 44
175 61
175 84
175 88
175 99
175 102
175 103
175 106
175 113
175 143
175 144
175 151
175 154
175 160
175 176
175 181
175 182
175 203
175 212
175 214
175 215
175 220
175 226
175 227
175 240
175 254
175 264
175 275
175 282
175 293
175 297
175 317
175 322
175 323
175 338
175 342
175 359
175 389
175 397
175 402
175 419
175 421
175 437
175 455
175 459
175 469
175 475
176 21
176 43
176 50
176 59
176 92
176 100
176 151
176 154
176 175
176 240
176 244
176 245
176 247
176 297
176 322
176 338
176 364
176 373
176 396
176 397
176 406
176 417
176 419
176 437
176 470
176 484
177 2
177 3
177 7
177 26
177 27
177 30
177 34
177 55
177 61
177 79
177 88
177 105
177 122
177 132
177 135
177 136
177 151
177 169
177 173
177 188
177 190
177 194
177 220
177 227
177 232
177 234
177 236
177 240
177 243
177 248
177 251
177 263
177 287
177 301
177 309
177 328
177 339
177 350
177 357
177 371
177 383
177 388
177 413
177 429
177 449
177 450
177 467
177 495
178 55
178 79
178 80
178 99
178 115
178 129
178 143
178 154
178 180
178 197
178 203
178 210
178 250
178 263
178 282
178 290
178 333
178 339
178 389
178 391
178 408
178 458
179 4
179 60
179 155
179 195
179 216
179 217
179 231
179 265
179 301
179 311
179 348
179 354
179 355
179 412
180 49
180 50
180 105
180 147
180 178
180 203
180 360
180 414
180 428
180 438
180 468
181 94
181 166
181 175
181 225
181 308
181 341
181 396
182 3
182 6
182 20
182 30
182 31
182 35
182 59
182 62
182 71
182 73
182 77
182 79
182 84
182 93
182 97
182 113
182 136
182 169
182 175
182 188
182 189
182 190
182 198
182 204
182 239
182 247
182 252
182 253
182 254
182 289
182 294
182 301
182 302
182 304
182 321
182 328
182 333
182 388
182 394
182 398
182 399
182 410
182 414
182 434
182 467
182 476
182 487
182 491
182 494
183 5
183 24
183 60
183 195
183 216
183 217
183 234
183 302
183 354
183 474
184 1
184 5
184 33
184 39
184 50
184 112
184 120
184 124
184 129
184 131
184 167
184 191
184 233
184 252
184 253
184 254
184 255
184 269
184 288
184 300
184 301
184 329
184 380
184 384
184 393
184 395
184 396
184 407
184 451
184 470
184 486
184 491
184 495
185 15
185 53
185 66
185 113
185 164
185 198
185 211
185 235
185 258
185 274
185 364
185 398
186 2
186 74
186 87
186 112
186 118
186 122
186 133
186 153
186 156
186 160
186 192
186 201
186 246
186 300
186 301
186 316
186 353
186 377
186 443
186 484
186 496
187 19
187 29
187 46
187 74
187 112
187 150
187 163
187 272
187 322
187 357
187 401
187 402
187 435
188 57
188 59
188 76
188 117
188 161
188 177
188 182
188 234
188 280
188 313
188 375
188 394
188 410
188 412
188 422
188 454
189 9
189 40
189 182
189 309
189 319
189 477
190 6
190 7
190 20
190 26
190 30
190 35
190 49
190 59
190 64
190 84
190 101
190 135
190 136
190 140
190 177
190 182
190 199
190 219
190 223
190 247
190 276
190 289
190 295
190 301
190 305
190 376
190 388
190 398
190 414
190 420
190 440
190 466
190 467
190 487
190 491
190 494
191 23
191 83
191 114
191 125
191 184
191 212
191 237
191 338
191 363
191 387
192 28
192 30
192 32
192 49
192 53
192 86
192 111
192 119
192 131
192 137
192 142
192 143
192 159
192 168
192 186
192 197
192 207
192 212
192 221
192 274
192 276
192 287
192 291
192 297
192 301
192 302
192 309
192 317
192 346
192 362
192 381
192 384
192 394
192 401
192 419
192 434
192 448
192 460
192 462
192 464
192 474
192 492
193 19
193 29
193 150
193 246
193 272
193 471
193 483
194 3
194 7
194 9
194 40
194 51
194 84
194 87
194 100
194 102
194 105
194 122
194 135
194 136
194 140
194 152
194 155
194 169
194 177
194 205
194 209
194 227
194 232
194 236
194 248
194 251
194 264
194 265
194 287
194 293
194 300
194 301
194 305
194 309
194 326
194 328
194 339
194 350
194 357
194 358
194 372
194 381
194 388
194 404
194 433
194 440
194 473
194 484
194 494
195 40
195 60
195 93
195 179
195 183
195 216
195 217
195 232
195 243
195 311
195 314
195 330
195 345
195 354
195 355
195 398
195 408
195 449
196 1
196 9
196 20
196 22
196 35
196 74
196 78
196 80
196 82
196 85
196 91
196 96
196 108
196 137
196 144
196 147
196 158
196 203
196 213
196 219
196 220
196 223
196 242
196 264
196 265
196 274
196 281
196 282
196 296
196 297
196 340
196 360
196 373
196 377
196 384
196 386
196 392
196 393
196 394
196 401
196 419
196 428
196 429
196 433
196 444
196 468
197 51
197 55
197 116
197 140
197 178
197 192
197 223
197 231
197 232
197 244
197 247
197 250
197 263
197 280
197 287
197 290
197 305
197 347
197 374
197 389
197 391
197 408
197 411
197 437
197 454
198 13
198 15
198 25
198 111
198 143
198 152
198 164
198 172
198 182
198 185
198 211
198 235
198 254
198 274
198 281
198 283
198 288
198 305
198 317
198 379
198 384
198 433
198 460
199 28
199 105
199 190
199 225
199 296
199 361
199 396
199 459
199 465
199 466
200 73
200 119
200 140
200 222
200 399
200 404
200 465
200 493
201 2
201 12
201 47
201 112
201 186
201 229
201 243
201 244
201 316
201 317
201 353
201 370
201 377
201 380
201 484
201 492
202 65
202 75
202 303
202 317
202 324
202 362
203 1
203 7
203 10
203 18
203 19
203 39
203 57
203 59
203 75
203 80
203 91
203 135
203 140
203 144
203 158
203 175
203 178
203 180
203 196
203 219
203 220
203 231
203 236
203 243
203 254
203 265
203 270
203 280
203 286
203 294
203 301
203 310
203 322
203 331
203 360
203 367
203 368
203 371
203 378
203 412
203 416
203 418
203 428
203 429
203 457
203 468
204 1
204 20
204 21
204 30
204 44
204 59
204 136
204 182
204 217
204 289
204 398
204 467
205 105
205 163
205 194
205 218
205 233
205 264
205 301
205 323
205 345
205 357
205 369
205 440
206 45
206 111
206 143
206 168
206 171
206 252
206 276
206 297
206 317
206 384
207 111
207 143
207 168
207 192
207 244
207 276
207 331
207 348
207 384
207 415
207 430
207 471
208 4
208 7
208 39
208 51
208 61
208 67
208 69
208 70
208 103
208 139
208 140
208 147
208 247
208 257
208 267
208 268
208 271
208 281
208 282
208 294
208 303
208 325
208 336
208 341
208 358
208 368
208 377
208 379
208 384
208 417
208 458
208 469
208 473
208 500
209 93
209 140
209 194
209 336
209 371
209 418
209 468
210 20
210 26
210 55
210 129
210 178
210 250
210 290
210 355
210 356
210 362
210 389
210 408
210 411
210 418
210 473
211 13
211 15
211 17
211 25
211 105
211 115
211 144
211 152
211 164
211 172
211 185
211 198
211 235
211 249
211 274
211 283
211 288
211 319
211 353
211 401
211 429
211 460
211 465
211 477
212 45
212 59
212 72
212 82
212 84
212 102
212 103
212 129
212 151
212 154
212 160
212 175
212 191
212 192
212 219
212 227
212 240
212 258
212 271
212 272
212 282
212 293
212 296
212 297
212 323
212 338
212 339
212 342
212 353
212 359
212 377
212 397
212 400
212 406
212 418
212 419
212 421
212 423
212 430
212 437
212 447
212 455
212 465
212 469
212 473
213 22
213 88
213 91
213 126
213 140
213 146
213 154
213 158
213 196
213 219
213 234
213 280
213 289
213 296
213 347
213 373
213 391
213 418
213 451
213 468
214 16
214 19
214 24
214 120
214 130
214 134
214 139
214 175
214 243
214 258
214 266
214 295
214 301
214 310
214 376
214 389
214 393
214 409
214 425
214 437
214 443
214 444
214 450
214 453
214 484
214 493
215 14
215 18
215 22
215 32
215 56
215 80
215 88
215 91
215 114
215 126
215 129
215 140
215 144
215 158
215 160
215 168
215 175
215 242
215 245
215 248
215 265
215 287
215 289
215 290
215 298
215 306
215 360
215 368
215 374
215 394
215 418
215 429
215 453
215 473
215 491
216 20
216 94
216 179
216 183
216 195
216 339
216 354
216 355
216 384
216 493
217 2
217 60
217 93
217 179
217 183
217 195
217 204
217 315
217 443
218 20
218 81
218 205
218 270
218 299
218 432
218 434
218 492
219 1
219 10
219 22
219 55
219 60
219 80
219 94
219 108
219 113
219 126
219 140
219 142
219 143
219 144
219 148
219 158
219 190
219 196
219 203
219 212
219 213
219 231
219 237
219 245
219 265
219 273
219 289
219 302
219 313
219 317
219 333
219 339
219 340
219 356
219 359
219 360
219 394
219 418
219 429
219 438
219 457
219 477
219 497
220 1
220 14
220 22
220 24
220 35
220 39
220 61
220 69
220 72
220 80
220 91
220 96
220 108
220 114
220 119
220 126
220 142
220 144
220 147
220 160
220 175
220 177
220 196
220 203
220 242
220 267
220 280
220 301
220 337
220 339
220 340
220 363
220 367
220 368
220 394
220 397
220 398
220 401
220 404
220 418
220 429
220 457
220 467
220 468
221 18
221 19
221 28
221 53
221 70
221 73
221 81
221 111
221 120
221 126
221 137
221 143
221 168
221 192
221 252
221 267
221 272
221 276
221 302
221 317
221 346
221 372
221 384
221 463
222 108
222 131
222 139
222 200
222 313
222 339
222 375
222 412
222 454
222 497
223 55
223 77
223 130
223 144
223 190
223 196
223 197
223 236
223 290
223 333
223 360
223 374
223 389
223 391
223 408
223 411
223 459
223 468
224 12
224 62
224 235
224 292
224 304
224 307
224 344
224 352
224 421
224 451
225 75
225 80
225 99
225 105
225 112
225 181
225 199
225 254
225 279
225 296
225 315
225 361
225 364
225 381
225 396
225 446
225 466
226 33
226 42
226 49
226 87
226 89
226 98
226 113
226 115
226 117
226 121
226 123
226 128
226 135
226 156
226 158
226 159
226 162
226 175
226 248
226 284
226 316
226 347
226 348
226 363
226 373
226 376
226 399
226 414
226 433
226 438
226 451
226 452
226 457
226 461
226 463
226 471
226 478
226 481
227 20
227 47
227 102
227 103
227 104
227 137
227 154
227 160
227 174
227 175
227 177
227 194
227 212
227 239
227 248
227 249
227 251
227 275
227 282
227 290
227 293
227 297
227 301
227 338
227 350
227 397
227 398
227 400
227 419
227 432
227 437
227 452
227 461
227 469
228 18
228 21
228 45
228 87
228 99
228 118
228 239
228 244
228 252
228 257
228 261
228 298
228 309
228 388
228 429
228 444
228 459
229 9
229 19
229 72
229 78
229 101
229 134
229 201
229 319
229 337
229 362
229 431
229 455
229 477
230 65
230 90
230 146
230 323
230 451
230 493
231 11
231 26
231 40
231 58
231 61
231 81
231 85
231 110
231 121
231 133
231 151
231 179
231 197
231 203
231 219
231 270
231 314
231 343
231 382
231 392
231 399
231 420
231 434
231 449
231 468
231 492
232 39
232 84
232 102
232 105
232 127
232 151
232 164
232 173
232 174
232 177
232 194
232 195
232 197
232 234
232 236
232 251
232 257
232 264
232 287
232 298
232 301
232 305
232 309
232 329
232 339
232 350
232 388
232 451
232 468
232 469
233 5
233 30
233 33
233 40
233 50
233 53
233 100
233 105
233 110
233 131
233 167
233 184
233 205
233 240
233 254
233 255
233 300
233 305
233 329
233 351
233 354
233 380
233 395
233 431
233 451
233 465
233 491
233 495
234 6
234 65
234 77
234 80
234 105
234 129
234 135
234 140
234 142
234 154
234 169
234 173
234 177
234 183
234 188
234 213
234 232
234 236
234 248
234 251
234 264
234 280
234 289
234 294
234 298
234 300
234 305
234 309
234 339
234 350
234 357
234 360
234 388
234 404
234 440
234 459
235 13
235 15
235 25
235 89
235 103
235 116
235 126
235 152
235 154
235 164
235 172
235 185
235 198
235 211
235 224
235 270
235 274
235 283
235 291
235 337
235 350
235 392
235 400
235 460
236 20
236 22
236 30
236 44
236 50
236 104
236 105
236 112
236 126
236 135
236 139
236 151
236 173
236 177
236 194
236 203
236 223
236 232
236 234
236 247
236 248
236 264
236 266
236 287
236 300
236 301
236 305
236 309
236 316
236 339
236 350
236 381
236 429
236 440
236 449
237 22
237 33
237 108
237 116
237 135
237 191
237 219
237 368
237 429
238 22
238 38
238 49
238 53
238 63
238 170
238 299
238 403
238 422
238 437
238 458
238 490
239 18
239 23
239 43
239 44
239 96
239 99
239 107
239 121
239 125
239 131
239 140
239 182
239 227
239 228
239 244
239 248
239 252
239 261
239 269
239 290
239 291
239 298
239 334
239 359
239 379
239 392
239 413
239 416
239 442
239 457
239 459
239 472
239 478
239 479
239 480
239 485
239 492
240 5
240 21
240 22
240 49
240 91
240 102
240 119
240 126
240 127
240 151
240 154
240 160
240 165
240 168
240 173
240 175
240 176
240 177
240 212
240 233
240 245
240 251
240 257
240 265
240 282
240 293
240 297
240 309
240 313
240 338
240 341
240 359
240 397
240 419
240 437
240 447
240 455
240 469
240 491
241 12
241 62
241 171
241 285
241 344
241 371
242 29
242 39
242 113
242 119
242 144
242 196
242 215
242 220
242 280
242 326
242 344
242 346
242 358
242 399
242 418
242 475
243 15
243 39
243 47
243 50
243 80
243 108
243 113
243 126
243 177
243 195
243 201
243 203
243 214
243 273
243 280
243 300
243 321
243 325
243 357
243 368
243 386
243 394
243 418
243 434
243 455
243 457
243 468
243 473
243 491
244 18
244 35
244 37
244 44
244 72
244 87
244 99
244 111
244 126
244 135
244 136
244 176
244 197
244 201
244 207
244 228
244 239
244 248
244 252
244 261
244 269
244 290
244 298
244 307
244 357
244 364
244 416
244 418
244 430
244 459
244 472
244 479
245 83
245 151
245 154
245 160
245 162
245 173
245 176
245 215
245 219
245 240
245 276
245 282
245 338
245 425
245 434
245 437
245 469
245 483
246 2
246 31
246 186
246 193
246 316
246 377
246 484
247 6
247 7
247 20
247 30
247 35
247 59
247 80
247 84
247 115
247 125
247 131
247 136
247 149
247 152
247 168
247 176
247 182
247 190
247 197
247 208
247 236
247 283
247 289
247 304
247 338
247 398
247 414
247 430
247 437
247 452
247 467
247 491
247 494
247 500
248 2
248 18
248 30
248 40
248 47
248 55
248 70
248 79
248 105
248 129
248 135
248 136
248 140
248 151
248 160
248 169
248 173
248 177
248 194
248 215
248 226
248 227
248 234
248 236
248 239
248 244
248 250
248 251
248 264
248 287
248 300
248 301
248 305
248 309
248 326
248 328
248 339
248 350
248 357
248 372
248 381
248 388
248 395
248 413
248 440
248 452
248 455
248 467
248 469
249 113
249 174
249 211
249 227
249 267
249 271
249 319
249 321
249 354
249 432
249 497
250 22
250 28
250 30
250 33
250 55
250 84
250 139
250 178
250 197
250 210
250 248
250 290
250 300
250 320
250 333
250 362
250 374
250 378
250 383
250 389
250 391
250 398
250 408
250 411
250 434
250 436
251 1
251 28
251 71
251 83
251 87
251 103
251 105
251 135
251 140
251 158
251 169
251 177
251 194
251 227
251 232
251 234
251 240
251 248
251 262
251 264
251 267
251 287
251 300
251 302
251 309
251 330
251 333
251 339
251 350
251 353
251 357
251 388
251 438
252 3
252 18
252 44
252 65
252 99
252 107
252 109
252 182
252 184
252 206
252 221
252 228
252 239
252 244
252 261
252 265
252 269
252 280
252 298
252 309
252 343
252 430
252 459
253 20
253 30
253 182
253 184
253 289
253 371
253 392
254 5
254 20
254 22
254 33
254 50
254 82
254 95
254 131
254 165
254 167
254 175
254 182
254 184
254 198
254 203
254 225
254 233
254 255
254 262
254 305
254 329
254 336
254 380
254 395
254 402
254 451
254 454
254 468
254 486
254 495
255 1
255 5
255 7
255 12
255 45
255 50
255 78
255 131
255 184
255 233
255 254
255 329
255 336
255 338
255 379
255 394
255 451
255 474
255 495
256 40
256 64
256 85
256 90
256 162
256 166
256 392
256 492
257 4
257 7
257 26
257 40
257 56
257 67
257 69
257 70
257 128
257 149
257 160
257 208
257 228
257 232
257 240
257 267
257 270
257 281
257 289
257 294
257 341
257 358
257 379
257 411
257 417
257 421
258 24
258 55
258 69
258 120
258 130
258 185
258 212
258 214
258 265
258 266
258 321
258 337
258 347
258 357
258 383
258 393
258 409
258 425
258 444
258 453
258 456
258 493
259 113
259 130
259 144
259 162
259 280
259 341
259 382
260 39
260 83
260 125
260 269
260 363
260 439
260 476
261 7
261 8
261 15
261 18
261 28
261 44
261 48
261 99
261 150
261 228
261 239
261 244
261 252
261 262
261 269
261 298
261 376
261 430
261 434
261 440
261 459
262 9
262 28
262 72
262 78
262 122
262 132
262 134
262 136
262 151
262 251
262 254
262 261
262 280
262 319
262 371
262 455
262 457
262 468
262 477
262 488
263 20
263 55
263 58
263 177
263 178
263 197
263 280
263 290
264 7
264 61
264 88
264 91
264 105
264 115
264 122
264 128
264 131
264 135
264 138
264 140
264 144
264 146
264 150
264 169
264 173
264 175
264 194
264 196
264 205
264 232
264 234
264 236
264 248
264 251
264 280
264 282
264 289
264 300
264 301
264 305
264 309
264 317
264 339
264 350
264 352
264 357
264 381
264 388
264 394
264 413
264 434
264 440
264 455
264 472
264 473
264 500
265 1
265 9
265 28
265 39
265 63
265 91
265 102
265 113
265 140
265 144
265 147
265 179
265 194
265 196
265 203
265 215
265 219
265 240
265 252
265 258
265 280
265 287
265 293
265 311
265 337
265 371
265 372
265 382
265 386
265 401
265 429
265 440
265 446
265 468
265 473
266 24
266 78
266 120
266 130
266 135
266 167
266 214
266 236
266 258
266 301
266 350
266 393
266 425
266 427
266 443
266 450
266 495
267 4
267 7
267 51
267 67
267 69
267 70
267 91
267 139
267 154
267 162
267 168
267 208
267 220
267 221
267 249
267 251
267 257
267 281
267 288
267 294
267 308
267 325
267 336
267 341
267 355
267 358
267 375
267 379
267 417
267 429
267 452
267 466
267 469
267 500
268 28
268 65
268 71
268 75
268 90
268 146
268 208
268 282
268 324
268 360
268 394
268 452
269 18
269 19
269 39
269 44
269 167
269 184
269 239
269 244
269 252
269 260
269 261
269 298
269 473
270 2
270 11
270 26
270 40
270 50
270 53
270 61
270 81
270 85
270 103
270 116
270 118
270 135
270 138
270 143
270 148
270 160
270 203
270 218
270 231
270 235
270 257
270 327
270 328
270 338
270 346
270 391
270 392
270 417
270 420
270 434
270 449
270 469
270 492
270 499
271 14
271 39
271 45
271 64
271 77
271 84
271 86
271 91
271 127
271 174
271 208
271 212
271 249
271 273
271 286
271 287
271 310
271 321
271 351
271 383
271 384
271 401
271 406
271 419
271 432
271 488
271 497
272 19
272 26
272 29
272 38
272 46
272 104
272 141
272 149
272 150
272 163
272 187
272 193
272 212
272 221
272 289
272 307
272 376
272 377
272 385
272 397
272 398
272 402
272 435
273 19
273 80
273 168
273 219
273 243
273 271
273 430
274 13
274 15
274 22
274 25
274 85
274 106
274 152
274 164
274 185
274 192
274 196
274 198
274 211
274 235
274 282
274 283
274 325
274 356
274 374
274 460
274 466
274 492
275 66
275 175
275 227
275 282
275 408
275 480
276 1
276 2
276 28
276 30
276 32
276 49
276 53
276 86
276 99
276 110
276 111
276 113
276 115
276 132
276 137
276 139
276 142
276 143
276 158
276 168
276 190
276 192
276 206
276 207
276 221
276 245
276 302
276 316
276 317
276 327
276 346
276 362
276 374
276 384
276 393
276 401
276 437
276 445
276 448
276 460
276 462
276 464
276 467
276 473
276 474
276 487
276 494
277 63
277 89
277 170
277 278
277 392
277 458
278 12
278 24
278 50
278 131
278 277
278 329
278 467
279 111
279 225
279 296
279 309
279 405
279 466
280 5
280 22
280 24
280 40
280 51
280 85
280 87
280 100
280 108
280 113
280 115
280 126
280 140
280 143
280 147
280 158
280 188
280 197
280 203
280 213
280 220
280 234
280 242
280 243
280 252
280 259
280 262
280 263
280 264
280 265
280 297
280 314
280 322
280 326
280 357
280 360
280 386
280 394
280 395
280 401
280 418
280 429
280 457
280 467
280 468
280 469
280 494
281 20
281 51
281 62
281 69
281 129
281 196
281 198
281 208
281 257
281 267
281 318
281 341
281 379
281 496
282 49
282 67
282 87
282 102
282 103
282 110
282 111
282 139
282 151
282 154
282 160
282 175
282 178
282 196
282 208
282 212
282 227
282 240
282 245
282 264
282 268
282 274
282 275
282 293
282 295
282 297
282 300
282 302
282 322
282 338
282 347
282 358
282 359
282 397
282 400
282 413
282 419
282 437
282 441
282 447
282 457
282 469
282 474
282 495
283 15
283 25
283 152
283 164
283 169
283 198
283 211
283 235
283 247
283 274
283 346
283 386
283 399
283 421
283 432
283 460
283 467
283 476
284 119
284 226
284 391
284 398
284 404
284 456
284 475
285 45
285 46
285 65
285 142
285 174
285 241
285 321
285 432
286 14
286 77
286 174
286 203
286 271
286 301
286 321
286 482
286 497
287 9
287 79
287 84
287 91
287 105
287 121
287 127
287 137
287 140
287 146
287 177
287 192
287 194
287 197
287 215
287 232
287 236
287 248
287 251
287 265
287 271
287 293
287 294
287 300
287 301
287 305
287 328
287 329
287 339
287 350
287 357
287 379
287 388
287 413
287 440
287 493
288 65
288 71
288 75
288 86
288 90
288 111
288 172
288 184
288 198
288 211
288 267
288 324
288 382
288 489
288 498
289 2
289 6
289 20
289 30
289 31
289 35
289 51
289 59
289 72
289 84
289 101
289 102
289 123
289 128
289 136
289 141
289 143
289 144
289 182
289 190
289 204
289 213
289 215
289 219
289 234
289 247
289 253
289 257
289 264
289 272
289 301
289 304
289 341
289 375
289 393
289 397
289 398
289 414
289 443
289 451
289 467
289 477
289 487
289 491
289 494
290 55
290 73
290 91
290 113
290 126
290 129
290 136
290 178
290 197
290 210
290 215
290 223
290 227
290 239
290 244
290 250
290 263
290 320
290 333
290 345
290 374
290 384
290 389
290 394
290 401
290 408
290 411
290 418
290 424
290 473
291 18
291 23
291 44
291 99
291 100
291 192
291 235
291 239
291 298
291 334
292 115
292 128
292 224
292 372
292 376
292 438
293 17
293 51
293 60
293 80
293 84
293 90
293 98
293 108
293 119
293 128
293 151
293 154
293 160
293 175
293 194
293 212
293 227
293 240
293 265
293 282
293 287
293 294
293 297
293 322
293 338
293 359
293 419
293 429
293 447
294 7
294 46
294 51
294 69
294 70
294 97
294 113
294 182
294 203
294 208
294 234
294 257
294 267
294 287
294 293
294 298
294 325
294 336
294 341
294 358
294 360
294 379
294 392
294 465
294 477
295 94
295 112
295 190
295 214
295 282
295 316
295 377
295 484
296 53
296 59
296 69
296 88
296 196
296 199
296 212
296 213
296 225
296 279
296 308
296 324
296 361
296 364
296 396
296 466
297 18
297 20
297 43
297 61
297 89
297 98
297 102
297 103
297 106
297 111
297 113
297 117
297 150
297 151
297 154
297 160
297 169
297 174
297 175
297 176
297 192
297 196
297 206
297 212
297 227
297 240
297 280
297 282
297 293
297 298
297 322
297 323
297 338
297 348
297 359
297 397
297 400
297 406
297 411
297 418
297 419
297 432
297 437
297 447
297 463
297 469
297 491
297 492
297 494
298 18
298 37
298 44
298 99
298 107
298 108
298 136
298 144
298 151
298 171
298 215
298 228
298 232
298 234
298 239
298 244
298 252
298 261
298 269
298 291
298 294
298 297
298 317
298 334
298 354
298 363
298 404
298 416
298 430
298 438
298 440
298 457
298 459
298 469
298 472
298 479
298 489
299 170
299 218
299 238
299 345
299 348
299 458
300 3
300 12
300 14
300 27
300 85
300 90
300 105
300 113
300 123
300 135
300 147
300 184
300 186
300 194
300 233
300 234
300 236
300 243
300 248
300 250
300 251
300 264
300 282
300 287
300 301
300 305
300 309
300 339
300 350
300 357
300 368
300 376
300 398
300 434
301 1
301 6
301 29
301 52
301 88
301 101
301 105
301 113
301 135
301 158
301 173
301 177
301 179
301 182
301 184
301 186
301 190
301 192
301 194
301 203
301 205
301 214
301 220
301 227
301 232
301 236
301 248
301 264
301 266
301 286
301 287
301 289
301 300
301 305
301 309
301 339
301 350
301 357
301 388
301 398
301 418
301 440
301 498
302 28
302 49
302 52
302 86
302 106
302 111
302 128
302 137
302 140
302 143
302 151
302 168
302 182
302 183
302 192
302 219
302 221
302 251
302 276
302 282
302 317
302 318
302 322
302 326
302 346
302 356
302 362
302 370
302 384
302 399
302 419
302 437
302 448
302 462
302 464
302 474
302 478
303 73
303 90
303 97
303 119
303 136
303 142
303 202
303 208
303 312
303 318
303 328
303 343
303 356
303 358
303 404
303 406
303 456
303 465
303 466
303 475
304 59
304 136
304 174
304 182
304 224
304 247
304 289
304 398
304 482
304 494
305 22
305 28
305 39
305 87
305 99
305 105
305 160
305 190
305 194
305 197
305 198
305 232
305 233
305 234
305 236
305 248
305 254
305 264
305 287
305 300
305 301
305 309
305 339
305 350
305 357
305 388
305 391
305 414
305 434
305 440
305 481
306 140
306 144
306 215
306 309
306 316
306 360
306 420
306 429
306 460
306 491
307 12
307 62
307 94
307 100
307 105
307 162
307 224
307 244
307 272
307 313
307 321
307 344
307 352
307 441
307 492
308 78
308 103
308 174
308 181
308 267
308 296
309 6
309 9
309 52
309 59
309 75
309 80
309 84
309 105
309 122
309 126
309 135
309 173
309 177
309 189
309 192
309 194
309 228
309 232
309 234
309 236
309 240
309 248
309 251
309 252
309 264
309 279
309 300
309 301
309 305
309 306
309 311
309 324
309 339
309 340
309 350
309 353
309 356
309 357
309 381
309 388
309 394
309 399
309 437
309 440
309 467
310 8
310 85
310 109
310 165
310 203
310 214
310 271
310 327
310 330
310 347
310 374
310 377
310 426
310 471
310 481
310 493
310 499
311 60
311 179
311 195
311 265
311 309
311 354
311 407
312 12
312 26
312 40
312 61
312 85
312 116
312 303
312 343
312 352
312 392
312 420
312 426
312 434
312 464
312 492
312 496
313 16
313 17
313 43
313 57
313 76
313 78
313 85
313 103
313 120
313 139
313 161
313 188
313 219
313 222
313 240
313 307
313 328
313 360
313 375
313 412
313 422
313 429
313 433
313 449
313 454
314 6
314 17
314 39
314 73
314 80
314 91
314 113
314 195
314 231
314 280
314 350
314 360
314 362
314 382
314 429
314 434
314 458
314 473
315 134
315 161
315 217
315 225
315 319
315 477
316 2
316 12
316 30
316 34
316 41
316 45
316 77
316 112
316 133
316 145
316 153
316 186
316 201
316 226
316 236
316 246
316 276
316 295
316 306
316 339
316 353
316 377
316 402
316 408
316 442
316 452
316 468
316 484
317 28
317 49
317 53
317 72
317 88
317 111
317 137
317 143
317 144
317 168
317 175
317 192
317 198
317 201
317 202
317 206
317 219
317 221
317 264
317 276
317 298
317 302
317 346
317 378
317 384
317 398
317 414
317 416
317 428
317 431
317 462
318 24
318 89
318 142
318 169
318 281
318 302
318 303
318 341
318 356
318 370
318 393
318 404
318 406
318 435
318 456
318 465
318 497
319 9
319 20
319 40
319 44
319 54
319 72
319 78
319 89
319 131
319 132
319 134
319 144
319 151
319 189
319 211
319 229
319 249
319 262
319 315
319 350
319 371
319 377
319 390
319 403
319 408
319 431
319 455
319 456
319 477
319 488
320 36
320 50
320 55
320 160
320 250
320 290
320 324
320 391
320 408
321 13
321 14
321 45
321 64
321 77
321 80
321 94
321 109
321 127
321 146
321 155
321 166
321 174
321 182
321 243
321 249
321 258
321 271
321 285
321 286
321 307
321 336
321 351
321 375
321 376
321 383
321 384
321 387
321 404
321 419
321 432
321 447
321 477
321 497
322 90
322 102
322 103
322 105
322 140
322 152
322 154
322 160
322 169
322 175
322 176
322 187
322 203
322 280
322 282
322 293
322 297
322 302
322 347
322 419
322 443
323 10
323 142
323 151
323 160
323 175
323 205
323 212
323 230
323 297
323 338
323 353
323 362
323 437
324 65
324 71
324 75
324 90
324 146
324 202
324 268
324 288
324 296
324 309
324 320
324 360
324 364
324 382
324 389
324 429
324 494
325 7
325 51
325 70
325 113
325 128
325 137
325 208
325 243
325 267
325 274
325 294
325 336
325 341
325 358
325 368
325 379
325 407
325 417
325 429
325 452
325 492
326 22
326 48
326 82
326 96
326 141
326 194
326 242
326 248
326 280
326 302
326 337
326 366
326 388
326 405
326 465
326 482
326 494
327 40
327 76
327 81
327 270
327 276
327 310
327 338
327 427
327 434
328 20
328 77
328 105
328 124
328 169
328 177
328 182
328 194
328 248
328 270
328 287
328 303
328 313
328 350
328 357
328 381
328 388
328 390
328 401
328 440
328 457
328 485
329 5
329 33
329 43
329 50
329 57
329 65
329 75
329 80
329 85
329 91
329 95
329 131
329 162
329 164
329 184
329 232
329 233
329 254
329 255
329 278
329 287
329 380
329 395
329 397
329 398
329 435
329 451
329 468
329 495
330 34
330 37
330 79
330 85
330 109
330 195
330 251
330 310
330 347
330 350
330 354
330 426
330 470
330 471
330 481
331 125
331 203
331 207
331 363
331 387
331 398
331 439
332 109
332 347
332 418
332 426
332 441
332 471
332 488
333 44
333 48
333 55
333 129
333 134
333 140
333 178
333 182
333 219
333 223
333 250
333 251
333 290
333 352
333 378
333 408
333 411
333 421
334 44
334 78
334 99
334 147
334 239
334 291
334 298
334 356
334 433
335 78
335 138
335 174
335 356
335 360
335 391
335 406
335 456
335 465
335 475
336 7
336 45
336 51
336 70
336 208
336 209
336 254
336 255
336 267
336 294
336 321
336 325
336 341
336 344
336 346
336 350
336 358
336 379
336 398
336 429
336 437
336 438
336 500
337 48
337 66
337 82
337 95
337 96
337 97
337 103
337 135
337 141
337 159
337 220
337 229
337 235
337 258
337 265
337 326
337 366
337 372
337 405
337 482
338 20
338 21
338 43
338 65
338 80
338 81
338 82
338 103
338 116
338 147
338 151
338 154
338 160
338 168
338 175
338 176
338 191
338 212
338 227
338 240
338 245
338 247
338 255
338 270
338 282
338 293
338 297
338 323
338 327
338 339
338 371
338 397
338 404
338 419
338 421
338 432
338 437
338 467
338 468
338 469
338 489
339 9
339 27
339 39
339 63
339 71
339 75
339 88
339 102
339 105
339 118
339 128
339 135
339 160
339 169
339 173
339 177
339 178
339 194
339 212
339 216
339 219
339 220
339 222
339 232
339 234
339 236
339 248
339 251
339 264
339 287
339 300
339 301
339 305
339 309
339 316
339 338
339 357
339 379
339 388
339 399
339 404
339 413
339 438
339 440
339 468
339 491
340 9
340 30
340 39
340 144
340 196
340 219
340 220
340 309
340 350
340 390
340 457
341 7
341 20
341 40
341 47
341 51
341 67
341 69
341 105
341 111
341 158
341 161
341 174
341 181
341 208
341 240
341 257
341 259
341 267
341 281
341 289
341 294
341 318
341 325
341 336
341 357
341 358
341 379
341 391
341 417
341 500
342 78
342 160
342 175
342 212
342 446
342 450
343 34
343 58
343 86
343 113
343 116
343 137
343 148
343 160
343 163
343 231
343 252
343 303
343 312
343 345
343 357
343 427
343 431
343 466
343 496
344 9
344 12
344 62
344 100
344 104
344 162
344 224
344 241
344 242
344 307
344 336
344 352
344 468
344 491
344 494
345 4
345 33
345 58
345 116
345 148
345 163
345 195
345 205
345 290
345 299
345 343
345 431
345 461
345 469
345 485
345 495
345 496
346 8
346 28
346 49
346 69
346 111
346 128
346 137
346 143
346 168
346 192
346 221
346 242
346 270
346 276
346 283
346 302
346 317
346 336
346 368
346 384
346 418
346 437
346 445
346 454
346 459
346 467
347 8
347 12
347 84
347 109
347 165
347 197
347 213
347 226
347 258
347 282
347 310
347 322
347 330
347 332
347 377
347 426
347 470
347 471
347 479
347 481
348 73
348 87
348 89
348 115
348 116
348 128
348 131
348 150
348 179
348 207
348 226
348 297
348 299
348 376
348 399
348 433
348 452
348 468
348 497
349 5
349 45
349 61
349 91
349 108
349 394
350 20
350 22
350 26
350 79
350 80
350 105
350 122
350 135
350 139
350 144
350 164
350 169
350 173
350 177
350 194
350 227
350 232
350 234
350 235
350 236
350 248
350 251
350 264
350 266
350 287
350 300
350 301
350 305
350 309
350 314
350 319
350 328
350 330
350 336
350 340
350 356
350 357
350 367
350 379
350 381
350 386
350 388
350 392
350 401
350 402
350 412
350 413
350 440
350 457
350 496
351 14
351 109
351 130
351 174
351 233
351 271
351 321
351 383
351 475
351 496
352 5
352 12
352 18
352 62
352 83
352 94
352 100
352 151
352 162
352 224
352 264
352 307
352 312
352 333
352 344
352 383
352 399
352 497
353 2
353 41
353 81
353 82
353 112
353 133
353 161
353 186
353 201
353 211
353 212
353 251
353 309
353 316
353 323
353 377
353 381
353 413
353 417
353 418
353 442
353 484
354 60
354 61
354 93
354 98
354 154
354 179
354 183
354 195
354 216
354 233
354 249
354 298
354 311
354 330
354 355
354 487
355 60
355 67
355 179
355 195
355 210
355 216
355 267
355 354
355 440
356 57
356 68
356 73
356 119
356 124
356 142
356 147
356 157
356 210
356 219
356 274
356 302
356 303
356 309
356 318
356 334
356 335
356 350
356 370
356 386
356 389
356 404
356 406
356 419
356 434
356 437
356 456
356 465
356 475
356 484
357 19
357 30
357 59
357 78
357 105
357 135
357 152
357 153
357 169
357 173
357 177
357 187
357 194
357 205
357 234
357 243
357 244
357 248
357 251
357 258
357 264
357 280
357 287
357 300
357 301
357 305
357 309
357 328
357 339
357 341
357 343
357 350
357 359
357 384
357 388
357 403
357 413
357 414
357 429
357 434
357 440
357 454
357 473
357 494
358 7
358 51
358 69
358 70
358 91
358 102
358 105
358 129
358 194
358 208
358 242
358 257
358 267
358 282
358 294
358 303
358 325
358 336
358 341
358 359
358 379
358 408
358 417
358 433
358 439
358 467
358 500
359 22
359 121
359 145
359 154
359 175
359 212
359 219
359 239
359 240
359 282
359 293
359 297
359 357
359 358
359 397
359 430
359 437
359 500
360 39
360 65
360 76
360 80
360 91
360 105
360 111
360 126
360 151
360 180
360 196
360 203
360 215
360 219
360 223
360 234
360 268
360 280
360 294
360 306
360 313
360 314
360 324
360 335
360 367
360 382
360 393
360 394
360 397
360 431
360 449
360 450
360 455
360 457
360 468
360 473
360 485
361 23
361 89
361 199
361 225
361 296
361 466
361 468
362 23
362 28
362 49
362 111
362 137
362 168
362 192
362 202
362 210
362 229
362 250
362 276
362 302
362 314
362 323
362 384
362 459
362 471
363 83
363 114
363 125
363 126
363 136
363 153
363 160
363 191
363 220
363 226
363 260
363 298
363 331
363 365
363 439
363 451
363 495
364 176
364 185
364 225
364 244
364 296
364 324
364 396
364 429
364 466
365 11
365 89
365 91
365 125
365 363
365 387
365 474
366 82
366 96
366 106
366 113
366 119
366 134
366 168
366 326
366 337
366 371
366 372
366 482
366 496
367 115
367 203
367 220
367 350
367 360
367 394
367 402
367 438
367 487
368 1
368 22
368 40
368 80
368 90
368 113
368 140
368 147
368 174
368 203
368 208
368 215
368 220
368 237
368 243
368 300
368 325
368 346
368 370
368 386
368 395
368 402
368 454
368 468
368 488
369 6
369 63
369 166
369 170
369 205
369 458
370 34
370 67
370 73
370 135
370 142
370 201
370 302
370 318
370 356
370 368
370 400
370 404
370 406
370 465
370 473
370 475
371 9
371 30
371 54
371 59
371 72
371 78
371 134
371 177
371 203
371 209
371 241
371 253
371 262
371 265
371 319
371 338
371 366
371 390
371 455
371 477
372 82
372 96
372 194
372 221
372 248
372 265
372 292
372 337
372 366
372 482
373 53
373 55
373 78
373 83
373 87
373 89
373 91
373 115
373 128
373 176
373 196
373 213
373 226
373 376
373 399
373 433
373 438
373 452
373 482
373 494
374 1
374 55
374 60
374 129
374 168
374 197
374 215
374 223
374 250
374 274
374 276
374 290
374 310
374 389
374 408
374 411
374 443
375 16
375 57
375 69
375 76
375 99
375 139
375 161
375 188
375 222
375 267
375 289
375 313
375 321
375 376
375 383
375 384
375 412
375 454
375 456
376 51
376 76
376 87
376 89
376 98
376 115
376 128
376 156
376 190
376 214
376 226
376 261
376 272
376 292
376 300
376 321
376 348
376 373
376 375
376 399
376 417
376 432
376 433
376 438
376 452
376 453
376 457
376 466
376 469
377 2
377 41
377 59
377 95
377 102
377 112
377 119
377 133
377 136
377 145
377 147
377 153
377 186
377 196
377 201
377 208
377 212
377 246
377 272
377 295
377 310
377 316
377 319
377 347
377 353
377 392
377 442
377 484
378 42
378 110
378 129
378 203
378 250
378 317
378 333
378 408
379 4
379 7
379 14
379 24
379 50
379 51
379 67
379 69
379 70
379 72
379 105
379 107
379 198
379 208
379 239
379 255
379 257
379 267
379 281
379 287
379 294
379 325
379 336
379 339
379 341
379 350
379 358
379 404
379 413
379 417
379 418
379 440
379 449
379 465
379 500
380 50
380 71
380 115
380 131
380 184
380 201
380 233
380 254
380 329
380 473
380 483
381 7
381 44
381 144
381 173
381 192
381 194
381 225
381 236
381 248
381 264
381 309
381 328
381 350
381 353
381 388
381 394
381 397
381 419
381 422
381 440
382 140
382 231
382 259
382 265
382 288
382 314
382 324
382 360
382 388
382 434
383 14
383 45
383 64
383 77
383 110
383 127
383 134
383 147
383 154
383 174
383 177
383 250
383 258
383 271
383 321
383 351
383 352
383 375
383 411
383 421
383 432
383 438
383 497
384 28
384 48
384 49
384 53
384 85
384 86
384 111
384 128
384 134
384 137
384 143
384 158
384 168
384 184
384 192
384 196
384 198
384 206
384 207
384 208
384 216
384 221
384 271
384 276
384 290
384 302
384 317
384 321
384 346
384 357
384 362
384 375
384 412
384 445
384 454
384 455
384 465
384 474
384 495
385 29
385 150
385 272
385 394
385 402
385 421
386 25
386 68
386 80
386 126
386 140
386 147
386 149
386 169
386 171
386 196
386 243
386 265
386 280
386 283
386 350
386 356
386 368
386 388
386 394
386 429
386 432
386 438
387 83
387 125
387 191
387 321
387 331
387 365
387 399
387 420
387 449
387 488
388 13
388 15
388 18
388 22
388 33
388 39
388 49
388 52
388 80
388 88
388 105
388 108
388 114
388 133
388 144
388 169
388 173
388 177
388 182
388 190
388 194
388 228
388 232
388 234
388 248
388 251
388 264
388 287
388 301
388 305
388 309
388 326
388 328
388 339
388 350
388 357
388 381
388 382
388 386
388 389
388 408
388 419
388 429
388 440
388 449
389 16
389 39
389 55
389 102
389 175
389 178
389 197
389 210
389 214
389 223
389 250
389 290
389 324
389 356
389 374
389 388
389 391
389 399
389 408
389 411
389 429
389 457
390 1
390 30
390 72
390 78
390 107
390 154
390 319
390 328
390 340
390 371
390 455
390 477
390 486
391 55
391 64
391 89
391 129
391 178
391 197
391 213
391 223
391 250
391 270
391 284
391 305
391 320
391 335
391 341
391 389
391 408
391 495
392 26
392 40
392 61
392 81
392 85
392 108
392 160
392 196
392 231
392 235
392 239
392 253
392 256
392 270
392 277
392 294
392 312
392 350
392 377
392 422
392 434
392 449
392 461
392 467
392 487
392 492
393 14
393 24
393 50
393 120
393 125
393 130
393 168
393 184
393 196
393 214
393 258
393 266
393 276
393 289
393 318
393 360
393 409
393 414
393 425
393 437
393 443
393 444
393 450
393 453
393 456
393 493
394 22
394 28
394 39
394 53
394 80
394 105
394 113
394 125
394 136
394 144
394 147
394 157
394 158
394 168
394 182
394 188
394 192
394 196
394 215
394 219
394 220
394 243
394 255
394 264
394 268
394 280
394 290
394 309
394 349
394 360
394 367
394 381
394 385
394 386
394 401
394 418
394 419
394 429
394 437
394 440
394 457
394 459
394 468
394 473
394 475
394 477
394 494
395 5
395 50
395 102
395 131
395 160
395 174
395 184
395 233
395 248
395 254
395 280
395 329
395 368
395 407
395 419
395 438
395 451
395 465
395 492
395 495
396 110
396 176
396 181
396 184
396 199
396 225
396 296
396 364
396 426
396 454
396 466
397 22
397 81
397 103
397 137
397 140
397 147
397 151
397 154
397 160
397 175
397 176
397 212
397 220
397 227
397 240
397 272
397 282
397 289
397 297
397 329
397 338
397 359
397 360
397 381
397 419
397 420
397 437
397 448
397 469
397 492
397 494
397 495
398 6
398 8
398 18
398 20
398 30
398 31
398 32
398 35
398 59
398 63
398 84
398 90
398 101
398 136
398 167
398 173
398 182
398 185
398 190
398 195
398 204
398 220
398 227
398 247
398 250
398 272
398 284
398 289
398 300
398 301
398 304
398 317
398 329
398 331
398 336
398 404
398 410
398 414
398 438
398 456
398 467
398 476
398 487
398 491
398 494
398 495
399 38
399 82
399 84
399 87
399 89
399 98
399 99
399 115
399 117
399 123
399 128
399 156
399 159
399 166
399 182
399 200
399 226
399 231
399 242
399 283
399 302
399 309
399 339
399 348
399 352
399 373
399 376
399 387
399 389
399 410
399 423
399 433
399 434
399 438
399 452
399 462
399 478
399 497
400 10
400 57
400 212
400 227
400 235
400 282
400 297
400 370
400 437
400 447
400 492
401 59
401 70
401 91
401 113
401 126
401 144
401 187
401 192
401 196
401 211
401 220
401 265
401 271
401 276
401 280
401 290
401 328
401 350
401 394
401 408
401 429
401 457
401 468
401 473
401 475
402 19
402 29
402 38
402 70
402 76
402 104
402 149
402 150
402 175
402 187
402 254
402 272
402 316
402 350
402 367
402 368
402 385
402 435
402 484
403 63
403 116
403 170
403 238
403 319
403 357
403 420
403 458
403 490
404 73
404 77
404 79
404 87
404 119
404 121
404 124
404 142
404 157
404 194
404 200
404 220
404 234
404 284
404 298
404 303
404 318
404 321
404 338
404 339
404 356
404 370
404 379
404 398
404 406
404 440
404 456
404 465
404 475
404 491
405 14
405 81
405 82
405 96
405 279
405 326
405 337
406 15
406 111
406 119
406 124
406 142
406 176
406 212
406 271
406 297
406 303
406 318
406 335
406 356
406 370
406 404
406 418
406 429
406 442
406 451
406 456
406 465
406 475
406 477
407 50
407 59
407 131
407 184
407 311
407 325
407 395
407 420
407 440
407 451
407 453
407 495
408 26
408 27
408 55
408 111
408 129
408 147
408 151
408 154
408 155
408 170
408 178
408 195
408 197
408 210
408 223
408 250
408 275
408 290
408 316
408 319
408 320
408 333
408 358
408 374
408 378
408 388
408 389
408 391
408 401
408 411
408 424
408 457
409 24
409 26
409 103
409 154
409 214
409 258
409 393
410 20
410 59
410 136
410 182
410 188
410 398
410 399
411 24
411 35
411 77
411 128
411 129
411 131
411 197
411 210
411 223
411 250
411 257
411 290
411 297
411 333
411 374
411 383
411 389
411 408
411 447
411 497
412 57
412 124
412 139
412 143
412 161
412 179
412 188
412 203
412 222
412 313
412 350
412 375
412 384
412 416
412 419
412 454
412 493
413 6
413 87
413 105
413 111
413 154
413 169
413 177
413 239
413 248
413 264
413 282
413 287
413 339
413 350
413 353
413 357
413 379
413 440
413 456
414 6
414 20
414 30
414 35
414 40
414 45
414 56
414 59
414 84
414 101
414 106
414 127
414 128
414 136
414 143
414 144
414 160
414 180
414 182
414 190
414 226
414 247
414 289
414 305
414 317
414 357
414 393
414 398
414 432
414 457
414 465
414 467
414 487
414 491
414 494
415 78
415 134
415 207
415 455
415 470
415 472
416 18
416 99
416 152
416 203
416 239
416 244
416 298
416 317
416 412
416 433
416 459
416 492
417 7
417 51
417 69
417 70
417 87
417 140
417 151
417 174
417 176
417 208
417 257
417 267
417 270
417 325
417 341
417 353
417 358
417 376
417 379
417 437
417 456
417 492
418 1
418 18
418 22
418 39
418 67
418 69
418 74
418 75
418 80
418 103
418 113
418 136
418 147
418 203
418 209
418 210
418 212
418 213
418 215
418 219
418 220
418 242
418 243
418 244
418 280
418 290
418 297
418 301
418 332
418 346
418 353
418 379
418 394
418 406
418 419
418 440
418 457
418 473
419 43
419 47
419 59
419 66
419 72
419 78
419 89
419 102
419 103
419 106
419 144
419 147
419 151
419 154
419 160
419 175
419 176
419 192
419 196
419 212
419 227
419 240
419 271
419 282
419 293
419 297
419 302
419 321
419 322
419 338
419 356
419 381
419 388
419 394
419 395
419 397
419 412
419 418
419 420
419 421
419 437
419 438
419 447
419 454
419 467
419 469
420 40
420 61
420 67
420 73
420 81
420 85
420 118
420 160
420 169
420 190
420 231
420 270
420 306
420 312
420 387
420 397
420 403
420 407
420 419
420 434
420 449
420 492
421 103
421 132
421 154
421 175
421 212
421 224
421 257
421 283
421 333
421 338
421 383
421 385
421 419
421 437
421 459
422 22
422 57
422 118
422 139
422 161
422 188
422 238
422 313
422 381
422 392
422 447
422 454
422 488
423 87
423 89
423 115
423 128
423 148
423 212
423 399
423 424
423 433
423 438
423 498
424 32
424 55
424 290
424 408
424 423
424 431
425 20
425 24
425 55
425 126
425 128
425 214
425 245
425 258
425 266
425 393
425 432
425 443
426 5
426 310
426 312
426 330
426 332
426 347
426 396
426 440
427 14
427 116
427 266
427 327
427 343
427 496
428 30
428 113
428 180
428 196
428 203
428 317
428 443
428 497
429 1
429 39
429 59
429 80
429 84
429 91
429 108
429 111
429 126
429 140
429 147
429 169
429 177
429 196
429 203
429 211
429 215
429 219
429 220
429 228
429 236
429 237
429 265
429 267
429 280
429 293
429 306
429 313
429 314
429 324
429 325
429 336
429 357
429 364
429 386
429 388
429 389
429 394
429 401
429 406
429 432
429 442
429 457
429 465
429 468
429 477
429 485
430 4
430 18
430 44
430 81
430 99
430 158
430 207
430 212
430 244
430 247
430 252
430 261
430 273
430 298
430 359
430 459
431 11
431 34
431 58
431 111
431 116
431 148
431 163
431 229
431 233
431 317
431 319
431 343
431 345
431 360
431 424
431 461
431 483
431 491
431 496
432 1
432 7
432 14
432 18
432 36
432 45
432 49
432 64
432 70
432 77
432 92
432 127
432 155
432 166
432 170
432 173
432 174
432 218
432 227
432 249
432 271
432 283
432 285
432 297
432 321
432 338
432 376
432 383
432 386
432 414
432 425
432 429
432 497
433 30
433 35
433 42
433 55
433 80
433 87
433 89
433 98
433 99
433 105
433 115
433 117
433 121
433 126
433 128
433 131
433 140
433 159
433 194
433 196
433 198
433 226
433 313
433 334
433 348
433 358
433 373
433 376
433 399
433 416
433 423
433 438
433 452
433 477
433 491
434 11
434 26
434 40
434 41
434 61
434 79
434 81
434 85
434 96
434 105
434 118
434 138
434 182
434 192
434 218
434 231
434 243
434 245
434 250
434 261
434 264
434 270
434 300
434 305
434 312
434 314
434 327
434 356
434 357
434 382
434 392
434 399
434 420
434 440
434 444
434 449
434 492
434 499
435 41
435 150
435 187
435 272
435 318
435 329
435 402
436 59
436 78
436 129
436 134
436 250
436 477
437 59
437 61
437 87
437 102
437 103
437 106
437 127
437 135
437 151
437 154
437 157
437 158
437 160
437 161
437 175
437 176
437 197
437 212
437 214
437 227
437 238
437 240
437 245
437 247
437 276
437 282
437 297
437 302
437 309
437 323
437 336
437 338
437 346
437 356
437 359
437 393
437 394
437 397
437 400
437 417
437 419
437 421
437 469
437 473
437 487
438 83
438 87
438 89
438 91
438 98
438 113
438 115
438 118
438 119
438 121
438 128
438 156
438 159
438 180
438 219
438 226
438 251
438 292
438 298
438 336
438 339
438 367
438 373
438 376
438 383
438 386
438 395
438 398
438 399
438 419
438 423
438 433
438 452
439 105
439 112
439 125
439 260
439 331
439 358
439 363
439 488
440 22
440 27
440 30
440 39
440 47
440 52
440 69
440 80
440 84
440 85
440 88
440 105
440 113
440 122
440 128
440 135
440 136
440 147
440 163
440 169
440 173
440 190
440 194
440 205
440 234
440 236
440 248
440 261
440 264
440 265
440 287
440 298
440 301
440 305
440 309
440 328
440 339
440 350
440 355
440 357
440 379
440 381
440 388
440 394
440 404
440 407
440 413
440 418
440 426
440 434
441 80
441 113
441 144
441 282
441 307
441 332
441 492
442 2
442 84
442 112
442 113
442 126
442 239
442 316
442 353
442 377
442 406
442 429
442 484
443 24
443 70
443 120
443 134
443 174
443 186
443 214
443 217
443 266
443 289
443 322
443 374
443 393
443 425
443 428
443 444
443 450
443 492
443 493
444 24
444 46
444 115
444 120
444 154
444 196
444 214
444 228
444 258
444 393
444 434
444 443
445 6
445 28
445 276
445 346
445 384
445 470
446 63
446 89
446 170
446 225
446 265
446 342
446 490
447 142
447 151
447 161
447 212
447 240
447 282
447 293
447 297
447 321
447 400
447 411
447 419
447 422
447 455
447 458
448 28
448 93
448 192
448 276
448 302
448 397
449 6
449 11
449 14
449 15
449 26
449 35
449 40
449 57
449 58
449 61
449 81
449 85
449 110
449 118
449 138
449 168
449 177
449 195
449 231
449 236
449 270
449 313
449 360
449 379
449 387
449 388
449 392
449 420
449 434
449 492
450 24
450 128
450 138
450 177
450 214
450 266
450 342
450 360
450 393
450 443
451 5
451 7
451 33
451 50
451 51
451 85
451 103
451 131
451 184
451 213
451 224
451 226
451 230
451 232
451 233
451 254
451 255
451 289
451 329
451 363
451 395
451 406
451 407
451 486
451 495
452 44
452 64
452 87
452 89
452 90
452 102
452 115
452 121
452 128
452 174
452 226
452 227
452 247
452 248
452 267
452 268
452 316
452 325
452 348
452 373
452 376
452 399
452 433
452 438
452 481
453 24
453 40
453 156
453 214
453 215
453 258
453 376
453 393
453 407
454 17
454 51
454 57
454 76
454 93
454 117
454 139
454 161
454 188
454 197
454 222
454 254
454 313
454 346
454 357
454 368
454 375
454 384
454 396
454 412
454 419
454 422
455 9
455 59
455 72
455 78
455 96
455 98
455 118
455 132
455 134
455 161
455 175
455 212
455 229
455 240
455 243
455 248
455 262
455 264
455 319
455 360
455 371
455 384
455 390
455 415
455 447
455 477
455 488
456 1
456 30
456 73
456 100
456 108
456 119
456 124
456 142
456 163
456 258
456 284
456 303
456 318
456 319
456 335
456 356
456 375
456 393
456 398
456 404
456 406
456 413
456 417
456 465
456 475
456 490
457 29
457 80
457 113
457 115
457 126
457 140
457 142
457 143
457 147
457 203
457 219
457 220
457 226
457 239
457 243
457 262
457 280
457 282
457 298
457 328
457 340
457 350
457 360
457 376
457 389
457 394
457 401
457 408
457 414
457 418
457 429
457 473
457 489
458 3
458 63
458 168
458 170
458 178
458 208
458 238
458 277
458 299
458 314
458 369
458 403
458 447
458 479
459 1
459 18
459 37
459 44
459 51
459 98
459 99
459 112
459 175
459 199
459 223
459 228
459 234
459 239
459 244
459 252
459 261
459 298
459 346
459 362
459 394
459 416
459 421
459 430
459 480
460 67
460 127
460 164
460 192
460 198
460 211
460 235
460 274
460 276
460 283
460 306
461 14
461 58
461 87
461 108
461 116
461 163
461 226
461 227
461 345
461 392
461 431
461 486
461 496
462 7
462 15
462 28
462 31
462 38
462 52
462 111
462 131
462 137
462 148
462 168
462 192
462 276
462 302
462 317
462 399
463 102
463 154
463 221
463 226
463 297
463 499
464 111
464 138
464 192
464 276
464 302
464 312
465 68
465 72
465 73
465 119
465 124
465 142
465 144
465 151
465 157
465 170
465 199
465 200
465 211
465 212
465 233
465 294
465 303
465 318
465 326
465 335
465 356
465 370
465 379
465 384
465 395
465 404
465 406
465 414
465 429
465 456
465 475
466 190
466 199
466 225
466 267
466 274
466 279
466 296
466 303
466 343
466 361
466 364
466 376
466 396
466 499
467 6
467 20
467 30
467 35
467 59
467 69
467 84
467 101
467 108
467 112
467 122
467 136
467 146
467 154
467 174
467 177
467 182
467 190
467 204
467 220
467 247
467 248
467 276
467 278
467 280
467 283
467 289
467 309
467 338
467 346
467 358
467 392
467 398
467 414
467 419
467 468
467 487
467 491
467 494
468 5
468 29
468 39
468 56
468 61
468 80
468 91
468 113
468 120
468 126
468 131
468 140
468 144
468 168
468 180
468 196
468 203
468 209
468 213
468 220
468 223
468 231
468 232
468 243
468 254
468 262
468 265
468 280
468 316
468 329
468 338
468 339
468 344
468 348
468 360
468 361
468 368
468 394
468 401
468 429
468 467
468 469
468 473
468 487
468 495
469 29
469 37
469 70
469 91
469 102
469 103
469 125
469 151
469 154
469 160
469 174
469 175
469 208
469 212
469 227
469 232
469 240
469 245
469 248
469 267
469 270
469 280
469 282
469 297
469 298
469 338
469 345
469 376
469 397
469 419
469 437
469 468
470 8
470 176
470 184
470 330
470 347
470 415
470 445
471 8
471 70
471 193
471 207
471 226
471 310
471 330
471 332
471 347
471 362
471 481
472 14
472 18
472 44
472 80
472 117
472 239
472 244
472 264
472 298
472 415
473 1
473 6
473 10
473 20
473 22
473 35
473 39
473 44
473 57
473 76
473 80
473 92
473 99
473 108
473 113
473 138
473 140
473 147
473 194
473 208
473 210
473 212
473 215
473 243
473 264
473 265
473 269
473 276
473 290
473 314
473 357
473 360
473 370
473 380
473 394
473 401
473 418
473 437
473 457
473 468
474 111
474 168
474 183
474 192
474 255
474 276
474 282
474 302
474 365
474 384
475 15
475 29
475 40
475 55
475 61
475 68
475 119
475 122
475 142
475 144
475 162
475 175
475 242
475 284
475 303
475 335
475 351
475 356
475 370
475 394
475 401
475 404
475 406
475 456
475 465
476 59
476 136
476 182
476 260
476 283
476 398
477 9
477 20
477 22
477 72
477 78
477 112
477 132
477 134
477 140
477 158
477 189
477 211
477 219
477 229
477 262
477 289
477 294
477 315
477 319
477 321
477 371
477 390
477 394
477 406
477 429
477 433
477 436
477 455
477 484
477 488
478 6
478 39
478 87
478 115
478 128
478 226
478 239
478 302
478 399
479 18
479 160
479 239
479 244
479 298
479 347
479 458
480 18
480 44
480 118
480 143
480 239
480 275
480 459
480 486
480 497
481 73
481 84
481 109
481 165
481 226
481 305
481 310
481 330
481 347
481 452
481 471
481 487
482 18
482 29
482 66
482 82
482 96
482 103
482 126
482 286
482 304
482 326
482 337
482 366
482 372
482 373
483 58
483 116
483 193
483 245
483 380
483 431
484 2
484 19
484 25
484 41
484 62
484 75
484 80
484 106
484 112
484 133
484 153
484 169
484 176
484 186
484 194
484 201
484 214
484 246
484 295
484 316
484 353
484 356
484 377
484 402
484 442
484 477
485 1
485 65
485 86
485 91
485 108
485 113
485 115
485 239
485 328
485 345
485 360
485 429
486 5
486 184
486 254
486 390
486 451
486 461
486 480
486 490
486 495
487 13
487 20
487 30
487 39
487 59
487 136
487 182
487 190
487 276
487 289
487 354
487 367
487 392
487 398
487 414
487 437
487 467
487 468
487 481
488 9
488 78
488 111
488 134
488 262
488 271
488 319
488 332
488 368
488 387
488 422
488 439
488 455
488 477
489 37
489 65
489 90
489 146
489 288
489 298
489 338
489 457
490 59
490 63
490 105
490 137
490 170
490 238
490 403
490 446
490 456
490 486
491 6
491 16
491 20
491 30
491 59
491 68
491 84
491 87
491 91
491 136
491 182
491 184
491 190
491 215
491 233
491 240
491 243
491 247
491 289
491 297
491 306
491 339
491 344
491 398
491 404
491 414
491 431
491 433
491 467
491 494
492 5
492 11
492 26
492 40
492 61
492 63
492 77
492 81
492 85
492 110
492 118
492 120
492 135
492 192
492 201
492 218
492 231
492 239
492 256
492 270
492 274
492 297
492 307
492 312
492 325
492 392
492 395
492 397
492 400
492 416
492 417
492 420
492 434
492 441
492 443
492 449
492 499
493 24
493 120
493 145
493 200
493 214
493 216
493 230
493 258
493 287
493 310
493 393
493 412
493 443
494 6
494 11
494 20
494 30
494 35
494 39
494 44
494 58
494 59
494 81
494 84
494 97
494 113
494 135
494 136
494 148
494 170
494 182
494 190
494 194
494 247
494 276
494 280
494 289
494 297
494 304
494 324
494 326
494 344
494 357
494 373
494 394
494 397
494 398
494 414
494 467
494 491
495 5
495 25
495 33
495 50
495 115
495 129
495 131
495 140
495 177
495 184
495 233
495 254
495 255
495 266
495 282
495 329
495 345
495 363
495 384
495 391
495 395
495 397
495 398
495 407
495 451
495 468
495 486
496 18
496 34
496 41
496 58
496 85
496 102
496 116
496 148
496 163
496 186
496 281
496 312
496 343
496 345
496 350
496 351
496 366
496 427
496 431
496 461
497 14
497 45
497 64
497 77
497 83
497 127
497 140
497 155
497 160
497 166
497 173
497 174
497 219
497 222
497 249
497 271
497 286
497 318
497 321
497 348
497 352
497 383
497 399
497 411
497 428
497 432
497 480
497 500
498 30
498 65
498 71
498 75
498 140
498 146
498 156
498 288
498 301
498 423
499 18
499 26
499 40
499 54
499 270
499 310
499 434
499 463
499 466
499 492
500 2
500 7
500 69
500 153
500 165
500 168
500 208
500 247
500 264
500 267
500 336
500 341
500 358
500 359
500 379
500 497
