1 82
1 132
1 213
1 243
1 396
1 428
1 454
2 93
2 94
2 96
2 123
2 216
2 300
2 305
2 313
2 371
2 479
3 41
3 100
3 114
3 242
3 281
3 308
4 11
4 17
4 49
4 50
4 63
4 69
4 75
4 77
4 85
4 88
4 104
4 117
4 138
4 141
4 150
4 182
4 188
4 195
4 200
4 217
4 269
4 283
4 289
4 293
4 295
4 341
4 342
4 346
4 373
4 404
4 409
4 415
4 419
4 432
4 434
4 452
4 461
4 499
5 104
5 112
5 177
5 197
5 293
5 407
6 9
6 15
6 23
6 25
6 57
6 86
6 105
6 107
6 110
6 128
6 147
6 170
6 221
6 223
6 227
6 229
6 230
6 242
6 260
6 263
6 287
6 301
6 303
6 305
6 373
6 375
6 379
6 385
6 402
6 438
6 469
6 476
6 483
6 484
6 489
6 499
7 22
7 58
7 64
7 110
7 171
7 182
7 200
7 264
7 270
7 310
7 342
7 491
8 27
8 94
8 104
8 117
8 145
8 192
8 235
8 250
8 287
8 328
8 415
8 429
8 452
8 490
9 6
9 160
9 186
9 188
9 313
9 324
9 385
9 398
9 414
9 438
9 456
9 457
9 460
9 492
10 132
10 186
10 187
10 210
10 271
10 402
10 454
10 499
11 4
11 17
11 20
11 44
11 49
11 64
11 69
11 75
11 77
11 117
11 177
11 195
11 217
11 233
11 263
11 269
11 286
11 289
11 296
11 313
11 341
11 346
11 373
11 404
11 409
11 414
11 452
11 453
11 499
12 18
12 27
12 46
12 72
12 164
12 220
12 413
13 41
13 64
13 114
13 174
13 187
13 266
13 272
13 281
13 282
13 334
13 379
14 29
14 31
14 40
14 86
14 88
14 113
14 144
14 179
14 335
14 491
15 6
15 57
15 86
15 105
15 107
15 113
15 128
15 223
15 227
15 229
15 253
15 255
15 263
15 297
15 303
15 325
15 373
15 379
15 395
15 396
15 402
15 427
15 435
15 469
15 476
15 480
15 489
15 491
16 38
16 41
16 50
16 73
16 99
16 131
16 142
16 196
16 233
16 432
16 433
16 472
16 488
16 494
17 4
17 11
17 63
17 69
17 75
17 77
17 85
17 103
17 117
17 140
17 142
17 160
17 179
17 188
17 195
17 201
17 217
17 243
17 269
17 289
17 306
17 332
17 341
17 346
17 365
17 396
17 404
17 409
17 432
17 450
17 452
17 494
17 499
18 12
18 37
18 46
18 62
18 72
18 101
18 110
18 116
18 120
18 138
18 154
18 157
18 164
18 220
18 244
18 274
18 277
18 313
18 354
18 356
18 399
18 411
18 413
18 485
19 59
19 92
19 105
19 146
19 221
19 303
19 340
19 405
19 455
20 11
20 77
20 114
20 233
20 289
20 346
20 382
20 404
20 409
20 417
20 452
21 93
21 96
21 118
21 165
21 191
21 204
21 233
21 300
21 305
21 400
21 409
21 430
21 479
22 7
22 111
22 125
22 129
22 141
22 191
22 208
22 219
22 224
22 227
22 239
22 264
22 274
22 285
22 287
22 289
22 331
22 364
22 365
22 377
22 410
22 413
22 414
22 429
22 446
22 486
22 487
23 6
23 56
23 91
23 100
23 161
23 211
23 213
23 261
23 266
23 298
23 396
23 440
23 458
24 30
24 38
24 50
24 61
24 100
24 106
24 137
24 142
24 164
24 203
24 215
24 224
24 227
24 233
24 236
24 253
24 254
24 271
24 283
24 336
24 346
24 379
24 381
24 431
24 433
24 460
24 464
24 484
24 490
24 492
25 6
25 86
25 128
25 210
25 227
25 264
25 303
25 311
25 320
25 373
25 444
25 489
26 35
26 40
26 59
26 63
26 74
26 86
26 94
26 122
26 175
26 178
26 186
26 193
26 200
26 203
26 212
26 217
26 221
26 232
26 256
26 295
26 340
26 367
26 375
26 397
26 405
26 453
26 455
26 479
26 497
26 500
27 8
27 12
27 89
27 94
27 145
27 150
27 192
27 218
27 235
27 250
27 285
27 297
27 376
27 394
27 415
27 429
27 442
27 453
27 465
27 490
28 48
28 61
28 212
28 221
28 340
28 405
28 493
28 500
29 14
29 31
29 40
29 62
29 77
29 88
29 104
29 113
29 120
29 131
29 136
29 147
29 151
29 158
29 168
29 171
29 197
29 221
29 234
29 259
29 271
29 306
29 307
29 318
29 320
29 335
29 338
29 365
29 368
29 384
29 391
29 416
29 426
29 428
29 455
29 464
29 483
30 24
30 45
30 50
30 56
30 73
30 88
30 93
30 96
30 142
30 164
30 169
30 171
30 188
30 193
30 198
30 202
30 233
30 234
30 241
30 245
30 260
30 264
30 271
30 273
30 283
30 291
30 308
30 320
30 344
30 385
30 391
30 395
30 431
30 434
30 438
30 466
30 472
30 474
30 477
30 488
30 498
31 14
31 29
31 40
31 42
31 66
31 75
31 88
31 131
31 136
31 139
31 149
31 171
31 173
31 191
31 206
31 209
31 211
31 219
31 240
31 259
31 270
31 290
31 306
31 318
31 320
31 335
31 338
31 368
31 384
31 391
31 416
31 426
31 431
31 437
31 442
31 444
31 465
31 469
31 483
32 93
32 96
32 118
32 123
32 150
32 169
32 186
32 194
32 204
32 211
32 240
32 252
32 300
32 305
32 311
32 370
32 378
32 385
32 388
32 499
33 102
33 156
33 257
33 260
33 318
33 319
33 337
33 340
33 352
33 366
33 393
33 467
33 481
34 50
34 61
34 76
34 142
34 144
34 156
34 164
34 191
34 215
34 245
34 259
34 271
34 274
34 283
34 291
34 300
34 326
34 336
34 349
34 370
34 389
34 392
34 395
34 400
34 402
34 404
34 428
34 431
34 446
34 466
34 477
34 484
34 494
35 26
35 59
35 66
35 74
35 82
35 92
35 109
35 132
35 135
35 142
35 178
35 184
35 203
35 212
35 221
35 232
35 253
35 256
35 310
35 313
35 340
35 367
35 375
35 376
35 397
35 405
35 413
35 455
35 492
35 500
36 66
36 109
36 156
36 189
36 323
36 336
36 339
36 355
36 398
36 413
36 458
36 492
37 18
37 64
37 72
37 96
37 274
37 413
38 16
38 24
38 57
38 59
38 77
38 164
38 186
38 188
38 202
38 212
38 233
38 234
38 252
38 271
38 280
38 283
38 284
38 291
38 305
38 327
38 355
38 378
38 389
38 417
38 431
38 441
38 468
38 472
38 484
39 40
39 57
39 88
39 171
39 259
39 426
39 440
39 483
40 14
40 26
40 29
40 31
40 39
40 62
40 71
40 78
40 88
40 113
40 127
40 131
40 136
40 151
40 153
40 159
40 168
40 171
40 173
40 206
40 211
40 224
40 225
40 259
40 264
40 279
40 284
40 290
40 306
40 313
40 318
40 320
40 323
40 335
40 338
40 342
40 346
40 362
40 391
40 407
40 413
40 416
40 426
40 432
40 437
40 464
40 465
40 483
40 486
40 500
41 3
41 13
41 16
41 49
41 53
41 114
41 160
41 166
41 174
41 272
41 281
41 318
41 334
41 445
41 469
42 31
42 114
42 174
42 178
42 281
42 334
43 44
43 45
43 60
43 64
43 100
43 166
43 227
43 276
43 311
43 331
43 342
43 348
43 460
44 11
44 43
44 53
44 64
44 81
44 87
44 110
44 112
44 114
44 115
44 130
44 149
44 158
44 182
44 186
44 205
44 206
44 276
44 286
44 311
44 331
44 378
44 425
44 427
44 453
44 472
44 477
44 491
45 30
45 43
45 50
45 151
45 202
45 233
45 389
45 391
45 404
45 409
45 431
45 438
45 494
46 12
46 18
46 72
46 101
46 109
46 117
46 120
46 138
46 154
46 195
46 200
46 220
46 244
46 274
46 283
46 311
46 323
46 354
46 385
46 399
46 413
46 473
46 485
47 87
47 106
47 132
47 182
47 186
47 396
47 428
48 28
48 51
48 71
48 84
48 97
48 108
48 116
48 196
48 254
48 294
48 321
48 328
48 362
48 366
48 380
48 441
49 4
49 11
49 41
49 77
49 136
49 195
49 295
49 346
49 385
49 390
49 404
49 409
49 431
49 452
49 499
50 4
50 16
50 24
50 30
50 34
50 45
50 60
50 61
50 69
50 141
50 142
50 178
50 221
50 233
50 239
50 256
50 261
50 271
50 280
50 283
50 308
50 336
50 358
50 367
50 379
50 381
50 388
50 389
50 409
50 431
50 438
50 441
50 472
50 484
50 488
51 48
51 108
51 210
51 256
51 321
51 347
52 73
52 77
52 153
52 341
52 396
52 499
53 41
53 44
53 54
53 55
53 64
53 81
53 82
53 110
53 141
53 149
53 158
53 182
53 200
53 205
53 208
53 234
53 240
53 259
53 271
53 276
53 296
53 305
53 310
53 311
53 342
53 348
53 375
53 391
53 432
53 438
53 460
53 484
53 485
53 491
53 496
54 53
54 110
54 116
54 130
54 182
54 201
54 241
54 302
54 311
54 350
54 443
54 453
54 462
55 53
55 66
55 109
55 130
55 156
55 160
55 176
55 187
55 243
55 264
55 294
55 295
55 305
55 313
55 322
55 323
55 343
55 362
55 374
55 385
55 398
55 405
55 414
55 458
55 480
55 492
55 500
56 23
56 30
56 67
56 73
56 91
56 100
56 124
56 152
56 161
56 172
56 174
56 227
56 246
56 261
56 274
56 287
56 298
56 405
56 412
56 422
56 440
57 6
57 15
57 38
57 39
57 62
57 75
57 86
57 115
57 128
57 218
57 223
57 227
57 303
57 379
57 476
58 7
58 90
58 128
58 136
58 164
58 167
58 222
58 248
58 497
59 19
59 26
59 35
59 38
59 74
59 92
59 103
59 106
59 110
59 118
59 142
59 164
59 175
59 178
59 187
59 203
59 212
59 213
59 221
59 232
59 239
59 248
59 256
59 259
59 265
59 267
59 335
59 340
59 362
59 367
59 375
59 394
59 397
59 405
59 425
59 455
59 488
59 493
59 500
60 43
60 50
60 64
60 65
60 71
60 87
60 88
60 91
60 109
60 110
60 128
60 131
60 134
60 139
60 155
60 158
60 166
60 182
60 184
60 200
60 205
60 217
60 237
60 240
60 258
60 300
60 306
60 310
60 311
60 348
60 350
60 378
60 389
60 432
60 453
60 460
60 479
60 491
61 24
61 28
61 34
61 50
61 88
61 142
61 180
61 188
61 202
61 232
61 233
61 234
61 245
61 283
61 303
61 377
61 405
61 417
61 431
61 472
61 488
62 18
62 29
62 40
62 57
62 66
62 69
62 72
62 74
62 93
62 102
62 110
62 134
62 156
62 160
62 176
62 183
62 188
62 191
62 198
62 214
62 225
62 226
62 249
62 258
62 267
62 293
62 313
62 323
62 355
62 363
62 374
62 385
62 387
62 392
62 401
62 411
62 414
62 432
62 435
62 442
62 446
62 448
62 457
62 458
62 480
62 492
63 4
63 17
63 26
63 69
63 75
63 77
63 96
63 117
63 142
63 188
63 195
63 217
63 304
63 341
63 346
63 391
63 404
63 431
63 433
63 435
63 452
63 499
64 7
64 11
64 13
64 37
64 43
64 44
64 53
64 60
64 79
64 81
64 110
64 115
64 133
64 139
64 150
64 156
64 158
64 160
64 182
64 184
64 187
64 200
64 201
64 205
64 237
64 253
64 276
64 296
64 297
64 310
64 311
64 313
64 323
64 326
64 342
64 348
64 350
64 396
64 412
64 425
64 453
64 460
64 470
64 474
64 479
64 484
64 489
64 491
64 496
65 60
65 110
65 261
65 310
65 311
65 321
65 330
66 31
66 35
66 36
66 55
66 62
66 70
66 109
66 118
66 121
66 131
66 134
66 139
66 142
66 160
66 164
66 171
66 176
66 187
66 188
66 191
66 198
66 233
66 246
66 249
66 303
66 313
66 314
66 323
66 363
66 364
66 371
66 374
66 385
66 390
66 392
66 397
66 398
66 414
66 417
66 422
66 430
66 432
66 435
66 441
66 457
66 458
66 459
66 484
66 492
67 56
67 91
67 100
67 139
67 298
67 341
68 82
68 98
68 106
68 112
68 132
68 141
68 179
68 186
68 210
68 213
68 244
68 284
68 311
68 323
68 331
68 362
68 372
68 383
68 396
68 397
68 416
68 428
68 432
68 454
68 477
68 488
68 492
68 499
68 500
69 4
69 11
69 17
69 50
69 62
69 63
69 77
69 117
69 134
69 138
69 158
69 195
69 217
69 222
69 255
69 279
69 289
69 292
69 295
69 310
69 312
69 341
69 346
69 400
69 404
69 435
69 452
69 485
69 499
70 66
70 71
70 89
70 108
70 116
70 129
70 156
70 191
70 228
70 321
70 326
70 366
70 370
70 500
71 40
71 48
71 60
71 70
71 74
71 108
71 116
71 180
71 191
71 196
71 201
71 228
71 243
71 291
71 310
71 326
71 328
71 344
71 347
71 359
71 366
71 370
71 401
72 12
72 18
72 37
72 46
72 62
72 92
72 120
72 154
72 196
72 198
72 202
72 220
72 274
72 277
72 354
72 364
72 399
72 409
72 413
72 414
72 426
72 473
72 477
72 484
72 485
73 16
73 30
73 52
73 56
73 114
73 128
73 142
73 164
73 193
73 202
73 214
73 234
73 245
73 254
73 269
73 270
73 283
73 308
73 380
73 401
73 431
73 433
73 449
73 484
73 490
74 26
74 35
74 59
74 62
74 71
74 92
74 118
74 161
74 175
74 178
74 195
74 212
74 221
74 232
74 256
74 259
74 271
74 338
74 340
74 353
74 367
74 374
74 375
74 389
74 397
74 405
74 444
74 455
74 480
74 500
75 4
75 11
75 17
75 31
75 57
75 63
75 77
75 115
75 117
75 137
75 140
75 145
75 195
75 217
75 255
75 269
75 283
75 289
75 291
75 323
75 341
75 346
75 352
75 353
75 355
75 404
75 409
75 432
75 452
75 499
76 34
76 79
76 89
76 110
76 157
76 232
76 280
76 283
76 303
76 306
76 336
76 389
76 488
77 4
77 11
77 17
77 20
77 29
77 38
77 49
77 52
77 63
77 69
77 75
77 85
77 109
77 113
77 117
77 132
77 149
77 160
77 178
77 195
77 200
77 217
77 233
77 255
77 269
77 289
77 295
77 311
77 312
77 341
77 346
77 351
77 364
77 368
77 392
77 404
77 409
77 411
77 416
77 419
77 450
77 452
77 483
77 499
78 40
78 84
78 88
78 90
78 177
78 306
79 64
79 76
79 142
79 195
79 214
79 234
79 245
79 253
79 287
79 303
79 435
79 438
79 441
79 484
80 93
80 146
80 165
80 169
80 199
80 322
80 406
80 460
80 471
80 493
81 44
81 53
81 64
81 110
81 131
81 144
81 158
81 200
81 207
81 276
81 292
81 311
81 336
81 342
81 348
81 360
81 402
81 419
81 453
81 460
81 491
82 1
82 35
82 53
82 68
82 106
82 132
82 186
82 187
82 213
82 251
82 256
82 274
82 280
82 283
82 297
82 362
82 428
82 432
82 449
82 454
82 463
82 486
83 148
83 189
83 225
83 279
83 283
83 286
83 309
83 325
83 330
83 332
83 349
83 381
83 398
83 403
83 408
83 410
83 431
83 435
83 451
83 456
83 474
84 48
84 78
84 108
84 130
84 187
84 196
84 202
84 214
84 243
84 289
84 326
84 347
84 366
84 380
85 4
85 17
85 77
85 102
85 195
85 236
85 276
85 404
85 452
85 478
86 6
86 14
86 15
86 25
86 26
86 57
86 105
86 114
86 128
86 147
86 161
86 202
86 223
86 227
86 229
86 240
86 263
86 303
86 310
86 362
86 373
86 379
86 387
86 402
86 459
86 470
86 476
86 489
87 44
87 47
87 60
87 96
87 113
87 115
87 153
87 158
87 182
87 184
87 193
87 240
87 250
87 251
87 296
87 310
87 334
87 342
87 348
87 422
87 431
87 460
87 479
87 491
88 4
88 14
88 29
88 30
88 31
88 39
88 40
88 60
88 61
88 78
88 96
88 113
88 131
88 136
88 151
88 153
88 156
88 159
88 171
88 173
88 206
88 234
88 247
88 251
88 259
88 292
88 295
88 299
88 305
88 306
88 318
88 320
88 335
88 338
88 339
88 344
88 366
88 384
88 391
88 398
88 403
88 416
88 426
88 437
88 451
88 460
88 464
88 465
88 483
88 488
89 27
89 70
89 76
89 164
89 173
89 178
89 179
89 193
89 202
89 215
89 219
89 254
89 291
89 308
89 336
89 344
89 373
89 431
89 458
89 474
89 480
89 494
90 58
90 78
90 108
90 448
90 460
90 497
91 23
91 56
91 60
91 67
91 100
91 122
91 124
91 152
91 161
91 172
91 192
91 246
91 261
91 298
91 336
91 340
91 412
91 433
91 466
92 19
92 35
92 59
92 72
92 74
92 122
92 135
92 200
92 203
92 212
92 219
92 221
92 232
92 240
92 250
92 256
92 269
92 276
92 336
92 340
92 342
92 367
92 375
92 391
92 405
92 428
92 455
92 474
92 500
93 2
93 21
93 30
93 32
93 62
93 80
93 96
93 99
93 119
93 123
93 126
93 128
93 143
93 150
93 169
93 194
93 202
93 204
93 209
93 211
93 216
93 247
93 249
93 252
93 267
93 270
93 300
93 303
93 305
93 306
93 324
93 344
93 355
93 388
93 400
93 430
93 432
93 434
93 438
93 484
93 486
94 2
94 8
94 26
94 27
94 119
94 129
94 145
94 192
94 218
94 235
94 250
94 272
94 292
94 318
94 376
94 415
94 417
94 429
94 442
94 490
95 97
95 133
95 200
95 264
95 317
95 329
95 353
95 357
95 386
95 421
95 426
95 429
95 494
96 2
96 21
96 30
96 32
96 37
96 63
96 87
96 88
96 93
96 119
96 123
96 126
96 139
96 143
96 150
96 169
96 182
96 194
96 196
96 202
96 204
96 209
96 211
96 216
96 252
96 259
96 270
96 300
96 305
96 320
96 355
96 388
96 394
96 415
96 426
96 430
96 457
96 472
97 48
97 95
97 123
97 133
97 186
97 289
97 302
97 317
97 353
97 357
97 364
97 386
97 421
98 68
98 136
98 186
98 273
98 281
98 396
99 16
99 93
99 167
99 248
99 305
99 384
99 423
99 444
99 448
100 3
100 23
100 24
100 43
100 56
100 67
100 91
100 119
100 124
100 129
100 152
100 161
100 165
100 172
100 224
100 246
100 261
100 298
100 332
100 412
100 440
101 18
101 46
101 274
101 354
101 411
101 413
102 33
102 62
102 85
102 134
102 195
102 257
102 260
102 273
102 337
102 352
103 17
103 59
103 125
103 163
103 178
103 212
103 221
103 232
103 240
103 276
103 340
103 346
103 367
103 375
103 379
103 405
103 425
103 455
103 458
103 493
103 500
104 4
104 5
104 8
104 29
104 115
104 127
104 177
104 197
104 202
104 209
104 245
104 266
104 292
104 293
104 325
104 339
104 369
104 407
104 428
104 443
104 475
105 6
105 15
105 19
105 86
105 128
105 176
105 193
105 205
105 223
105 227
105 229
105 259
105 263
105 303
105 318
105 361
105 373
105 379
105 402
105 449
105 475
105 476
105 489
106 24
106 47
106 59
106 68
106 82
106 132
106 141
106 186
106 187
106 212
106 224
106 251
106 284
106 288
106 297
106 324
106 362
106 366
106 372
106 374
106 381
106 382
106 383
106 396
106 400
106 401
106 413
106 420
106 428
106 454
107 6
107 15
107 128
107 227
107 268
107 293
107 399
108 48
108 51
108 70
108 71
108 84
108 90
108 116
108 151
108 157
108 180
108 190
108 193
108 196
108 228
108 230
108 242
108 243
108 247
108 321
108 359
108 366
108 370
108 380
108 443
108 445
108 447
108 452
108 469
109 35
109 36
109 46
109 55
109 60
109 66
109 77
109 127
109 134
109 156
109 164
109 176
109 182
109 191
109 198
109 262
109 264
109 267
109 313
109 343
109 365
109 372
109 374
109 392
109 398
109 414
109 424
109 432
109 457
109 458
109 475
109 491
109 492
110 6
110 7
110 18
110 44
110 53
110 54
110 59
110 60
110 62
110 64
110 65
110 76
110 81
110 118
110 139
110 157
110 158
110 162
110 184
110 188
110 200
110 212
110 217
110 240
110 276
110 296
110 302
110 303
110 310
110 311
110 342
110 347
110 348
110 374
110 378
110 392
110 422
110 434
110 460
110 462
110 479
110 484
110 488
110 491
110 496
110 499
111 22
111 122
111 125
111 128
111 129
111 134
111 141
111 159
111 200
111 202
111 219
111 224
111 239
111 244
111 285
111 287
111 295
111 312
111 318
111 331
111 333
111 364
111 365
111 377
111 385
111 391
111 401
111 405
111 446
111 455
111 463
111 486
111 487
111 498
112 5
112 44
112 68
112 186
112 213
112 251
112 308
112 362
112 372
112 396
112 428
112 455
113 14
113 15
113 29
113 40
113 77
113 87
113 88
113 131
113 136
113 171
113 188
113 219
113 259
113 300
113 306
113 318
113 335
113 391
113 420
113 426
113 447
113 483
113 492
114 3
114 13
114 20
114 41
114 42
114 44
114 73
114 86
114 166
114 174
114 233
114 240
114 271
114 281
114 282
114 334
114 358
114 445
114 476
115 44
115 57
115 64
115 75
115 87
115 104
115 162
115 182
115 200
115 204
115 311
115 342
115 479
115 489
116 18
116 48
116 54
116 70
116 71
116 108
116 119
116 123
116 180
116 190
116 196
116 210
116 228
116 243
116 247
116 298
116 321
116 323
116 326
116 347
116 366
116 370
116 373
116 380
116 428
116 454
116 499
117 4
117 8
117 11
117 17
117 46
117 63
117 69
117 75
117 77
117 186
117 195
117 210
117 213
117 217
117 261
117 269
117 289
117 295
117 346
117 370
117 388
117 389
117 400
117 404
117 409
117 452
117 484
118 21
118 32
118 59
118 66
118 74
118 110
118 158
118 175
118 178
118 203
118 212
118 215
118 221
118 241
118 340
118 367
118 375
118 391
118 397
118 401
118 405
118 455
118 499
118 500
119 93
119 94
119 96
119 100
119 116
119 123
119 136
119 139
119 150
119 168
119 169
119 194
119 204
119 211
119 251
119 270
119 300
119 305
119 324
119 355
119 383
119 387
119 388
119 400
119 436
119 484
120 18
120 29
120 46
120 72
120 220
120 274
121 66
121 134
121 156
121 191
121 245
121 395
122 26
122 91
122 92
122 111
122 178
122 221
122 232
122 236
122 311
122 340
122 342
122 367
122 370
122 375
122 393
122 405
122 455
122 500
123 2
123 32
123 93
123 96
123 97
123 116
123 119
123 150
123 186
123 204
123 211
123 212
123 216
123 230
123 300
123 305
123 324
123 335
123 348
123 355
123 372
123 394
123 400
123 430
124 56
124 91
124 100
124 261
124 298
124 389
124 495
125 22
125 103
125 111
125 156
125 188
125 201
125 217
125 218
125 219
125 224
125 239
125 285
125 287
125 331
125 365
125 486
126 93
126 96
126 150
126 211
126 224
126 267
126 284
126 305
126 335
126 355
127 40
127 104
127 109
127 138
127 188
127 191
127 300
127 313
127 374
127 385
127 432
127 452
127 457
127 492
128 6
128 15
128 25
128 57
128 58
128 60
128 73
128 86
128 93
128 105
128 107
128 111
128 147
128 150
128 164
128 170
128 219
128 223
128 227
128 229
128 230
128 263
128 301
128 303
128 314
128 367
128 373
128 374
128 379
128 402
128 403
128 454
128 469
128 476
128 486
128 489
129 22
129 70
129 94
129 100
129 111
129 134
129 141
129 151
129 217
129 219
129 221
129 224
129 239
129 259
129 285
129 287
129 331
129 333
129 364
129 365
129 377
129 446
129 453
129 472
129 482
129 486
129 498
130 44
130 54
130 55
130 84
130 156
130 182
130 188
130 194
130 313
130 323
130 374
130 385
130 392
130 414
130 430
130 439
131 16
131 29
131 31
131 40
131 60
131 66
131 81
131 88
131 113
131 136
131 142
131 151
131 153
131 168
131 171
131 173
131 194
131 206
131 210
131 211
131 221
131 239
131 259
131 290
131 306
131 318
131 321
131 323
131 331
131 334
131 335
131 338
131 339
131 365
131 372
131 379
131 384
131 391
131 416
131 426
131 437
131 464
131 481
131 483
131 484
131 500
132 1
132 10
132 35
132 47
132 68
132 77
132 82
132 106
132 142
132 154
132 173
132 179
132 186
132 187
132 209
132 210
132 213
132 229
132 251
132 262
132 284
132 362
132 372
132 375
132 394
132 396
132 401
132 412
132 428
132 454
132 460
132 477
133 64
133 95
133 97
133 421
133 454
133 463
134 60
134 62
134 66
134 69
134 102
134 109
134 111
134 121
134 129
134 151
134 156
134 160
134 188
134 191
134 227
134 240
134 249
134 267
134 338
134 374
134 385
134 424
134 432
134 435
134 455
134 459
134 491
134 492
135 35
135 92
135 212
135 221
135 222
135 239
135 319
135 340
135 367
135 375
135 405
135 445
136 29
136 31
136 40
136 49
136 58
136 88
136 98
136 113
136 119
136 131
136 150
136 151
136 153
136 159
136 168
136 171
136 173
136 179
136 204
136 220
136 227
136 259
136 291
136 306
136 308
136 318
136 320
136 335
136 338
136 339
136 340
136 344
136 375
136 384
136 385
136 391
136 416
136 426
136 479
136 483
136 499
137 24
137 75
137 210
137 270
137 431
137 472
138 4
138 18
138 46
138 69
138 127
138 195
138 326
138 341
138 346
138 452
139 31
139 60
139 64
139 66
139 67
139 96
139 110
139 119
139 158
139 171
139 182
139 200
139 201
139 205
139 221
139 225
139 237
139 240
139 254
139 280
139 294
139 296
139 310
139 342
139 362
139 372
139 378
139 431
139 453
139 460
139 470
139 479
139 491
139 496
140 17
140 75
140 195
140 217
140 269
140 310
140 341
140 346
140 357
140 398
140 404
140 449
140 452
140 461
140 463
140 480
140 500
141 4
141 22
141 50
141 53
141 68
141 106
141 111
141 129
141 156
141 203
141 219
141 224
141 239
141 254
141 259
141 285
141 287
141 298
141 316
141 331
141 333
141 335
141 364
141 365
141 377
141 446
141 463
141 477
141 486
141 498
142 16
142 17
142 24
142 30
142 34
142 35
142 50
142 59
142 61
142 63
142 66
142 73
142 79
142 131
142 132
142 156
142 193
142 201
142 213
142 215
142 233
142 239
142 254
142 255
142 264
142 276
142 280
142 308
142 326
142 340
142 344
142 389
142 395
142 396
142 411
142 417
142 420
142 431
142 433
142 441
142 466
142 472
142 477
142 484
142 494
143 93
143 96
143 150
143 204
143 209
143 211
143 461
143 489
143 494
144 14
144 34
144 81
144 193
144 271
144 280
144 291
144 341
144 434
144 438
144 484
145 8
145 27
145 75
145 94
145 156
145 173
145 177
145 192
145 218
145 235
145 250
145 337
145 376
145 384
145 413
145 415
145 429
145 442
145 490
146 19
146 80
146 231
146 232
146 323
146 493
147 6
147 29
147 86
147 128
147 213
147 259
147 476
148 83
148 203
148 275
148 279
148 349
148 408
148 453
149 31
149 44
149 53
149 77
149 158
149 199
149 276
149 342
149 360
149 434
149 453
149 478
150 4
150 27
150 32
150 64
150 93
150 96
150 119
150 123
150 126
150 128
150 136
150 143
150 158
150 169
150 194
150 195
150 204
150 205
150 209
150 211
150 216
150 252
150 270
150 300
150 302
150 305
150 355
150 363
150 388
150 421
150 428
150 430
150 452
151 29
151 40
151 45
151 88
151 108
151 129
151 131
151 134
151 136
151 171
151 259
151 306
151 335
151 338
151 340
151 426
152 56
152 91
152 100
152 168
152 261
152 322
153 40
153 52
153 87
153 88
153 131
153 136
153 299
153 306
153 490
154 18
154 46
154 72
154 132
154 182
154 220
154 274
154 413
154 485
155 60
155 234
155 237
155 291
155 367
155 474
155 477
155 492
156 33
156 34
156 36
156 55
156 62
156 64
156 70
156 88
156 109
156 121
156 125
156 130
156 134
156 141
156 142
156 145
156 160
156 176
156 183
156 188
156 190
156 191
156 249
156 258
156 267
156 276
156 283
156 305
156 313
156 316
156 323
156 348
156 363
156 372
156 374
156 378
156 385
156 387
156 390
156 391
156 392
156 398
156 400
156 414
156 435
156 458
156 459
156 462
156 492
157 18
157 76
157 108
157 110
157 236
157 278
157 304
157 305
157 309
157 327
157 343
157 351
157 356
157 360
157 371
157 413
157 420
158 29
158 44
158 53
158 60
158 64
158 69
158 81
158 87
158 110
158 118
158 139
158 149
158 150
158 176
158 182
158 200
158 201
158 205
158 211
158 214
158 229
158 240
158 276
158 283
158 285
158 310
158 313
158 336
158 342
158 348
158 350
158 378
158 395
158 416
158 422
158 425
158 434
158 453
158 460
158 470
158 479
158 486
158 489
158 491
159 40
159 88
159 111
159 136
159 306
159 335
159 360
160 9
160 17
160 41
160 55
160 62
160 64
160 66
160 77
160 134
160 156
160 164
160 176
160 178
160 183
160 188
160 215
160 216
160 233
160 249
160 264
160 267
160 268
160 279
160 283
160 293
160 313
160 316
160 323
160 346
160 363
160 371
160 385
160 392
160 414
160 432
160 435
160 457
160 458
160 459
160 472
160 484
160 492
160 500
161 23
161 56
161 74
161 86
161 91
161 100
161 246
161 261
161 298
161 435
161 474
162 110
162 115
162 311
162 372
162 378
162 453
163 103
163 177
163 197
163 251
163 292
163 303
163 317
163 325
163 346
163 407
163 443
164 12
164 18
164 24
164 30
164 34
164 38
164 58
164 59
164 66
164 73
164 89
164 109
164 128
164 160
164 183
164 202
164 211
164 234
164 264
164 283
164 299
164 306
164 308
164 313
164 344
164 389
164 433
164 441
164 477
164 488
165 21
165 80
165 100
165 199
165 322
165 374
165 471
166 41
166 43
166 60
166 114
166 174
166 281
167 58
167 99
167 222
167 258
167 309
167 375
167 497
168 29
168 40
168 119
168 131
168 136
168 152
168 171
168 197
168 259
168 284
168 349
168 391
168 426
168 455
168 483
169 30
169 32
169 80
169 93
169 96
169 119
169 150
169 194
169 204
169 211
169 289
169 300
169 305
169 354
169 355
169 388
169 389
169 427
169 439
169 441
169 477
170 6
170 128
170 303
170 352
170 439
170 489
171 7
171 29
171 30
171 31
171 39
171 40
171 66
171 88
171 113
171 131
171 136
171 139
171 151
171 168
171 184
171 189
171 225
171 259
171 271
171 290
171 306
171 318
171 320
171 335
171 338
171 339
171 347
171 368
171 384
171 391
171 397
171 410
171 416
171 426
171 430
171 433
171 437
171 460
171 477
171 481
171 483
171 486
171 491
171 498
172 56
172 91
172 100
172 246
172 256
172 261
172 285
172 298
172 343
172 496
173 31
173 40
173 88
173 89
173 131
173 132
173 136
173 145
173 183
173 259
173 267
173 306
173 320
173 338
173 342
173 346
173 355
173 384
173 391
173 416
173 426
173 469
173 483
174 13
174 41
174 42
174 56
174 114
174 166
174 198
174 201
174 281
174 336
174 358
174 403
174 445
174 458
175 26
175 59
175 74
175 118
175 178
175 191
175 203
175 212
175 221
175 232
175 256
175 264
175 311
175 337
175 340
175 362
175 367
175 375
175 378
175 404
175 405
175 425
175 453
175 455
175 462
175 476
175 500
176 55
176 62
176 66
176 105
176 109
176 156
176 158
176 160
176 188
176 191
176 202
176 216
176 249
176 259
176 261
176 264
176 313
176 323
176 331
176 374
176 385
176 387
176 392
176 398
176 403
176 404
176 414
176 416
176 435
176 453
176 459
176 477
176 492
177 5
177 11
177 78
177 104
177 145
177 163
177 197
177 204
177 252
177 275
177 292
177 293
177 325
177 345
177 369
177 407
177 436
177 443
177 462
177 464
178 26
178 35
178 42
178 50
178 59
178 74
178 77
178 89
178 103
178 118
178 122
178 160
178 175
178 188
178 198
178 203
178 208
178 209
178 212
178 221
178 232
178 241
178 247
178 256
178 265
178 295
178 305
178 336
178 340
178 367
178 375
178 382
178 397
178 405
178 423
178 425
178 455
178 458
178 500
179 14
179 17
179 68
179 89
179 132
179 136
179 210
179 231
179 232
179 233
179 251
179 284
179 362
179 372
179 396
179 401
179 428
180 61
180 71
180 108
180 116
180 196
180 221
180 223
180 234
180 247
180 321
180 326
180 366
180 370
180 380
180 389
180 404
180 500
181 199
181 207
181 231
181 242
181 306
181 322
181 356
181 369
181 419
181 471
181 493
182 4
182 7
182 44
182 47
182 53
182 54
182 60
182 64
182 87
182 96
182 109
182 115
182 130
182 139
182 154
182 158
182 184
182 194
182 200
182 201
182 239
182 240
182 276
182 296
182 311
182 323
182 348
182 415
182 427
182 453
182 458
182 460
182 468
182 481
182 483
182 491
183 62
183 156
183 160
183 164
183 173
183 323
183 374
183 460
184 35
184 60
184 64
184 87
184 110
184 171
184 182
184 203
184 208
184 237
184 240
184 246
184 306
184 310
184 342
184 343
184 347
184 378
184 405
184 427
184 438
184 452
184 453
184 460
184 462
184 474
184 491
185 258
185 260
185 307
185 352
185 391
185 466
185 467
186 9
186 10
186 26
186 32
186 38
186 44
186 47
186 68
186 82
186 97
186 98
186 106
186 112
186 117
186 123
186 132
186 187
186 210
186 213
186 242
186 244
186 251
186 262
186 263
186 284
186 288
186 297
186 311
186 342
186 349
186 362
186 363
186 383
186 396
186 401
186 404
186 414
186 428
186 431
186 447
186 449
186 454
186 488
186 491
187 10
187 13
187 55
187 59
187 64
187 66
187 82
187 84
187 106
187 132
187 186
187 202
187 210
187 213
187 229
187 242
187 251
187 254
187 270
187 284
187 306
187 311
187 338
187 362
187 372
187 382
187 383
187 396
187 401
187 405
187 428
187 447
187 449
187 454
188 4
188 9
188 17
188 30
188 38
188 61
188 62
188 63
188 66
188 110
188 113
188 125
188 127
188 130
188 134
188 156
188 160
188 176
188 178
188 191
188 198
188 214
188 217
188 249
188 294
188 313
188 316
188 362
188 364
188 374
188 385
188 386
188 392
188 398
188 432
188 457
188 458
188 459
188 480
188 483
188 486
188 492
189 36
189 83
189 171
189 279
189 286
189 313
189 332
189 349
189 403
189 410
189 467
189 498
190 108
190 116
190 156
190 233
190 300
190 347
190 366
190 476
191 21
191 22
191 31
191 34
191 62
191 66
191 70
191 71
191 109
191 121
191 127
191 134
191 156
191 175
191 176
191 188
191 198
191 212
191 221
191 225
191 246
191 258
191 261
191 294
191 313
191 314
191 323
191 367
191 374
191 389
191 392
191 414
191 432
191 435
191 437
191 458
191 489
191 492
192 8
192 27
192 91
192 94
192 145
192 204
192 250
192 308
192 405
192 415
192 429
192 490
192 491
193 26
193 30
193 73
193 87
193 89
193 105
193 108
193 142
193 144
193 197
193 214
193 233
193 234
193 245
193 253
193 264
193 286
193 289
193 291
193 344
193 377
193 404
193 433
193 453
193 472
193 474
194 32
194 93
194 96
194 119
194 130
194 131
194 150
194 169
194 182
194 203
194 204
194 211
194 223
194 252
194 270
194 300
194 305
194 307
194 388
194 394
194 426
194 472
195 4
195 11
195 17
195 46
195 49
195 63
195 69
195 74
195 75
195 77
195 79
195 85
195 102
195 117
195 138
195 140
195 150
195 217
195 219
195 236
195 255
195 256
195 259
195 289
195 293
195 295
195 341
195 346
195 355
195 375
195 397
195 404
195 406
195 408
195 409
195 411
195 419
195 421
195 450
195 452
195 453
195 461
195 494
195 499
196 16
196 48
196 71
196 72
196 84
196 96
196 108
196 116
196 180
196 225
196 247
196 254
196 311
196 320
196 321
196 326
196 328
196 359
196 366
196 370
196 374
196 380
196 398
196 416
197 5
197 29
197 104
197 163
197 168
197 177
197 193
197 200
197 205
197 266
197 275
197 292
197 293
197 325
197 331
197 369
197 407
197 432
197 433
197 436
197 443
197 453
197 458
197 475
197 493
198 30
198 62
198 66
198 72
198 109
198 174
198 178
198 188
198 191
198 313
198 323
198 342
199 80
199 149
199 165
199 181
199 231
199 233
199 322
199 374
199 401
199 493
200 4
200 7
200 26
200 46
200 53
200 60
200 64
200 77
200 81
200 92
200 95
200 110
200 111
200 115
200 139
200 158
200 182
200 197
200 201
200 205
200 237
200 239
200 240
200 245
200 268
200 276
200 296
200 311
200 332
200 342
200 374
200 378
200 398
200 434
200 448
200 452
200 453
200 454
200 460
200 466
200 470
200 479
200 491
201 17
201 54
201 64
201 71
201 125
201 139
201 142
201 158
201 174
201 182
201 200
201 212
201 215
201 233
201 240
201 276
201 311
201 330
201 378
201 453
201 460
201 491
202 30
202 38
202 45
202 61
202 72
202 73
202 84
202 86
202 89
202 93
202 96
202 104
202 111
202 164
202 176
202 187
202 221
202 254
202 264
202 267
202 271
202 283
202 298
202 308
202 340
202 389
202 441
202 468
202 472
202 484
202 494
203 24
203 26
203 35
203 59
203 92
203 118
203 141
203 148
203 175
203 178
203 184
203 194
203 212
203 221
203 232
203 283
203 323
203 340
203 344
203 367
203 375
203 388
203 397
203 405
203 441
203 455
203 500
204 21
204 32
204 93
204 96
204 115
204 119
204 123
204 136
204 143
204 150
204 169
204 177
204 192
204 194
204 205
204 209
204 211
204 213
204 215
204 216
204 239
204 252
204 270
204 300
204 301
204 305
204 308
204 313
204 320
204 340
204 355
204 365
204 388
204 394
204 400
204 430
204 431
204 459
205 44
205 53
205 60
205 64
205 105
205 139
205 150
205 158
205 197
205 200
205 204
205 269
205 285
205 311
205 348
205 377
205 433
205 453
205 459
205 460
205 496
206 31
206 40
206 44
206 88
206 131
206 320
206 338
206 404
207 81
207 181
207 231
207 318
207 322
207 368
207 493
208 22
208 53
208 178
208 184
208 311
208 317
208 365
208 427
208 460
208 491
209 31
209 93
209 96
209 104
209 132
209 143
209 150
209 178
209 204
209 211
209 244
209 270
209 300
209 305
209 325
209 342
209 355
209 394
209 400
209 430
209 455
209 488
210 10
210 25
210 51
210 68
210 116
210 117
210 131
210 132
210 137
210 179
210 186
210 187
210 212
210 213
210 217
210 242
210 251
210 253
210 262
210 297
210 308
210 311
210 325
210 345
210 362
210 367
210 372
210 396
210 401
210 428
210 447
210 454
210 495
211 23
211 31
211 32
211 40
211 93
211 96
211 119
211 123
211 126
211 131
211 143
211 150
211 158
211 164
211 169
211 194
211 204
211 209
211 216
211 221
211 239
211 252
211 264
211 297
211 300
211 305
211 312
211 351
211 355
211 388
211 400
211 430
211 492
212 26
212 28
212 35
212 38
212 59
212 74
212 92
212 103
212 106
212 110
212 118
212 123
212 135
212 175
212 178
212 191
212 201
212 203
212 210
212 221
212 232
212 241
212 245
212 256
212 289
212 311
212 326
212 340
212 367
212 375
212 392
212 397
212 405
212 425
212 455
212 467
212 472
212 476
212 497
212 500
213 1
213 23
213 59
213 68
213 82
213 112
213 117
213 132
213 142
213 147
213 186
213 187
213 204
213 210
213 226
213 251
213 262
213 274
213 284
213 285
213 288
213 297
213 311
213 345
213 353
213 362
213 372
213 396
213 398
213 401
213 425
213 428
213 438
213 454
214 62
214 73
214 79
214 84
214 158
214 188
214 193
214 233
214 239
214 250
214 264
214 271
214 283
214 389
214 392
214 407
214 431
214 433
214 438
214 441
214 472
214 481
214 491
215 24
215 34
215 89
215 118
215 142
215 160
215 201
215 204
215 233
215 249
215 280
215 384
215 389
215 431
215 433
215 452
215 472
215 477
216 2
216 93
216 96
216 123
216 150
216 160
216 176
216 204
216 211
216 296
216 300
216 305
216 314
216 340
216 387
216 400
216 417
217 4
217 11
217 17
217 26
217 60
217 63
217 69
217 75
217 77
217 110
217 117
217 125
217 129
217 140
217 188
217 195
217 210
217 231
217 244
217 289
217 295
217 341
217 346
217 375
217 384
217 388
217 404
217 406
217 409
217 411
217 432
217 450
217 452
217 499
218 27
218 57
218 94
218 125
218 145
218 284
218 415
218 429
218 452
219 22
219 31
219 89
219 92
219 111
219 113
219 125
219 128
219 129
219 141
219 195
219 224
219 239
219 260
219 269
219 285
219 287
219 303
219 315
219 331
219 348
219 364
219 365
219 377
219 404
219 406
219 446
219 463
219 482
219 486
219 487
219 491
220 12
220 18
220 46
220 72
220 120
220 136
220 154
220 227
220 234
220 274
220 277
220 281
220 294
220 325
220 347
220 354
220 367
220 413
220 485
220 491
221 6
221 19
221 26
221 28
221 29
221 35
221 50
221 59
221 74
221 92
221 103
221 118
221 122
221 129
221 131
221 135
221 139
221 175
221 178
221 180
221 191
221 202
221 203
221 211
221 212
221 232
221 241
221 254
221 256
221 315
221 340
221 344
221 364
221 367
221 370
221 375
221 397
221 405
221 425
221 431
221 455
221 457
221 485
221 486
221 494
221 500
222 58
222 69
222 135
222 167
222 248
222 361
222 373
222 423
222 482
222 497
223 6
223 15
223 57
223 86
223 105
223 128
223 180
223 194
223 227
223 251
223 303
223 310
223 313
223 331
223 370
223 373
223 379
223 454
223 469
223 476
223 489
224 22
224 24
224 40
224 100
224 106
224 111
224 125
224 126
224 129
224 141
224 219
224 233
224 239
224 271
224 285
224 287
224 331
224 357
224 364
224 365
224 367
224 377
224 397
224 428
224 446
224 466
224 482
224 486
225 40
225 62
225 83
225 139
225 171
225 191
225 196
225 313
225 323
225 392
225 414
225 426
225 428
225 432
225 457
225 458
225 459
225 492
226 62
226 213
226 287
226 363
226 387
226 409
227 6
227 15
227 22
227 24
227 25
227 43
227 56
227 57
227 86
227 105
227 107
227 128
227 134
227 136
227 220
227 223
227 229
227 259
227 263
227 301
227 303
227 306
227 321
227 329
227 355
227 365
227 367
227 373
227 379
227 402
227 469
227 476
227 489
228 70
228 71
228 108
228 116
228 230
228 346
229 6
229 15
229 86
229 105
229 128
229 132
229 158
229 187
229 227
229 297
229 300
229 303
229 373
229 415
229 476
229 489
230 6
230 108
230 123
230 128
230 228
230 476
230 489
231 146
231 179
231 181
231 199
231 207
231 217
231 426
231 487
231 493
232 26
232 35
232 59
232 61
232 74
232 76
232 92
232 103
232 122
232 146
232 175
232 178
232 179
232 203
232 212
232 221
232 241
232 245
232 249
232 256
232 279
232 330
232 340
232 344
232 367
232 375
232 383
232 389
232 397
232 405
232 425
232 433
232 447
232 455
232 458
232 466
232 497
232 500
233 11
233 16
233 20
233 21
233 24
233 30
233 38
233 45
233 50
233 61
233 66
233 77
233 114
233 142
233 160
233 179
233 190
233 193
233 199
233 201
233 214
233 215
233 224
233 253
233 264
233 291
233 335
233 344
233 389
233 417
233 431
233 466
233 472
233 474
233 484
233 492
233 497
234 29
234 30
234 38
234 53
234 61
234 73
234 79
234 88
234 155
234 164
234 180
234 193
234 220
234 237
234 254
234 264
234 271
234 283
234 291
234 344
234 364
234 367
234 389
234 395
234 431
234 454
234 457
234 460
234 472
234 476
234 477
234 484
234 488
234 499
235 8
235 27
235 94
235 145
235 283
235 296
235 395
235 415
236 24
236 85
236 122
236 157
236 195
236 304
236 351
236 420
237 60
237 64
237 139
237 155
237 184
237 200
237 234
237 240
237 243
237 259
237 320
237 350
237 366
237 367
237 420
237 434
237 453
237 462
237 491
238 340
238 367
238 377
238 405
238 420
238 500
239 22
239 50
239 59
239 111
239 125
239 129
239 131
239 135
239 141
239 142
239 182
239 200
239 204
239 211
239 214
239 219
239 224
239 253
239 274
239 285
239 287
239 315
239 331
239 333
239 364
239 365
239 377
239 424
239 438
239 446
239 463
239 482
239 486
239 487
239 498
240 31
240 32
240 53
240 60
240 86
240 87
240 92
240 103
240 110
240 114
240 134
240 139
240 158
240 182
240 184
240 200
240 201
240 237
240 260
240 263
240 270
240 280
240 296
240 310
240 311
240 316
240 326
240 342
240 348
240 377
240 378
240 413
240 427
240 430
240 434
240 453
240 460
240 472
240 479
240 491
240 496
241 30
241 54
241 118
241 178
241 212
241 221
241 232
241 256
241 335
241 340
241 343
241 367
241 405
241 411
241 446
241 500
242 3
242 6
242 108
242 181
242 186
242 187
242 210
242 248
242 251
242 292
242 396
242 428
243 1
243 17
243 55
243 71
243 84
243 108
243 116
243 237
243 326
243 347
243 366
243 370
244 18
244 46
244 68
244 111
244 186
244 209
244 217
244 251
244 271
244 284
244 362
244 372
244 396
244 428
244 454
245 30
245 34
245 61
245 73
245 79
245 104
245 121
245 193
245 200
245 212
245 232
245 253
245 264
245 267
245 271
245 291
245 293
245 299
245 313
245 375
245 385
245 389
245 396
245 422
245 431
245 433
245 466
245 472
245 474
245 488
245 494
245 496
246 56
246 66
246 91
246 100
246 161
246 172
246 184
246 191
246 261
246 298
246 437
246 440
246 442
246 463
247 88
247 93
247 108
247 116
247 178
247 180
247 196
247 250
247 292
247 326
247 366
247 370
247 426
248 58
248 59
248 99
248 222
248 242
248 361
248 423
248 439
248 444
248 457
248 486
248 497
249 62
249 66
249 93
249 134
249 156
249 160
249 176
249 188
249 215
249 232
249 264
249 290
249 313
249 350
249 354
249 374
249 385
249 392
249 414
249 424
249 425
249 435
249 441
249 452
249 458
249 459
249 464
249 492
249 494
250 8
250 27
250 87
250 92
250 94
250 145
250 192
250 214
250 247
250 251
250 374
250 376
250 415
250 429
250 442
250 480
250 490
251 82
251 87
251 88
251 106
251 112
251 119
251 132
251 163
251 179
251 186
251 187
251 210
251 213
251 223
251 242
251 244
251 250
251 284
251 287
251 338
251 362
251 367
251 372
251 383
251 396
251 401
251 413
251 426
251 427
251 428
251 433
251 449
251 454
251 494
252 32
252 38
252 93
252 96
252 150
252 177
252 194
252 204
252 211
252 270
252 296
252 300
252 340
252 390
252 400
252 459
252 493
253 15
253 24
253 35
253 64
253 79
253 193
253 210
253 233
253 239
253 245
253 283
253 291
253 308
253 320
253 403
253 433
253 474
253 488
254 24
254 48
254 73
254 89
254 139
254 141
254 142
254 187
254 196
254 202
254 221
254 234
254 264
254 271
254 298
254 304
254 308
254 325
254 336
254 344
254 378
254 381
254 389
254 416
254 441
254 472
254 474
254 477
254 484
255 15
255 69
255 75
255 77
255 142
255 195
255 281
255 289
255 321
255 346
255 404
255 438
255 499
256 26
256 35
256 50
256 51
256 59
256 74
256 82
256 92
256 172
256 175
256 178
256 195
256 212
256 221
256 232
256 241
256 287
256 340
256 346
256 347
256 364
256 367
256 375
256 405
256 453
256 455
256 492
256 500
257 33
257 102
257 260
257 319
257 337
257 393
257 433
257 467
257 472
258 60
258 62
258 156
258 167
258 185
258 191
258 313
258 323
258 337
258 343
258 414
258 458
259 29
259 31
259 34
259 39
259 40
259 53
259 59
259 74
259 88
259 96
259 105
259 113
259 129
259 131
259 136
259 141
259 147
259 151
259 168
259 171
259 173
259 176
259 195
259 227
259 237
259 300
259 306
259 320
259 335
259 338
259 384
259 391
259 416
259 426
259 483
260 6
260 30
260 33
260 102
260 185
260 219
260 240
260 257
260 273
260 296
260 307
260 319
260 337
260 384
260 393
260 400
260 467
261 23
261 50
261 56
261 65
261 91
261 100
261 117
261 124
261 152
261 161
261 172
261 176
261 191
261 246
261 298
261 391
261 405
261 412
261 440
262 109
262 132
262 186
262 210
262 213
262 308
262 320
262 396
262 454
262 483
263 6
263 11
263 15
263 86
263 105
263 128
263 186
263 227
263 240
263 295
263 303
263 323
263 379
263 395
263 431
263 476
263 489
264 7
264 22
264 25
264 30
264 40
264 55
264 95
264 109
264 142
264 160
264 164
264 175
264 176
264 193
264 202
264 211
264 214
264 233
264 234
264 245
264 249
264 254
264 271
264 283
264 336
264 344
264 366
264 389
264 395
264 430
264 431
264 438
264 441
264 488
264 494
265 59
265 178
265 271
265 310
265 338
265 340
265 367
265 375
265 394
265 405
266 13
266 23
266 104
266 197
266 293
266 407
266 408
266 443
267 59
267 62
267 93
267 109
267 126
267 134
267 156
267 160
267 173
267 202
267 245
267 323
267 374
267 385
267 398
267 430
267 432
267 435
267 458
267 459
267 460
267 474
267 476
267 492
268 107
268 160
268 200
268 286
268 313
268 432
269 4
269 11
269 17
269 73
269 75
269 77
269 92
269 117
269 140
269 205
269 219
269 289
269 341
269 374
269 398
269 404
269 406
269 409
269 452
269 472
269 489
270 7
270 31
270 73
270 93
270 96
270 119
270 137
270 150
270 187
270 194
270 204
270 209
270 240
270 252
270 305
270 355
270 388
270 458
271 10
271 24
271 29
271 30
271 34
271 38
271 50
271 53
271 74
271 114
271 144
271 171
271 202
271 214
271 224
271 234
271 244
271 245
271 254
271 264
271 265
271 280
271 283
271 308
271 351
271 381
271 389
271 403
271 404
271 431
271 433
271 438
271 449
271 454
271 458
271 466
271 472
271 484
271 488
271 499
272 13
272 41
272 94
272 281
272 295
272 346
272 445
273 30
273 98
273 102
273 260
273 321
273 337
273 352
273 467
274 18
274 22
274 34
274 37
274 46
274 56
274 72
274 82
274 101
274 120
274 154
274 213
274 220
274 239
274 321
274 354
274 355
274 399
274 407
274 413
274 485
274 488
274 492
275 148
275 177
275 197
275 292
275 325
275 338
275 407
275 451
276 43
276 44
276 53
276 64
276 81
276 85
276 92
276 103
276 110
276 142
276 149
276 156
276 158
276 182
276 200
276 201
276 296
276 310
276 311
276 348
276 366
276 385
276 389
276 431
276 453
276 455
276 460
276 465
276 479
276 491
276 499
277 18
277 72
277 220
277 296
277 413
277 485
278 157
278 304
278 335
278 343
278 356
278 405
278 420
278 434
279 40
279 69
279 83
279 148
279 160
279 189
279 232
279 286
279 330
279 332
279 339
279 349
279 388
279 403
279 408
279 410
279 451
279 456
280 38
280 50
280 76
280 82
280 139
280 142
280 144
280 215
280 240
280 271
280 285
280 308
280 385
280 433
280 438
280 454
280 494
280 497
281 3
281 13
281 41
281 42
281 98
281 114
281 166
281 174
281 220
281 255
281 272
281 282
281 308
281 492
282 13
282 114
282 281
282 308
282 318
282 334
282 376
283 4
283 24
283 30
283 34
283 38
283 46
283 50
283 61
283 73
283 75
283 76
283 82
283 83
283 156
283 158
283 160
283 164
283 202
283 203
283 214
283 234
283 235
283 253
283 264
283 271
283 287
283 308
283 344
283 392
283 395
283 429
283 431
283 432
283 433
283 438
283 446
283 457
283 466
283 468
283 477
283 480
283 488
284 38
284 40
284 68
284 106
284 126
284 132
284 168
284 179
284 186
284 187
284 213
284 218
284 244
284 251
284 372
284 377
284 382
284 389
284 396
284 428
284 449
284 454
284 458
284 490
284 491
285 22
285 27
285 111
285 125
285 129
285 141
285 158
285 172
285 205
285 213
285 219
285 224
285 239
285 280
285 287
285 303
285 315
285 323
285 331
285 333
285 352
285 364
285 365
285 377
285 394
285 421
285 446
285 463
285 468
285 486
285 487
286 11
286 44
286 83
286 189
286 193
286 268
286 279
286 330
286 332
286 349
286 403
286 408
286 410
286 426
286 462
287 6
287 8
287 22
287 56
287 79
287 111
287 125
287 129
287 141
287 219
287 224
287 226
287 239
287 251
287 256
287 283
287 285
287 315
287 331
287 341
287 362
287 364
287 365
287 377
287 407
287 428
287 446
287 463
287 486
287 498
288 106
288 186
288 213
288 329
288 396
288 419
288 441
288 454
289 4
289 11
289 17
289 20
289 22
289 69
289 75
289 77
289 84
289 97
289 117
289 169
289 193
289 195
289 212
289 217
289 255
289 269
289 295
289 338
289 341
289 344
289 346
289 350
289 364
289 404
289 409
289 411
289 418
289 430
289 452
289 476
289 494
289 499
289 500
290 31
290 40
290 131
290 171
290 249
290 306
290 335
290 405
290 416
290 426
290 453
291 30
291 34
291 38
291 71
291 75
291 89
291 136
291 144
291 155
291 193
291 233
291 234
291 245
291 253
291 293
291 334
291 362
291 363
291 370
291 376
291 389
291 396
291 472
291 474
291 477
291 488
292 69
292 81
292 88
292 94
292 104
292 163
292 177
292 197
292 242
292 247
292 275
292 293
292 325
292 331
292 363
292 369
292 407
292 436
292 443
292 458
292 460
292 467
292 475
292 478
293 4
293 5
293 62
293 104
293 107
293 160
293 177
293 195
293 197
293 245
293 266
293 291
293 292
293 310
293 311
293 325
293 369
293 407
293 418
293 436
293 443
293 454
293 475
293 478
294 48
294 55
294 139
294 188
294 191
294 220
294 323
294 348
294 374
294 409
294 414
294 420
294 457
294 492
295 4
295 26
295 49
295 55
295 69
295 77
295 88
295 111
295 117
295 178
295 195
295 217
295 263
295 272
295 289
295 312
295 341
295 342
295 346
295 404
295 414
295 452
296 11
296 53
296 64
296 87
296 110
296 139
296 182
296 200
296 216
296 235
296 240
296 252
296 260
296 276
296 277
296 310
296 342
296 382
296 383
296 414
296 434
296 460
296 491
297 15
297 27
297 64
297 82
297 106
297 186
297 210
297 211
297 213
297 229
297 383
297 396
297 417
297 428
297 454
298 23
298 56
298 67
298 91
298 100
298 116
298 124
298 141
298 161
298 172
298 202
298 246
298 254
298 261
298 340
298 462
298 491
299 88
299 153
299 164
299 245
299 389
299 479
300 2
300 21
300 32
300 34
300 60
300 93
300 96
300 113
300 119
300 123
300 127
300 150
300 169
300 190
300 194
300 204
300 209
300 211
300 216
300 229
300 252
300 259
300 305
300 324
300 335
300 350
300 355
300 365
300 384
300 388
300 392
300 394
300 400
300 430
300 472
300 492
300 496
301 6
301 128
301 204
301 227
301 303
301 340
301 392
301 476
302 54
302 97
302 110
302 150
302 353
302 357
302 421
303 6
303 15
303 19
303 25
303 57
303 61
303 66
303 76
303 79
303 86
303 93
303 105
303 110
303 128
303 163
303 170
303 219
303 223
303 227
303 229
303 263
303 285
303 301
303 304
303 373
303 378
303 379
303 402
303 448
303 469
303 476
303 479
303 489
304 63
304 157
304 236
304 254
304 278
304 303
304 343
304 351
304 360
304 373
304 420
304 453
304 458
305 2
305 6
305 21
305 32
305 38
305 53
305 55
305 88
305 93
305 96
305 99
305 119
305 123
305 126
305 150
305 156
305 157
305 169
305 178
305 194
305 204
305 209
305 211
305 216
305 270
305 300
305 308
305 355
305 372
305 388
305 394
305 400
305 428
305 430
305 455
305 460
306 17
306 29
306 31
306 40
306 60
306 76
306 78
306 88
306 93
306 113
306 131
306 136
306 151
306 153
306 159
306 164
306 171
306 173
306 181
306 184
306 187
306 227
306 259
306 290
306 313
306 318
306 320
306 331
306 335
306 336
306 338
306 344
306 346
306 384
306 391
306 395
306 426
306 465
306 467
306 481
306 483
307 29
307 185
307 194
307 260
307 319
307 337
307 483
308 3
308 30
308 50
308 73
308 89
308 112
308 136
308 142
308 164
308 192
308 202
308 204
308 210
308 253
308 254
308 262
308 271
308 280
308 281
308 282
308 283
308 305
308 378
308 392
308 395
308 431
308 433
308 438
308 446
308 474
308 477
308 484
308 494
309 83
309 157
309 167
309 343
309 420
309 447
310 7
310 35
310 53
310 60
310 64
310 65
310 69
310 71
310 86
310 87
310 110
310 139
310 140
310 158
310 184
310 223
310 240
310 265
310 276
310 293
310 296
310 311
310 341
310 342
310 344
310 347
310 348
310 378
310 396
310 400
310 434
310 453
310 454
310 460
310 462
310 479
310 491
310 493
310 496
310 500
311 25
311 32
311 43
311 44
311 46
311 53
311 54
311 60
311 64
311 65
311 68
311 77
311 81
311 110
311 115
311 122
311 162
311 175
311 182
311 186
311 187
311 196
311 200
311 201
311 205
311 208
311 210
311 212
311 213
311 240
311 276
311 293
311 310
311 338
311 342
311 348
311 354
311 378
311 387
311 434
311 441
311 453
311 458
311 460
311 479
311 484
311 491
312 69
312 77
312 111
312 211
312 295
312 346
312 395
312 410
312 452
313 2
313 9
313 11
313 18
313 35
313 40
313 55
313 62
313 64
313 66
313 109
313 127
313 130
313 156
313 158
313 160
313 164
313 176
313 188
313 189
313 191
313 198
313 204
313 223
313 225
313 245
313 249
313 258
313 268
313 306
313 323
313 326
313 330
313 355
313 371
313 374
313 385
313 387
313 390
313 392
313 396
313 414
313 432
313 438
313 457
313 458
313 459
313 480
313 489
313 499
314 66
314 128
314 191
314 216
314 321
314 323
314 374
314 392
314 409
314 458
315 219
315 221
315 239
315 285
315 287
315 331
315 382
315 456
316 141
316 156
316 160
316 188
316 240
316 365
317 95
317 97
317 163
317 208
317 329
317 353
317 357
317 397
317 421
317 492
318 29
318 31
318 33
318 40
318 41
318 88
318 94
318 105
318 111
318 113
318 131
318 136
318 171
318 207
318 282
318 306
318 338
318 426
319 33
319 135
319 257
319 260
319 307
319 337
319 338
319 396
319 467
319 469
320 25
320 29
320 30
320 31
320 40
320 88
320 96
320 136
320 171
320 173
320 196
320 204
320 206
320 237
320 253
320 259
320 262
320 306
320 335
320 338
320 391
320 426
320 446
320 476
320 483
321 48
321 51
321 65
321 70
321 108
321 116
321 131
321 180
321 196
321 227
321 255
321 273
321 274
321 314
321 326
321 347
321 366
321 370
321 405
322 55
322 80
322 152
322 165
322 181
322 199
322 207
322 346
322 429
322 436
322 471
322 493
323 36
323 40
323 46
323 55
323 62
323 64
323 66
323 68
323 75
323 116
323 130
323 131
323 146
323 156
323 160
323 176
323 182
323 183
323 191
323 198
323 203
323 225
323 258
323 263
323 267
323 285
323 294
323 313
323 314
323 362
323 371
323 372
323 385
323 392
323 398
323 414
323 431
323 432
323 435
323 446
323 458
323 494
324 9
324 93
324 106
324 119
324 123
324 300
324 355
324 400
324 437
325 15
325 83
325 104
325 163
325 177
325 197
325 209
325 210
325 220
325 254
325 275
325 292
325 293
325 345
325 407
325 436
325 443
325 478
325 500
326 34
326 64
326 70
326 71
326 84
326 116
326 138
326 142
326 180
326 196
326 212
326 240
326 243
326 247
326 313
326 321
326 347
326 366
326 370
326 452
327 38
327 157
327 351
327 360
327 400
327 420
327 495
328 8
328 48
328 71
328 196
328 366
328 483
329 95
329 227
329 288
329 317
329 353
329 357
329 421
330 65
330 83
330 201
330 232
330 279
330 286
330 313
330 332
330 340
330 349
330 365
330 403
330 408
330 410
331 22
331 43
331 44
331 68
331 111
331 125
331 129
331 131
331 141
331 176
331 197
331 219
331 223
331 224
331 239
331 285
331 287
331 292
331 306
331 315
331 355
331 364
331 365
331 377
331 404
331 405
331 428
331 446
331 452
331 463
331 486
331 487
331 498
332 17
332 83
332 100
332 189
332 200
332 279
332 286
332 330
332 349
332 372
332 403
332 408
332 410
332 438
332 495
333 111
333 129
333 141
333 239
333 285
333 374
334 13
334 41
334 42
334 87
334 114
334 131
334 282
334 291
334 349
334 358
334 384
334 445
334 455
335 14
335 29
335 31
335 40
335 59
335 88
335 113
335 123
335 126
335 131
335 136
335 141
335 151
335 159
335 171
335 233
335 241
335 259
335 278
335 290
335 300
335 306
335 320
335 338
335 339
335 346
335 354
335 360
335 375
335 378
335 384
335 391
335 401
335 414
335 416
335 426
335 465
335 473
335 483
336 24
336 34
336 36
336 50
336 76
336 81
336 89
336 91
336 92
336 158
336 174
336 178
336 254
336 264
336 306
336 344
336 366
336 389
336 431
336 438
336 441
336 451
336 488
336 494
337 33
337 102
337 145
337 175
337 257
337 258
337 260
337 273
337 307
337 319
337 352
337 467
337 487
337 492
338 29
338 31
338 40
338 74
338 88
338 131
338 134
338 136
338 151
338 171
338 173
338 187
338 206
338 251
338 259
338 265
338 275
338 289
338 306
338 311
338 318
338 319
338 320
338 335
338 347
338 381
338 385
338 391
338 392
338 397
338 416
338 426
338 437
338 483
339 36
339 88
339 104
339 131
339 136
339 171
339 279
339 335
339 367
339 426
339 496
340 19
340 26
340 28
340 33
340 35
340 59
340 74
340 91
340 92
340 103
340 118
340 122
340 135
340 136
340 142
340 151
340 175
340 178
340 202
340 203
340 204
340 212
340 216
340 221
340 232
340 238
340 241
340 252
340 256
340 265
340 298
340 301
340 330
340 342
340 344
340 367
340 375
340 397
340 405
340 409
340 425
340 431
340 455
340 485
340 497
340 500
341 4
341 11
341 17
341 52
341 63
341 67
341 69
341 75
341 77
341 138
341 140
341 144
341 195
341 217
341 269
341 287
341 289
341 295
341 310
341 346
341 352
341 367
341 377
341 396
341 404
341 409
341 411
341 435
341 436
341 443
341 452
341 470
341 479
341 494
341 499
342 4
342 7
342 40
342 43
342 53
342 64
342 81
342 87
342 92
342 110
342 115
342 122
342 139
342 149
342 158
342 173
342 184
342 186
342 198
342 200
342 209
342 240
342 295
342 296
342 310
342 311
342 340
342 348
342 404
342 434
342 453
342 460
342 483
342 488
342 500
343 55
343 109
343 157
343 172
343 184
343 241
343 258
343 278
343 304
343 309
343 351
343 356
343 360
343 420
344 30
344 71
344 88
344 89
344 93
344 136
344 142
344 164
344 193
344 203
344 221
344 232
344 233
344 234
344 254
344 264
344 283
344 289
344 306
344 310
344 336
344 340
344 389
344 396
344 417
344 431
344 433
344 441
344 454
344 472
344 474
344 488
344 494
344 499
345 177
345 210
345 213
345 325
345 393
345 454
346 4
346 11
346 17
346 20
346 24
346 40
346 49
346 63
346 69
346 75
346 77
346 103
346 117
346 138
346 140
346 160
346 163
346 173
346 195
346 217
346 228
346 255
346 256
346 272
346 289
346 295
346 306
346 312
346 322
346 335
346 341
346 362
346 402
346 404
346 406
346 409
346 411
346 418
346 419
346 428
346 431
346 433
346 450
346 452
346 453
346 461
346 497
346 499
347 51
347 71
347 84
347 110
347 116
347 171
347 184
347 190
347 220
347 243
347 256
347 310
347 321
347 326
347 338
347 366
347 380
348 43
348 53
348 60
348 64
348 81
348 87
348 110
348 123
348 156
348 158
348 182
348 205
348 219
348 240
348 276
348 294
348 310
348 311
348 342
348 358
348 379
348 388
348 407
348 450
348 452
348 453
348 460
348 462
348 479
348 485
348 491
348 499
349 34
349 83
349 148
349 168
349 186
349 189
349 279
349 286
349 330
349 332
349 334
349 365
349 397
349 402
349 403
349 408
349 410
349 451
349 456
350 54
350 60
350 64
350 158
350 237
350 249
350 289
350 300
350 404
350 425
350 460
350 491
351 77
351 157
351 211
351 236
351 271
351 304
351 327
351 343
351 360
351 367
351 420
351 452
352 33
352 75
352 102
352 170
352 185
352 273
352 285
352 337
352 341
352 413
352 467
353 74
353 75
353 95
353 97
353 213
353 302
353 317
353 329
353 357
353 364
353 375
353 386
353 421
353 452
354 18
354 46
354 72
354 101
354 169
354 220
354 249
354 274
354 311
354 335
354 380
354 413
354 485
354 487
355 36
355 38
355 62
355 75
355 93
355 96
355 119
355 123
355 126
355 150
355 169
355 173
355 195
355 204
355 209
355 211
355 227
355 270
355 274
355 300
355 305
355 313
355 324
355 331
355 380
355 388
355 400
355 430
356 18
356 157
356 181
356 278
356 343
356 420
357 95
357 97
357 140
357 224
357 302
357 317
357 329
357 353
357 359
357 386
357 421
357 449
357 461
358 50
358 114
358 174
358 334
358 348
358 385
359 71
359 108
359 196
359 357
359 366
359 370
359 418
359 484
360 81
360 149
360 157
360 159
360 304
360 327
360 335
360 343
360 351
360 420
361 105
361 222
361 248
361 368
361 423
361 497
362 40
362 48
362 55
362 59
362 68
362 82
362 86
362 106
362 112
362 132
362 139
362 175
362 179
362 186
362 187
362 188
362 210
362 213
362 244
362 251
362 287
362 291
362 323
362 346
362 372
362 383
362 387
362 396
362 401
362 428
362 449
362 454
363 62
363 66
363 150
363 156
363 160
363 186
363 226
363 291
363 292
363 396
363 398
363 405
363 432
363 458
364 22
364 66
364 72
364 77
364 97
364 111
364 129
364 141
364 188
364 219
364 221
364 224
364 234
364 239
364 256
364 285
364 287
364 289
364 331
364 353
364 365
364 377
364 392
364 446
364 486
364 487
364 488
364 500
365 17
365 22
365 29
365 109
365 111
365 125
365 129
365 131
365 141
365 204
365 208
365 219
365 224
365 227
365 239
365 285
365 287
365 300
365 316
365 330
365 331
365 349
365 364
365 374
365 377
365 446
365 455
365 463
365 482
365 486
366 33
366 48
366 70
366 71
366 84
366 88
366 106
366 108
366 116
366 180
366 190
366 196
366 237
366 243
366 247
366 264
366 276
366 321
366 326
366 328
366 336
366 347
366 359
366 378
366 380
366 385
366 443
367 26
367 35
367 50
367 59
367 74
367 92
367 103
367 118
367 122
367 128
367 135
367 155
367 175
367 178
367 191
367 203
367 210
367 212
367 220
367 221
367 224
367 227
367 232
367 234
367 237
367 238
367 241
367 251
367 256
367 265
367 339
367 340
367 341
367 351
367 373
367 375
367 377
367 397
367 405
367 409
367 425
367 455
367 459
367 472
367 500
368 29
368 31
368 77
368 171
368 207
368 361
368 426
369 104
369 177
369 181
369 197
369 292
369 293
369 407
369 473
370 32
370 34
370 70
370 71
370 108
370 116
370 117
370 122
370 180
370 196
370 221
370 223
370 243
370 247
370 291
370 321
370 326
370 359
370 380
370 404
371 2
371 66
371 157
371 160
371 313
371 323
371 385
371 440
371 471
371 492
372 68
372 106
372 109
372 112
372 123
372 131
372 132
372 139
372 156
372 162
372 179
372 187
372 210
372 213
372 244
372 251
372 284
372 305
372 323
372 332
372 362
372 382
372 396
372 401
372 428
372 447
372 449
372 454
372 457
372 470
372 483
372 488
373 4
373 6
373 11
373 15
373 25
373 86
373 89
373 105
373 116
373 128
373 222
373 223
373 227
373 229
373 303
373 304
373 367
373 379
373 402
373 426
373 441
373 476
373 489
374 55
374 62
374 66
374 74
374 106
374 109
374 110
374 127
374 128
374 130
374 134
374 156
374 165
374 176
374 183
374 188
374 191
374 196
374 199
374 200
374 249
374 250
374 267
374 269
374 294
374 313
374 314
374 333
374 365
374 385
374 387
374 389
374 398
374 414
374 416
374 424
374 432
374 435
374 455
374 457
374 458
374 480
374 483
374 486
374 489
374 492
375 6
375 26
375 35
375 53
375 59
375 74
375 92
375 103
375 118
375 122
375 132
375 135
375 136
375 167
375 175
375 178
375 195
375 203
375 212
375 217
375 221
375 232
375 245
375 256
375 265
375 335
375 340
375 353
375 367
375 401
375 405
375 412
375 425
375 426
375 443
375 455
375 500
376 27
376 35
376 94
376 145
376 250
376 282
376 291
376 415
376 429
377 22
377 61
377 111
377 129
377 141
377 193
377 205
377 219
377 224
377 238
377 239
377 240
377 284
377 285
377 287
377 331
377 341
377 364
377 365
377 367
377 410
377 446
377 472
377 486
378 32
378 38
378 44
378 60
378 110
378 139
378 156
378 158
378 162
378 175
378 184
378 200
378 201
378 240
378 254
378 303
378 308
378 310
378 311
378 335
378 366
378 452
378 453
378 460
378 462
378 479
379 6
379 13
379 15
379 24
379 50
379 57
379 86
379 103
379 105
379 128
379 131
379 223
379 227
379 263
379 303
379 348
379 373
379 426
379 469
379 476
379 477
379 489
380 48
380 73
380 84
380 108
380 116
380 180
380 196
380 347
380 354
380 355
380 366
380 370
380 389
380 500
381 24
381 50
381 83
381 106
381 254
381 271
381 338
381 431
381 438
381 449
382 20
382 106
382 178
382 187
382 284
382 296
382 315
382 372
382 428
382 449
382 454
383 68
383 106
383 119
383 186
383 187
383 232
383 251
383 296
383 297
383 362
383 396
383 398
383 428
383 454
383 472
383 485
384 29
384 31
384 88
384 99
384 131
384 136
384 145
384 171
384 173
384 215
384 217
384 259
384 260
384 300
384 306
384 334
384 335
384 393
384 426
384 483
385 6
385 9
385 30
385 32
385 46
385 49
385 55
385 62
385 66
385 111
385 127
385 130
385 134
385 136
385 156
385 160
385 176
385 188
385 245
385 249
385 267
385 276
385 280
385 313
385 323
385 338
385 358
385 366
385 371
385 374
385 432
385 458
385 459
385 480
385 488
385 492
386 95
386 97
386 188
386 353
386 357
386 419
386 421
386 468
387 62
387 86
387 119
387 156
387 176
387 216
387 226
387 311
387 313
387 362
387 374
387 392
387 492
388 32
388 50
388 93
388 96
388 117
388 119
388 150
388 169
388 194
388 203
388 204
388 211
388 217
388 270
388 279
388 300
388 305
388 348
388 355
388 394
388 400
388 412
388 428
388 449
389 34
389 38
389 45
389 50
389 60
389 74
389 76
389 117
389 124
389 142
389 164
389 169
389 180
389 191
389 202
389 214
389 215
389 232
389 233
389 234
389 245
389 254
389 264
389 271
389 276
389 284
389 291
389 299
389 336
389 344
389 374
389 380
389 401
389 405
389 407
389 414
389 433
389 466
389 474
389 477
389 484
389 494
390 49
390 66
390 156
390 252
390 313
390 400
391 29
391 30
391 31
391 40
391 45
391 53
391 63
391 88
391 92
391 111
391 113
391 118
391 131
391 136
391 156
391 168
391 171
391 173
391 185
391 259
391 261
391 306
391 320
391 335
391 338
391 426
391 443
391 483
392 34
392 62
392 66
392 77
392 109
392 110
392 130
392 156
392 160
392 176
392 188
392 191
392 212
392 214
392 225
392 249
392 283
392 300
392 301
392 308
392 313
392 314
392 323
392 338
392 364
392 387
392 414
392 415
392 416
392 435
392 458
392 480
392 491
393 33
393 122
393 257
393 260
393 345
393 384
394 27
394 59
394 96
394 123
394 132
394 194
394 204
394 209
394 265
394 285
394 300
394 305
394 388
395 15
395 30
395 34
395 121
395 142
395 158
395 234
395 235
395 263
395 264
395 283
395 306
395 308
395 312
395 438
395 472
396 1
396 15
396 17
396 23
396 47
396 52
396 64
396 68
396 98
396 106
396 112
396 132
396 142
396 179
396 186
396 187
396 210
396 213
396 242
396 244
396 245
396 251
396 262
396 284
396 288
396 291
396 297
396 310
396 313
396 319
396 341
396 344
396 362
396 363
396 372
396 383
396 401
396 411
396 416
396 423
396 428
396 447
396 449
396 454
396 474
396 495
397 26
397 35
397 59
397 66
397 68
397 74
397 118
397 171
397 178
397 195
397 203
397 212
397 221
397 224
397 232
397 317
397 338
397 340
397 349
397 367
397 405
397 425
397 426
397 454
397 455
397 500
398 9
398 36
398 55
398 66
398 83
398 88
398 109
398 140
398 156
398 176
398 188
398 196
398 200
398 213
398 267
398 269
398 323
398 363
398 374
398 383
398 424
398 432
398 452
398 458
398 486
398 492
399 18
399 46
399 72
399 107
399 274
399 406
399 413
400 21
400 34
400 69
400 93
400 106
400 117
400 119
400 123
400 156
400 204
400 209
400 211
400 216
400 252
400 260
400 300
400 305
400 310
400 324
400 327
400 355
400 388
400 390
400 430
401 62
401 71
401 73
401 106
401 111
401 118
401 132
401 179
401 186
401 187
401 199
401 210
401 213
401 251
401 335
401 362
401 372
401 375
401 389
401 396
401 454
402 6
402 10
402 15
402 34
402 81
402 86
402 105
402 128
402 227
402 303
402 346
402 349
402 373
402 477
402 489
403 83
403 88
403 128
403 174
403 176
403 189
403 253
403 271
403 279
403 286
403 330
403 332
403 349
403 408
403 410
403 451
403 456
404 4
404 11
404 17
404 20
404 34
404 45
404 49
404 63
404 69
404 75
404 77
404 85
404 117
404 140
404 175
404 176
404 180
404 186
404 193
404 195
404 206
404 217
404 219
404 255
404 269
404 271
404 289
404 295
404 331
404 341
404 342
404 346
404 350
404 370
404 409
404 411
404 446
404 450
404 452
404 460
404 499
405 19
405 26
405 28
405 35
405 55
405 56
405 59
405 61
405 74
405 92
405 103
405 111
405 118
405 122
405 135
405 175
405 178
405 184
405 187
405 192
405 203
405 212
405 221
405 232
405 238
405 241
405 256
405 261
405 265
405 278
405 290
405 321
405 331
405 340
405 363
405 367
405 375
405 389
405 397
405 425
405 429
405 454
405 455
405 485
405 488
405 500
406 80
406 195
406 217
406 219
406 269
406 346
406 399
406 499
407 5
407 40
407 104
407 163
407 177
407 197
407 214
407 266
407 274
407 275
407 287
407 292
407 293
407 325
407 348
407 369
407 389
407 431
407 436
407 443
407 447
407 475
407 478
407 479
407 499
408 83
408 148
408 195
408 266
408 279
408 286
408 330
408 332
408 349
408 403
408 415
408 450
409 4
409 11
409 17
409 20
409 21
409 45
409 49
409 50
409 72
409 75
409 77
409 117
409 195
409 217
409 226
409 269
409 289
409 294
409 314
409 340
409 341
409 346
409 367
409 404
409 452
409 462
409 499
410 22
410 83
410 171
410 189
410 279
410 286
410 312
410 330
410 332
410 349
410 377
410 403
410 500
411 18
411 62
411 77
411 101
411 142
411 195
411 217
411 241
411 289
411 341
411 346
411 396
411 404
411 459
411 499
412 56
412 64
412 91
412 100
412 132
412 261
412 375
412 388
412 460
413 12
413 18
413 22
413 35
413 36
413 37
413 40
413 46
413 72
413 101
413 106
413 145
413 154
413 157
413 220
413 240
413 251
413 274
413 277
413 352
413 354
413 399
413 473
413 485
413 489
414 9
414 11
414 22
414 55
414 62
414 66
414 72
414 109
414 130
414 156
414 160
414 176
414 186
414 191
414 225
414 249
414 258
414 294
414 295
414 296
414 313
414 323
414 335
414 374
414 389
414 392
414 415
414 432
414 435
414 453
414 458
414 469
414 472
414 476
414 483
414 492
415 4
415 8
415 27
415 94
415 96
415 145
415 182
415 192
415 218
415 229
415 235
415 250
415 376
415 392
415 408
415 414
415 429
415 442
415 465
415 490
416 29
416 31
416 40
416 68
416 77
416 88
416 131
416 136
416 158
416 171
416 173
416 176
416 196
416 254
416 259
416 290
416 335
416 338
416 374
416 392
416 396
416 483
417 20
417 38
417 61
417 66
417 94
417 142
417 216
417 233
417 297
417 344
417 477
417 488
418 289
418 293
418 346
418 359
418 452
418 489
418 499
419 4
419 77
419 81
419 181
419 195
419 288
419 346
419 386
419 452
419 499
420 106
420 113
420 142
420 157
420 236
420 237
420 238
420 278
420 294
420 304
420 309
420 327
420 343
420 351
420 356
420 360
420 459
420 460
421 95
421 97
421 133
421 150
421 195
421 285
421 302
421 317
421 329
421 353
421 357
421 386
421 431
421 441
421 490
422 56
422 66
422 87
422 110
422 158
422 245
422 453
422 466
423 99
423 178
423 222
423 248
423 361
423 396
423 439
423 448
423 472
423 497
424 109
424 134
424 239
424 249
424 374
424 398
424 474
424 477
425 44
425 59
425 64
425 103
425 158
425 175
425 178
425 212
425 213
425 221
425 232
425 249
425 340
425 350
425 367
425 375
425 397
425 405
425 446
425 454
425 460
425 500
426 29
426 31
426 39
426 40
426 72
426 88
426 95
426 96
426 113
426 131
426 136
426 151
426 168
426 171
426 173
426 194
426 225
426 231
426 247
426 251
426 259
426 286
426 290
426 306
426 318
426 320
426 335
426 338
426 339
426 368
426 373
426 375
426 379
426 384
426 391
426 397
426 434
426 435
426 465
426 483
426 491
427 15
427 44
427 169
427 182
427 184
427 208
427 240
427 251
427 454
427 460
428 1
428 29
428 34
428 47
428 68
428 82
428 92
428 104
428 106
428 112
428 116
428 132
428 150
428 179
428 186
428 187
428 210
428 213
428 224
428 225
428 242
428 244
428 251
428 284
428 287
428 297
428 305
428 331
428 346
428 362
428 372
428 382
428 383
428 388
428 396
428 449
428 454
428 458
428 460
428 468
428 486
428 495
429 8
429 22
429 27
429 94
429 95
429 145
429 192
429 218
429 250
429 283
429 322
429 376
429 405
429 415
429 434
429 490
430 21
430 66
430 93
430 96
430 123
430 130
430 150
430 171
430 204
430 209
430 211
430 240
430 264
430 267
430 289
430 300
430 305
430 355
430 400
430 486
431 24
431 30
431 31
431 34
431 38
431 45
431 49
431 50
431 61
431 63
431 73
431 83
431 87
431 89
431 137
431 139
431 142
431 186
431 204
431 214
431 215
431 221
431 233
431 234
431 245
431 263
431 264
431 271
431 276
431 283
431 308
431 323
431 336
431 340
431 344
431 346
431 381
431 407
431 421
431 443
431 468
431 472
431 474
431 477
431 484
431 489
431 494
432 4
432 16
432 17
432 40
432 53
432 60
432 62
432 66
432 68
432 75
432 82
432 93
432 109
432 127
432 134
432 160
432 188
432 191
432 197
432 217
432 225
432 267
432 268
432 283
432 313
432 323
432 363
432 374
432 385
432 398
432 414
432 434
432 456
432 457
432 458
432 459
432 480
433 16
433 24
433 63
433 73
433 91
433 142
433 164
433 171
433 193
433 197
433 205
433 214
433 215
433 232
433 245
433 251
433 253
433 257
433 271
433 280
433 283
433 308
433 344
433 346
433 389
433 454
433 484
434 4
434 30
434 93
434 110
434 144
434 149
434 158
434 200
434 237
434 240
434 278
434 296
434 310
434 311
434 342
434 426
434 429
434 432
434 444
434 453
434 460
435 15
435 62
435 63
435 66
435 69
435 79
435 83
435 134
435 156
435 160
435 161
435 176
435 191
435 249
435 267
435 323
435 341
435 374
435 392
435 414
435 426
435 458
435 472
435 476
435 480
436 119
436 177
436 197
436 292
436 293
436 322
436 325
436 341
436 407
436 443
437 31
437 40
437 88
437 131
437 171
437 191
437 246
437 324
437 338
437 483
437 500
438 6
438 9
438 30
438 45
438 50
438 53
438 79
438 93
438 144
438 184
438 213
438 214
438 239
438 255
438 264
438 271
438 280
438 283
438 308
438 313
438 332
438 336
438 381
438 395
438 472
438 474
438 475
438 477
438 483
438 484
438 486
438 488
438 494
439 130
439 169
439 170
439 248
439 423
439 444
439 497
440 23
440 39
440 56
440 100
440 246
440 261
440 371
441 38
441 48
441 50
441 66
441 79
441 142
441 164
441 169
441 202
441 203
441 214
441 249
441 254
441 264
441 288
441 311
441 336
441 344
441 373
441 421
441 477
441 484
441 494
442 27
442 31
442 62
442 94
442 145
442 246
442 250
442 415
443 54
443 104
443 108
443 163
443 177
443 197
443 266
443 292
443 293
443 325
443 341
443 366
443 375
443 391
443 407
443 431
443 436
444 25
444 31
444 74
444 99
444 248
444 434
444 439
444 448
444 497
445 41
445 108
445 114
445 135
445 174
445 272
445 334
445 457
446 22
446 34
446 62
446 111
446 129
446 141
446 219
446 224
446 239
446 241
446 283
446 285
446 287
446 308
446 320
446 323
446 331
446 364
446 365
446 377
446 404
446 425
446 486
446 491
447 108
447 113
447 186
447 187
447 210
447 232
447 309
447 372
447 396
447 407
447 449
447 454
448 62
448 90
448 99
448 200
448 303
448 423
448 444
449 73
449 82
449 105
449 140
449 186
449 187
449 251
449 271
449 284
449 357
449 362
449 372
449 381
449 382
449 388
449 396
449 428
449 447
449 454
449 485
449 495
449 496
450 17
450 77
450 195
450 217
450 346
450 348
450 404
450 408
451 83
451 88
451 275
451 279
451 336
451 349
451 403
452 4
452 8
452 11
452 17
452 20
452 49
452 63
452 69
452 75
452 77
452 85
452 108
452 117
452 127
452 138
452 140
452 150
452 184
452 195
452 200
452 215
452 217
452 218
452 249
452 269
452 289
452 295
452 312
452 326
452 331
452 341
452 346
452 348
452 351
452 353
452 378
452 398
452 404
452 409
452 418
452 419
452 499
453 11
453 26
453 27
453 44
453 54
453 60
453 64
453 81
453 129
453 139
453 148
453 149
453 158
453 162
453 175
453 176
453 182
453 184
453 193
453 195
453 197
453 200
453 201
453 205
453 237
453 240
453 256
453 276
453 290
453 304
453 310
453 311
453 342
453 346
453 348
453 378
453 414
453 422
453 434
453 455
453 458
453 460
453 462
453 471
453 474
453 491
454 1
454 10
454 68
454 82
454 106
454 116
454 128
454 132
454 133
454 186
454 187
454 200
454 210
454 213
454 223
454 234
454 244
454 251
454 262
454 271
454 280
454 284
454 288
454 293
454 297
454 310
454 344
454 345
454 362
454 372
454 382
454 383
454 396
454 397
454 401
454 405
454 425
454 427
454 428
454 433
454 447
454 449
454 457
454 495
455 19
455 26
455 29
455 35
455 59
455 74
455 92
455 103
455 111
455 112
455 118
455 122
455 134
455 168
455 175
455 178
455 203
455 209
455 212
455 221
455 232
455 256
455 276
455 305
455 334
455 340
455 365
455 367
455 374
455 375
455 397
455 405
455 453
455 477
455 479
455 494
455 495
455 500
456 9
456 83
456 279
456 315
456 349
456 403
456 432
457 9
457 62
457 66
457 96
457 109
457 127
457 160
457 188
457 221
457 225
457 234
457 248
457 283
457 294
457 313
457 372
457 374
457 432
457 445
457 454
457 474
457 492
458 23
458 36
458 55
458 62
458 66
458 89
458 103
458 109
458 156
458 160
458 174
458 178
458 182
458 188
458 191
458 197
458 225
458 232
458 249
458 258
458 267
458 270
458 271
458 284
458 292
458 304
458 311
458 313
458 314
458 323
458 363
458 374
458 385
458 392
458 398
458 414
458 428
458 432
458 435
458 453
458 492
459 66
459 86
459 134
459 156
459 160
459 176
459 188
459 204
459 205
459 225
459 249
459 252
459 267
459 313
459 367
459 385
459 411
459 420
459 432
459 479
459 492
460 9
460 24
460 43
460 53
460 60
460 64
460 80
460 81
460 87
460 88
460 90
460 110
460 132
460 139
460 158
460 171
460 182
460 183
460 184
460 200
460 201
460 205
460 208
460 234
460 240
460 267
460 276
460 292
460 296
460 305
460 310
460 311
460 342
460 348
460 350
460 378
460 404
460 412
460 420
460 425
460 427
460 428
460 434
460 453
460 472
460 479
460 491
460 494
461 4
461 140
461 143
461 195
461 346
461 357
461 491
461 499
462 54
462 110
462 156
462 175
462 177
462 184
462 237
462 286
462 298
462 310
462 348
462 378
462 409
462 453
463 82
463 111
463 133
463 140
463 141
463 219
463 239
463 246
463 285
463 287
463 331
463 365
463 486
464 24
464 29
464 40
464 88
464 131
464 177
464 249
465 27
465 31
465 40
465 88
465 276
465 306
465 335
465 415
465 426
466 30
466 34
466 91
466 142
466 185
466 200
466 224
466 232
466 233
466 245
466 271
466 283
466 389
466 422
466 477
466 488
467 33
467 185
467 189
467 212
467 257
467 260
467 273
467 292
467 306
467 319
467 337
467 352
467 483
468 38
468 182
468 202
468 283
468 285
468 386
468 428
468 431
468 472
468 494
469 6
469 15
469 31
469 41
469 108
469 128
469 173
469 223
469 227
469 303
469 319
469 379
469 414
469 476
470 64
470 86
470 139
470 158
470 200
470 341
470 372
471 80
471 165
471 181
471 322
471 371
471 453
471 493
472 16
472 30
472 38
472 44
472 50
472 61
472 96
472 129
472 137
472 142
472 160
472 193
472 194
472 202
472 212
472 214
472 215
472 233
472 234
472 240
472 245
472 254
472 257
472 269
472 271
472 291
472 300
472 344
472 367
472 377
472 383
472 395
472 414
472 423
472 431
472 435
472 438
472 460
472 468
472 474
472 477
472 484
472 492
472 494
473 46
473 72
473 335
473 369
473 413
473 485
474 30
474 64
474 83
474 89
474 92
474 155
474 161
474 184
474 193
474 233
474 245
474 253
474 254
474 267
474 291
474 308
474 344
474 389
474 396
474 424
474 431
474 438
474 453
474 457
474 472
474 484
474 488
475 104
475 105
475 109
475 197
475 292
475 293
475 407
475 438
476 6
476 15
476 57
476 86
476 105
476 114
476 128
476 147
476 175
476 190
476 212
476 223
476 227
476 229
476 230
476 234
476 263
476 267
476 289
476 301
476 303
476 320
476 373
476 379
476 414
476 435
476 469
476 489
477 30
477 34
477 44
477 68
477 72
477 132
477 141
477 142
477 155
477 164
477 169
477 171
477 176
477 215
477 234
477 254
477 283
477 291
477 308
477 379
477 389
477 402
477 417
477 424
477 431
477 438
477 441
477 455
477 466
477 472
477 488
478 85
478 149
478 292
478 293
478 325
478 407
479 2
479 21
479 26
479 60
479 64
479 87
479 110
479 115
479 136
479 139
479 158
479 200
479 240
479 276
479 299
479 303
479 310
479 311
479 341
479 348
479 378
479 407
479 455
479 459
479 460
479 491
479 492
480 15
480 55
480 62
480 74
480 89
480 140
480 188
480 250
480 283
480 313
480 374
480 385
480 392
480 432
480 435
480 492
480 499
481 33
481 131
481 171
481 182
481 214
481 306
482 129
482 219
482 222
482 224
482 239
482 365
482 486
483 6
483 29
483 31
483 39
483 40
483 77
483 88
483 113
483 131
483 136
483 168
483 171
483 173
483 182
483 188
483 259
483 262
483 306
483 307
483 320
483 328
483 335
483 338
483 342
483 372
483 374
483 384
483 391
483 414
483 416
483 426
483 437
483 438
483 467
484 6
484 24
484 34
484 38
484 50
484 53
484 64
484 66
484 72
484 73
484 79
484 93
484 110
484 117
484 119
484 131
484 142
484 144
484 160
484 202
484 233
484 234
484 254
484 271
484 308
484 311
484 359
484 389
484 431
484 433
484 438
484 441
484 472
484 474
484 488
484 491
485 18
485 46
485 53
485 69
485 72
485 154
485 220
485 221
485 274
485 277
485 340
485 348
485 354
485 383
485 405
485 413
485 449
485 473
486 22
486 40
486 82
486 93
486 111
486 125
486 128
486 129
486 141
486 158
486 171
486 188
486 219
486 221
486 224
486 239
486 248
486 285
486 287
486 331
486 364
486 365
486 374
486 377
486 398
486 428
486 430
486 438
486 446
486 463
486 482
487 22
487 111
487 219
487 231
487 239
487 285
487 331
487 337
487 354
487 364
488 16
488 30
488 50
488 59
488 61
488 68
488 76
488 88
488 110
488 164
488 186
488 209
488 234
488 245
488 253
488 264
488 271
488 274
488 283
488 291
488 336
488 342
488 344
488 364
488 372
488 385
488 405
488 417
488 438
488 466
488 474
488 477
488 484
488 500
489 6
489 15
489 25
489 64
489 86
489 105
489 115
489 128
489 143
489 158
489 170
489 191
489 223
489 227
489 229
489 230
489 263
489 269
489 303
489 313
489 373
489 374
489 379
489 402
489 413
489 418
489 431
489 476
489 492
490 8
490 24
490 27
490 73
490 94
490 145
490 153
490 192
490 250
490 284
490 415
490 421
490 429
491 7
491 14
491 15
491 44
491 53
491 60
491 64
491 81
491 87
491 109
491 110
491 134
491 139
491 158
491 171
491 182
491 184
491 186
491 192
491 200
491 201
491 208
491 214
491 219
491 220
491 237
491 240
491 276
491 284
491 296
491 298
491 310
491 311
491 348
491 350
491 392
491 426
491 446
491 453
491 460
491 461
491 479
491 484
491 492
492 9
492 24
492 35
492 36
492 55
492 62
492 66
492 68
492 109
492 113
492 127
492 134
492 155
492 156
492 160
492 176
492 188
492 191
492 211
492 225
492 233
492 249
492 256
492 267
492 274
492 281
492 294
492 300
492 317
492 337
492 371
492 374
492 385
492 387
492 398
492 414
492 457
492 458
492 459
492 472
492 479
492 480
492 489
492 491
493 28
493 59
493 80
493 103
493 146
493 181
493 197
493 199
493 207
493 231
493 252
493 310
493 322
493 471
494 16
494 17
494 34
494 45
494 89
494 95
494 142
494 143
494 195
494 202
494 221
494 245
494 249
494 251
494 264
494 280
494 289
494 308
494 323
494 336
494 341
494 344
494 389
494 431
494 438
494 441
494 455
494 460
494 468
494 472
495 124
495 210
495 327
495 332
495 396
495 428
495 449
495 454
495 455
496 53
496 64
496 110
496 139
496 172
496 205
496 240
496 245
496 300
496 310
496 339
496 449
497 26
497 58
497 90
497 167
497 212
497 222
497 232
497 233
497 248
497 280
497 340
497 346
497 361
497 423
497 439
497 444
498 30
498 111
498 129
498 141
498 171
498 189
498 239
498 287
498 331
499 4
499 6
499 10
499 11
499 17
499 32
499 49
499 52
499 63
499 68
499 69
499 75
499 77
499 110
499 116
499 118
499 136
499 195
499 217
499 234
499 255
499 271
499 276
499 289
499 313
499 341
499 344
499 346
499 348
499 404
499 406
499 407
499 409
499 411
499 418
499 419
499 452
499 461
499 480
500 26
500 28
500 35
500 40
500 55
500 59
500 68
500 70
500 74
500 92
500 103
500 118
500 122
500 131
500 140
500 160
500 175
500 178
500 180
500 203
500 212
500 221
500 232
500 238
500 241
500 256
500 289
500 310
500 325
500 340
500 342
500 364
500 367
500 375
500 380
500 397
500 405
500 410
500 425
500 437
500 455
500 488
