1 24
1 27
1 38
1 42
1 68
1 73
1 100
1 125
1 127
1 136
1 139
1 155
1 162
1 191
1 192
1 207
1 213
1 220
1 263
1 277
1 305
1 366
1 405
1 411
1 417
1 443
1 450
1 485
2 84
2 111
2 127
2 172
2 326
2 365
2 392
2 457
2 483
3 7
3 25
3 33
3 47
3 54
3 55
3 85
3 144
3 166
3 175
3 176
3 191
3 209
3 213
3 258
3 273
3 277
3 282
3 310
3 314
3 318
3 341
3 349
3 400
3 419
3 482
4 10
4 13
4 21
4 103
4 116
4 135
4 136
4 138
4 150
4 163
4 175
4 184
4 204
4 213
4 233
4 247
4 251
4 265
4 282
4 284
4 293
4 332
4 339
4 349
4 365
4 370
4 373
4 386
4 488
4 491
5 70
5 119
5 220
5 259
5 293
5 346
5 500
6 12
6 25
6 32
6 33
6 35
6 72
6 92
6 104
6 135
6 141
6 161
6 163
6 166
6 201
6 207
6 218
6 250
6 267
6 275
6 281
6 294
6 305
6 321
6 332
6 341
6 349
6 364
6 369
6 414
6 432
6 441
6 450
6 464
6 472
6 483
6 484
7 3
7 12
7 32
7 43
7 73
7 83
7 156
7 159
7 162
7 229
7 248
7 251
7 254
7 266
7 287
7 295
7 384
7 398
7 399
7 404
7 411
7 428
7 435
7 441
7 458
7 470
7 476
7 498
8 153
8 170
8 249
8 257
8 345
8 374
8 389
9 185
9 186
9 215
9 265
9 281
9 304
9 314
9 326
9 337
9 349
9 360
9 411
9 466
10 4
10 15
10 38
10 43
10 75
10 115
10 128
10 138
10 159
10 163
10 175
10 184
10 194
10 197
10 243
10 282
10 284
10 334
10 339
10 370
10 391
10 398
10 412
10 427
10 478
11 82
11 111
11 119
11 142
11 261
11 434
11 443
11 478
12 6
12 7
12 51
12 55
12 64
12 175
12 182
12 240
12 250
12 283
12 326
12 333
12 341
12 356
12 374
12 380
12 386
12 438
12 453
12 471
13 4
13 72
13 84
13 94
13 111
13 142
13 144
13 153
13 161
13 197
13 215
13 306
13 310
13 314
13 316
13 334
13 337
13 343
13 369
13 408
13 411
13 453
13 462
13 471
13 483
14 61
14 69
14 112
14 157
14 244
14 275
14 278
14 356
14 413
14 467
15 10
15 27
15 34
15 58
15 62
15 110
15 119
15 127
15 162
15 207
15 231
15 236
15 264
15 321
15 421
15 427
15 436
15 441
15 466
16 34
16 49
16 61
16 69
16 84
16 148
16 160
16 204
16 210
16 226
16 237
16 254
16 269
16 274
16 275
16 325
16 347
16 425
16 430
16 443
16 450
16 483
17 22
17 25
17 87
17 147
17 204
17 224
17 247
17 269
18 36
18 39
18 53
18 68
18 77
18 91
18 133
18 166
18 204
18 210
18 241
18 251
18 274
18 278
18 290
18 338
18 364
18 384
18 395
18 427
18 435
18 442
18 446
18 456
18 471
18 478
18 499
19 38
19 58
19 65
19 131
19 136
19 137
19 144
19 189
19 220
19 251
19 305
19 318
19 322
19 346
19 353
19 354
19 408
19 424
19 425
19 432
19 467
19 484
20 25
20 26
20 70
20 123
20 188
20 231
20 243
20 265
20 302
20 308
20 314
20 408
20 421
20 434
20 435
20 485
21 4
21 39
21 44
21 60
21 62
21 68
21 121
21 125
21 137
21 156
21 159
21 176
21 208
21 220
21 234
21 236
21 251
21 256
21 297
21 319
21 330
21 331
21 347
21 358
21 364
21 393
21 407
21 408
21 410
21 417
21 441
21 478
21 485
22 17
22 35
22 68
22 163
22 165
22 191
22 215
22 224
22 275
22 302
22 343
23 151
23 175
23 238
23 291
23 339
23 359
23 370
23 476
24 1
24 45
24 58
24 72
24 75
24 79
24 81
24 112
24 176
24 192
24 201
24 202
24 207
24 208
24 217
24 237
24 247
24 254
24 264
24 269
24 297
24 309
24 332
24 350
24 352
24 404
25 3
25 6
25 17
25 20
25 45
25 68
25 101
25 111
25 116
25 119
25 136
25 141
25 142
25 161
25 169
25 176
25 179
25 207
25 247
25 259
25 269
25 283
25 295
25 322
25 334
25 349
25 356
25 391
25 416
25 420
25 433
25 435
25 470
25 474
25 487
25 491
26 20
26 29
26 40
26 72
26 96
26 101
26 115
26 127
26 146
26 154
26 197
26 201
26 243
26 265
26 300
26 316
26 325
26 339
26 368
26 380
26 399
26 403
26 404
26 405
26 409
26 441
26 461
26 474
26 475
26 478
26 483
27 1
27 15
27 46
27 55
27 84
27 106
27 114
27 119
27 128
27 182
27 191
27 193
27 199
27 201
27 208
27 228
27 273
27 274
27 280
27 300
27 302
27 314
27 336
27 341
27 380
27 384
27 409
27 432
27 433
27 436
27 452
27 458
28 33
28 190
28 247
28 314
28 370
28 379
29 26
29 54
29 70
29 75
29 81
29 83
29 86
29 103
29 157
29 159
29 160
29 166
29 183
29 193
29 197
29 217
29 251
29 277
29 280
29 291
29 296
29 301
29 302
29 329
29 338
29 346
29 348
29 349
29 361
29 366
29 372
29 413
29 435
29 441
29 451
29 461
29 462
29 471
29 480
30 35
30 47
30 51
30 96
30 107
30 195
30 295
30 339
30 439
30 490
31 175
31 185
31 265
31 313
31 338
31 339
31 370
31 374
31 449
31 477
32 6
32 7
32 33
32 38
32 40
32 68
32 130
32 133
32 153
32 173
32 220
32 227
32 234
32 253
32 309
32 336
32 372
32 421
32 463
32 486
33 3
33 6
33 28
33 32
33 40
33 51
33 66
33 70
33 81
33 113
33 130
33 132
33 133
33 154
33 243
33 279
33 280
33 288
33 309
33 364
33 371
33 413
33 422
33 441
33 443
33 463
34 15
34 16
34 137
34 174
34 269
34 295
34 308
34 321
34 333
34 356
34 384
34 420
34 470
34 471
34 487
34 500
35 6
35 22
35 30
35 41
35 54
35 85
35 126
35 144
35 145
35 166
35 170
35 186
35 196
35 210
35 212
35 220
35 231
35 242
35 243
35 245
35 273
35 287
35 291
35 295
35 300
35 314
35 316
35 318
35 328
35 351
35 374
35 380
35 394
35 399
35 420
35 437
35 462
35 491
35 500
36 18
36 41
36 44
36 55
36 60
36 80
36 87
36 88
36 113
36 137
36 158
36 167
36 171
36 176
36 201
36 207
36 219
36 224
36 231
36 252
36 257
36 265
36 275
36 280
36 281
36 283
36 300
36 342
36 364
36 365
36 367
36 370
36 376
36 384
36 399
36 413
36 429
36 445
36 449
36 456
36 467
36 471
36 473
36 478
36 480
36 485
36 496
37 98
37 167
37 203
37 208
37 250
37 294
37 318
37 331
37 332
37 364
37 436
38 1
38 10
38 19
38 32
38 39
38 51
38 73
38 115
38 122
38 126
38 132
38 143
38 144
38 153
38 201
38 218
38 235
38 277
38 279
38 322
38 323
38 332
38 364
38 386
38 408
38 434
38 435
38 468
39 18
39 21
39 38
39 47
39 50
39 102
39 116
39 141
39 155
39 205
39 210
39 224
39 269
39 274
39 278
39 290
39 309
39 318
39 353
39 354
39 384
39 388
39 417
39 422
39 424
39 425
39 427
39 430
39 434
39 446
39 450
39 452
39 458
39 480
39 500
40 26
40 32
40 33
40 65
40 116
40 128
40 130
40 133
40 142
40 154
40 172
40 173
40 207
40 235
40 243
40 269
40 281
40 303
40 305
40 309
40 339
40 404
40 414
40 441
40 445
40 463
40 467
40 484
41 35
41 36
41 44
41 55
41 72
41 93
41 171
41 216
41 224
41 275
41 281
41 287
41 300
41 305
41 309
41 320
41 404
41 432
41 453
41 471
42 1
42 57
42 60
42 68
42 111
42 127
42 140
42 150
42 157
42 208
42 215
42 220
42 231
42 250
42 281
42 295
42 302
42 307
42 323
42 329
42 330
42 343
42 402
42 404
42 405
42 425
42 435
42 443
42 458
42 480
42 496
43 7
43 10
43 97
43 126
43 145
43 151
43 153
43 160
43 166
43 192
43 257
43 282
43 295
43 368
43 425
43 430
43 487
44 21
44 36
44 41
44 58
44 87
44 102
44 107
44 111
44 129
44 137
44 147
44 161
44 162
44 201
44 301
44 339
44 383
44 389
44 390
44 405
44 429
44 447
44 480
45 24
45 25
45 55
45 87
45 150
45 166
45 247
45 275
45 315
45 353
45 470
45 483
46 27
46 78
46 90
46 165
46 300
46 401
46 413
46 437
46 455
47 3
47 30
47 39
47 55
47 63
47 101
47 105
47 107
47 116
47 131
47 147
47 161
47 162
47 166
47 180
47 192
47 204
47 213
47 247
47 254
47 257
47 265
47 266
47 273
47 282
47 294
47 316
47 341
47 346
47 352
47 359
47 365
47 398
47 400
47 411
47 428
47 441
47 448
47 455
47 458
47 461
47 473
47 483
47 491
48 69
48 73
48 75
48 111
48 115
48 278
48 281
48 292
48 309
48 435
48 498
49 16
49 113
49 120
49 145
49 250
49 287
49 316
49 450
49 496
50 39
50 127
50 154
50 282
50 309
50 477
50 495
51 12
51 30
51 33
51 38
51 53
51 54
51 75
51 102
51 103
51 111
51 113
51 115
51 126
51 137
51 142
51 161
51 185
51 186
51 195
51 204
51 205
51 207
51 243
51 250
51 275
51 295
51 296
51 305
51 306
51 323
51 330
51 332
51 356
51 418
51 429
51 478
51 487
51 499
52 126
52 136
52 160
52 342
52 419
52 464
53 18
53 51
53 113
53 117
53 189
53 192
53 296
53 346
53 436
54 3
54 29
54 35
54 51
54 57
54 63
54 75
54 84
54 87
54 88
54 101
54 105
54 107
54 112
54 121
54 166
54 204
54 205
54 208
54 215
54 225
54 235
54 254
54 266
54 273
54 282
54 295
54 298
54 308
54 327
54 334
54 341
54 346
54 359
54 397
54 404
54 413
54 417
54 431
54 441
54 453
55 3
55 12
55 27
55 36
55 41
55 45
55 47
55 70
55 80
55 83
55 84
55 91
55 107
55 113
55 147
55 171
55 220
55 250
55 252
55 262
55 281
55 295
55 316
55 318
55 348
55 429
55 447
55 453
55 458
55 471
55 496
56 84
56 197
56 377
56 387
56 411
56 428
56 483
56 497
57 42
57 54
57 65
57 87
57 123
57 127
57 147
57 151
57 166
57 176
57 190
57 198
57 204
57 210
57 211
57 247
57 294
57 337
57 348
57 370
57 389
57 390
57 405
57 407
57 425
57 443
57 447
57 458
57 460
57 464
57 470
58 15
58 19
58 24
58 44
58 73
58 82
58 83
58 157
58 178
58 185
58 186
58 196
58 199
58 208
58 220
58 235
58 250
58 271
58 273
58 292
58 333
58 338
58 343
58 353
58 366
58 374
58 391
58 413
58 425
58 433
58 435
58 453
58 458
58 485
59 64
59 139
59 175
59 339
59 370
59 488
60 21
60 36
60 42
60 86
60 97
60 118
60 136
60 138
60 150
60 152
60 161
60 280
60 386
60 391
60 429
60 436
60 445
60 453
61 14
61 16
61 77
61 91
61 145
61 167
61 185
61 191
61 216
61 241
61 242
61 267
61 272
61 299
61 317
61 326
61 330
61 337
61 342
61 351
61 401
61 407
61 411
61 415
61 417
61 436
61 450
61 457
61 459
61 460
61 491
62 15
62 21
62 67
62 68
62 95
62 197
62 217
62 220
62 237
62 278
62 326
62 333
62 356
62 398
62 411
62 414
62 428
62 456
62 462
63 47
63 54
63 68
63 96
63 102
63 131
63 153
63 166
63 183
63 192
63 213
63 224
63 237
63 238
63 263
63 282
63 306
63 325
63 331
63 341
63 392
63 407
63 432
63 442
64 12
64 59
64 102
64 111
64 133
64 165
64 176
64 197
64 265
64 266
64 267
64 276
64 312
64 314
64 332
64 356
64 371
64 411
64 419
64 459
64 473
65 19
65 40
65 57
65 79
65 81
65 113
65 142
65 153
65 188
65 210
65 216
65 220
65 239
65 244
65 250
65 253
65 269
65 282
65 286
65 318
65 322
65 341
65 343
65 346
65 398
65 402
65 425
65 456
65 470
65 491
66 33
66 111
66 127
66 271
66 282
66 302
66 413
66 421
66 442
67 62
67 78
67 93
67 97
67 110
67 116
67 119
67 126
67 128
67 176
67 192
67 195
67 208
67 215
67 224
67 237
67 251
67 312
67 323
67 354
67 356
67 374
67 413
67 432
67 466
67 467
67 471
67 475
67 484
68 1
68 18
68 21
68 22
68 25
68 32
68 42
68 62
68 63
68 70
68 86
68 97
68 134
68 137
68 141
68 155
68 157
68 171
68 176
68 189
68 196
68 208
68 209
68 215
68 224
68 229
68 243
68 249
68 260
68 265
68 268
68 278
68 280
68 302
68 304
68 341
68 343
68 352
68 357
68 396
68 405
68 416
68 462
68 499
69 14
69 16
69 48
69 127
69 226
69 295
69 311
69 443
69 466
69 473
69 483
70 5
70 20
70 29
70 33
70 55
70 68
70 72
70 140
70 185
70 186
70 204
70 210
70 222
70 237
70 240
70 265
70 275
70 308
70 339
70 343
70 348
70 367
70 384
70 411
70 473
70 498
71 199
71 204
71 236
71 251
71 339
71 352
72 6
72 13
72 24
72 26
72 41
72 70
72 97
72 126
72 127
72 141
72 150
72 162
72 173
72 183
72 190
72 192
72 197
72 224
72 231
72 265
72 266
72 275
72 280
72 281
72 309
72 319
72 329
72 330
72 332
72 341
72 348
72 360
72 420
72 455
72 458
72 468
73 1
73 7
73 38
73 48
73 58
73 75
73 79
73 81
73 102
73 103
73 111
73 114
73 130
73 141
73 148
73 153
73 170
73 190
73 193
73 212
73 224
73 226
73 232
73 236
73 252
73 261
73 269
73 302
73 314
73 341
73 344
73 346
73 356
73 372
73 391
73 404
73 414
73 420
73 455
73 462
74 78
74 79
74 86
74 91
74 103
74 180
74 208
74 220
74 225
74 302
74 346
74 349
74 423
74 427
74 434
74 447
74 470
74 485
74 499
75 10
75 24
75 29
75 48
75 51
75 54
75 73
75 80
75 102
75 110
75 111
75 136
75 139
75 153
75 159
75 171
75 201
75 202
75 213
75 220
75 224
75 241
75 248
75 267
75 271
75 274
75 275
75 294
75 305
75 341
75 356
75 370
75 372
75 398
75 400
75 410
75 413
75 417
75 428
75 434
75 446
75 460
75 462
75 495
76 103
76 147
76 207
76 277
76 347
76 352
76 409
76 411
76 450
76 458
76 471
77 18
77 61
77 142
77 159
77 214
77 282
77 341
78 46
78 67
78 74
78 104
78 107
78 122
78 231
78 420
78 436
78 453
78 496
79 24
79 65
79 73
79 74
79 124
79 197
79 220
79 227
79 237
79 248
79 264
79 266
79 271
79 277
79 321
79 346
79 352
79 398
79 420
79 425
79 471
79 490
79 499
80 36
80 55
80 75
80 124
80 134
80 167
80 171
80 174
80 204
80 268
80 277
80 281
80 300
80 312
80 328
80 332
80 339
80 378
80 386
80 427
80 429
80 445
80 459
80 468
80 471
81 24
81 29
81 33
81 65
81 73
81 149
81 215
81 220
81 274
81 325
81 435
81 480
82 11
82 58
82 144
82 182
82 273
82 293
82 338
82 364
82 408
83 7
83 29
83 55
83 58
83 89
83 98
83 136
83 151
83 156
83 176
83 181
83 201
83 210
83 237
83 269
83 294
83 300
83 315
83 319
83 321
83 423
83 441
83 462
83 467
84 2
84 13
84 16
84 27
84 54
84 55
84 56
84 94
84 102
84 111
84 124
84 132
84 144
84 195
84 197
84 210
84 220
84 222
84 241
84 261
84 268
84 271
84 305
84 306
84 314
84 316
84 333
84 384
84 400
84 425
84 454
84 469
84 478
84 483
84 484
84 492
85 3
85 35
85 98
85 144
85 148
85 170
85 181
85 182
85 189
85 200
85 210
85 232
85 243
85 250
85 283
85 290
85 303
85 305
85 312
85 318
85 344
85 409
85 460
85 484
85 491
86 29
86 60
86 68
86 74
86 182
86 192
86 198
86 216
86 295
86 349
86 487
87 17
87 36
87 44
87 45
87 54
87 57
87 107
87 110
87 122
87 127
87 158
87 180
87 182
87 191
87 192
87 198
87 212
87 217
87 270
87 297
87 308
87 325
87 331
87 348
87 392
87 405
87 442
87 478
87 485
87 487
87 496
88 36
88 54
88 118
88 131
88 176
88 481
89 83
89 101
89 281
89 330
89 361
89 449
89 468
89 480
90 46
90 192
90 218
90 276
90 321
90 401
90 484
91 18
91 55
91 61
91 74
91 118
91 125
91 235
91 255
91 326
91 411
91 466
91 475
92 6
92 103
92 133
92 170
92 208
92 265
92 283
92 314
92 356
92 362
92 408
92 415
92 463
92 473
92 484
93 41
93 67
93 104
93 196
93 237
93 266
93 278
93 329
93 331
93 376
93 392
93 404
93 413
93 429
93 432
93 437
93 467
93 470
93 477
93 484
94 13
94 84
94 104
94 111
94 184
94 197
94 199
94 242
94 250
94 254
94 297
94 304
94 316
94 340
94 354
94 356
94 378
94 384
94 386
94 483
95 62
95 159
95 279
95 316
95 389
95 402
95 428
96 26
96 30
96 63
96 107
96 116
96 142
96 185
96 197
96 205
96 235
96 280
96 283
96 339
96 341
96 365
96 393
96 436
97 43
97 60
97 67
97 68
97 72
97 142
97 155
97 157
97 343
97 346
97 416
98 37
98 83
98 85
98 102
98 105
98 128
98 129
98 131
98 153
98 156
98 159
98 165
98 201
98 213
98 215
98 224
98 231
98 246
98 254
98 278
98 281
98 285
98 300
98 322
98 340
98 341
98 344
98 382
98 385
98 425
98 428
98 441
98 447
98 471
98 478
98 483
99 185
99 229
99 326
99 336
99 348
99 373
99 377
99 395
99 411
100 1
100 111
100 204
100 254
100 268
100 330
100 374
100 413
100 484
100 498
101 25
101 26
101 47
101 54
101 89
101 111
101 161
101 182
101 213
101 385
101 399
101 461
102 39
102 44
102 51
102 63
102 64
102 73
102 75
102 84
102 98
102 121
102 123
102 139
102 142
102 150
102 159
102 161
102 162
102 174
102 204
102 207
102 217
102 226
102 241
102 319
102 333
102 334
102 372
102 385
102 393
102 398
102 408
102 428
102 458
102 461
102 483
103 4
103 29
103 51
103 73
103 74
103 76
103 92
103 111
103 120
103 127
103 128
103 141
103 147
103 154
103 173
103 206
103 208
103 221
103 231
103 253
103 263
103 273
103 275
103 283
103 330
103 345
103 351
103 354
103 403
103 407
103 411
103 420
103 421
103 441
103 445
103 453
103 461
103 468
103 469
103 478
104 6
104 78
104 93
104 94
104 281
104 405
104 413
104 438
105 47
105 54
105 98
105 116
105 191
105 217
105 236
105 274
105 293
105 376
105 388
105 405
105 409
105 421
105 451
105 452
105 493
106 27
106 144
106 170
106 243
106 316
106 336
106 362
106 392
106 442
106 447
107 30
107 44
107 47
107 54
107 55
107 78
107 87
107 96
107 110
107 126
107 159
107 166
107 175
107 179
107 193
107 197
107 205
107 213
107 228
107 235
107 237
107 250
107 261
107 264
107 266
107 278
107 282
107 296
107 300
107 332
107 341
107 358
107 362
107 397
107 413
107 420
107 421
107 435
107 466
107 471
107 484
108 150
108 232
108 290
108 319
108 328
108 413
108 445
109 151
109 278
109 326
109 408
109 462
109 468
110 15
110 67
110 75
110 87
110 107
110 136
110 161
110 167
110 171
110 222
110 236
110 250
110 264
110 271
110 278
110 289
110 291
110 296
110 300
110 314
110 374
110 386
110 413
110 434
110 447
110 456
110 484
110 485
110 488
110 498
110 499
111 2
111 11
111 13
111 25
111 42
111 44
111 48
111 51
111 64
111 66
111 73
111 75
111 84
111 94
111 100
111 101
111 103
111 132
111 142
111 151
111 161
111 197
111 215
111 224
111 232
111 235
111 239
111 254
111 268
111 269
111 273
111 302
111 310
111 316
111 337
111 348
111 356
111 404
111 457
111 483
111 492
111 496
111 498
112 14
112 24
112 54
112 147
112 165
112 176
112 207
112 265
112 277
112 291
112 297
112 330
112 353
112 428
112 432
112 454
112 478
112 498
113 33
113 36
113 49
113 51
113 53
113 55
113 65
113 144
113 166
113 191
113 222
113 254
113 281
113 300
113 304
113 392
113 471
114 27
114 73
114 136
114 141
114 159
114 182
114 201
114 230
114 254
114 386
114 478
115 10
115 26
115 38
115 48
115 51
115 135
115 142
115 157
115 163
115 179
115 243
115 250
115 269
115 271
115 295
115 309
115 326
115 339
115 340
115 365
115 411
115 415
115 435
115 470
115 496
116 4
116 25
116 39
116 40
116 47
116 67
116 96
116 105
116 129
116 174
116 179
116 210
116 242
116 243
116 247
116 269
116 295
116 299
116 318
116 323
116 413
116 467
116 487
117 53
117 150
117 215
117 369
117 386
117 400
117 434
117 451
118 60
118 88
118 91
118 127
118 176
118 212
118 236
118 246
118 267
118 299
118 351
118 353
118 375
118 377
118 392
118 420
118 449
118 462
119 5
119 11
119 15
119 25
119 27
119 67
119 126
119 137
119 151
119 164
119 166
119 168
119 175
119 178
119 182
119 204
119 207
119 208
119 216
119 222
119 273
119 341
119 365
119 384
119 388
119 398
119 441
119 446
119 452
119 455
120 49
120 103
120 145
120 165
120 267
120 280
120 325
120 371
120 387
120 450
121 21
121 54
121 102
121 200
121 255
121 327
121 347
121 487
122 38
122 78
122 87
122 150
122 161
122 247
122 257
122 264
122 272
122 292
122 294
122 305
122 321
122 341
122 345
122 349
122 353
122 356
122 360
122 384
122 405
122 434
122 453
122 474
122 478
123 20
123 57
123 102
123 136
123 207
123 271
123 314
123 497
124 79
124 80
124 84
124 137
124 150
124 308
124 352
125 1
125 21
125 91
125 175
125 180
125 186
125 217
125 234
125 263
125 268
125 310
125 351
125 353
125 361
125 441
125 473
125 477
126 35
126 38
126 43
126 51
126 52
126 67
126 72
126 107
126 119
126 134
126 141
126 155
126 162
126 166
126 169
126 171
126 185
126 188
126 199
126 222
126 228
126 247
126 248
126 249
126 264
126 265
126 266
126 269
126 275
126 282
126 295
126 302
126 321
126 322
126 330
126 385
126 390
126 415
126 425
126 433
126 441
126 443
126 458
127 1
127 2
127 15
127 26
127 42
127 50
127 57
127 66
127 69
127 72
127 87
127 103
127 118
127 131
127 134
127 150
127 153
127 159
127 170
127 173
127 179
127 183
127 185
127 193
127 198
127 207
127 210
127 218
127 224
127 227
127 237
127 249
127 258
127 265
127 266
127 276
127 278
127 334
127 338
127 339
127 361
127 369
127 385
127 409
127 441
127 461
127 478
127 496
128 10
128 27
128 40
128 67
128 98
128 103
128 136
128 162
128 197
128 252
128 278
128 303
128 327
128 369
128 418
129 44
129 98
129 116
129 165
129 167
129 170
129 207
129 218
129 221
129 253
129 265
129 314
129 356
129 399
129 462
129 473
129 486
130 32
130 33
130 40
130 73
130 139
130 348
130 362
130 386
130 432
131 19
131 47
131 63
131 88
131 98
131 127
131 153
131 173
131 175
131 197
131 213
131 272
131 273
131 274
131 282
131 289
131 341
131 352
131 413
131 421
131 425
131 464
132 33
132 38
132 84
132 111
132 138
132 197
132 313
133 18
133 32
133 33
133 40
133 64
133 92
133 147
133 172
133 174
133 284
133 309
133 441
133 445
133 457
133 469
133 470
134 68
134 80
134 126
134 127
134 182
134 200
134 211
134 236
134 275
134 295
134 369
134 388
134 404
134 411
134 441
134 447
134 477
135 4
135 6
135 115
135 141
135 197
135 412
135 427
135 440
136 1
136 4
136 19
136 25
136 52
136 60
136 75
136 83
136 110
136 114
136 123
136 128
136 150
136 160
136 161
136 171
136 185
136 188
136 193
136 198
136 200
136 249
136 260
136 272
136 278
136 280
136 282
136 286
136 295
136 315
136 322
136 337
136 338
136 345
136 355
136 357
136 386
136 403
136 428
136 438
136 441
136 445
136 448
136 458
136 473
136 481
137 19
137 21
137 34
137 36
137 44
137 51
137 68
137 119
137 124
137 147
137 154
137 155
137 162
137 165
137 166
137 174
137 178
137 193
137 201
137 205
137 215
137 223
137 242
137 256
137 291
137 294
137 296
137 302
137 306
137 343
137 357
137 369
137 389
137 398
137 401
137 416
137 460
137 461
137 470
137 478
137 495
137 498
138 4
138 10
138 60
138 132
138 215
138 370
138 371
138 375
138 376
138 382
138 446
139 1
139 59
139 75
139 102
139 130
139 162
139 201
139 237
139 250
139 295
139 350
139 357
139 398
139 461
139 487
140 42
140 70
140 168
140 180
140 192
140 245
140 257
140 361
140 372
140 453
140 467
140 469
141 6
141 25
141 39
141 68
141 72
141 73
141 103
141 114
141 126
141 135
141 157
141 176
141 234
141 249
141 275
141 321
141 400
141 474
141 480
142 11
142 13
142 25
142 40
142 51
142 65
142 77
142 96
142 97
142 102
142 111
142 115
142 144
142 166
142 185
142 186
142 208
142 215
142 218
142 241
142 250
142 264
142 269
142 295
142 305
142 321
142 322
142 332
142 333
142 342
142 345
142 349
142 355
142 364
142 369
142 393
142 399
142 408
142 416
142 423
142 429
142 434
142 455
142 468
142 480
143 38
143 152
143 269
143 276
143 420
143 470
143 479
143 483
143 492
144 3
144 13
144 19
144 35
144 38
144 82
144 84
144 85
144 106
144 113
144 142
144 153
144 161
144 170
144 208
144 218
144 222
144 232
144 237
144 238
144 240
144 242
144 243
144 279
144 315
144 318
144 355
144 361
144 370
144 374
144 389
144 391
144 421
144 426
144 433
144 437
144 443
144 457
144 469
144 491
145 35
145 43
145 49
145 61
145 120
145 150
145 170
145 185
145 204
145 243
145 353
145 484
146 26
146 243
146 246
146 374
146 467
146 470
147 17
147 44
147 47
147 55
147 57
147 76
147 103
147 112
147 133
147 137
147 220
147 269
147 277
147 280
147 300
147 316
147 330
147 343
147 371
147 396
147 404
147 413
147 419
147 420
147 435
147 458
147 467
147 478
147 485
148 16
148 73
148 85
148 180
148 193
148 212
148 269
148 309
148 338
148 344
148 366
148 428
148 437
148 465
148 474
149 81
149 150
149 243
149 255
149 391
149 428
149 443
149 450
149 470
149 494
150 4
150 42
150 45
150 60
150 72
150 102
150 108
150 117
150 122
150 124
150 127
150 136
150 145
150 149
150 161
150 165
150 188
150 200
150 205
150 220
150 246
150 249
150 260
150 272
150 278
150 280
150 281
150 301
150 315
150 316
150 320
150 323
150 326
150 332
150 333
150 338
150 345
150 366
150 370
150 386
150 391
150 430
150 441
150 445
150 453
150 459
150 474
150 478
150 484
151 23
151 43
151 57
151 83
151 109
151 111
151 119
151 171
151 179
151 192
151 208
151 243
151 267
151 330
151 349
151 350
151 364
151 393
151 398
151 455
152 60
152 143
152 212
152 254
152 278
152 374
152 398
152 436
152 442
152 454
152 457
152 462
152 471
153 8
153 13
153 32
153 38
153 43
153 63
153 65
153 73
153 75
153 98
153 127
153 131
153 144
153 159
153 195
153 205
153 236
153 251
153 255
153 257
153 307
153 364
153 393
153 398
153 410
153 420
153 436
153 453
153 457
153 462
153 466
154 26
154 33
154 40
154 50
154 103
154 137
154 201
154 309
155 1
155 39
155 68
155 97
155 126
155 137
155 204
155 215
155 281
155 283
155 306
155 322
155 357
155 374
155 393
155 420
155 429
155 466
155 478
156 7
156 21
156 83
156 98
156 159
156 175
156 205
156 206
156 224
156 232
156 247
156 269
156 349
156 389
156 403
156 467
157 14
157 29
157 42
157 58
157 68
157 97
157 115
157 141
157 170
157 212
157 222
157 295
157 337
157 349
157 367
157 435
157 468
157 485
158 36
158 87
158 172
158 197
158 201
158 263
158 281
158 300
158 372
158 379
158 429
158 448
158 459
158 466
158 471
158 479
159 7
159 10
159 21
159 29
159 75
159 77
159 95
159 98
159 102
159 107
159 114
159 127
159 153
159 156
159 176
159 182
159 193
159 195
159 201
159 214
159 242
159 243
159 244
159 295
159 299
159 301
159 319
159 334
159 337
159 348
159 372
159 374
159 386
159 389
159 402
159 404
159 440
159 449
159 462
159 470
159 487
160 16
160 29
160 43
160 52
160 136
160 169
160 187
160 251
160 295
160 326
160 330
160 332
160 347
160 367
160 374
160 379
160 408
160 410
160 453
160 483
161 6
161 13
161 25
161 44
161 47
161 51
161 60
161 101
161 102
161 110
161 111
161 122
161 136
161 144
161 150
161 200
161 220
161 242
161 245
161 277
161 278
161 280
161 292
161 315
161 330
161 345
161 374
161 386
161 411
161 432
161 445
162 1
162 7
162 15
162 44
162 47
162 72
162 102
162 126
162 128
162 137
162 139
162 167
162 176
162 201
162 202
162 222
162 224
162 241
162 254
162 261
162 331
162 337
162 339
162 343
162 346
162 364
162 379
162 410
162 413
162 434
162 445
162 446
162 450
162 462
162 469
162 478
163 4
163 6
163 10
163 22
163 115
163 283
163 348
163 370
163 431
163 437
163 479
164 119
164 176
164 210
164 302
164 356
164 373
165 22
165 46
165 64
165 98
165 112
165 120
165 129
165 137
165 150
165 171
165 173
165 185
165 226
165 231
165 265
165 283
165 313
165 314
165 332
165 355
165 356
165 370
165 374
165 379
165 384
165 424
165 441
165 451
165 466
165 473
166 3
166 6
166 18
166 29
166 35
166 43
166 45
166 47
166 54
166 57
166 63
166 107
166 113
166 119
166 126
166 137
166 142
166 177
166 179
166 208
166 213
166 228
166 247
166 266
166 273
166 282
166 283
166 323
166 341
166 364
166 400
166 421
166 424
166 429
166 441
166 463
166 471
166 473
166 477
166 490
166 498
166 499
167 36
167 37
167 61
167 80
167 110
167 129
167 162
167 465
167 471
168 119
168 140
168 175
168 278
168 408
168 455
168 499
169 25
169 126
169 160
169 172
169 191
169 231
169 310
170 8
170 35
170 73
170 85
170 92
170 106
170 127
170 129
170 144
170 145
170 157
170 217
170 224
170 243
170 248
170 262
170 263
170 274
170 291
170 316
170 318
170 329
170 342
170 344
170 346
170 380
170 385
170 418
170 437
170 441
170 462
170 467
170 479
170 491
170 498
171 36
171 41
171 55
171 68
171 75
171 80
171 110
171 126
171 136
171 151
171 165
171 204
171 213
171 215
171 243
171 257
171 273
171 281
171 300
171 305
171 320
171 321
171 385
171 398
171 429
171 445
171 446
171 459
171 471
171 496
171 497
172 2
172 40
172 133
172 158
172 169
172 181
172 189
172 309
172 438
173 32
173 40
173 72
173 103
173 127
173 131
173 165
173 176
173 182
173 188
173 192
173 193
173 202
173 208
173 210
173 247
173 275
173 277
173 282
173 331
173 332
173 336
173 343
173 344
173 365
173 369
173 374
173 376
173 378
173 388
173 391
173 410
173 414
173 432
173 436
173 455
173 471
174 34
174 80
174 102
174 116
174 133
174 137
174 247
174 364
174 409
174 428
174 429
174 470
174 500
175 3
175 4
175 10
175 12
175 23
175 31
175 59
175 107
175 119
175 125
175 131
175 156
175 168
175 187
175 192
175 208
175 221
175 252
175 253
175 291
175 293
175 324
175 339
175 343
175 345
175 356
175 370
175 371
175 432
175 466
175 473
175 474
176 3
176 21
176 24
176 25
176 36
176 57
176 64
176 67
176 68
176 83
176 88
176 112
176 118
176 141
176 159
176 162
176 164
176 173
176 182
176 191
176 193
176 204
176 208
176 224
176 236
176 254
176 265
176 280
176 283
176 295
176 326
176 342
176 364
176 376
176 378
176 379
176 389
176 413
176 428
176 433
176 435
176 441
176 454
176 462
176 474
176 491
177 166
177 302
177 328
177 345
177 376
177 460
178 58
178 119
178 137
178 195
178 199
178 200
178 222
178 250
178 278
178 387
178 413
178 432
178 437
178 499
179 25
179 107
179 115
179 116
179 127
179 151
179 166
179 193
179 194
179 204
179 205
179 207
179 245
179 269
179 275
179 295
179 297
179 312
179 314
179 321
179 330
179 339
179 344
179 349
179 365
179 367
179 391
179 420
179 441
179 467
179 470
179 487
179 496
180 47
180 74
180 87
180 125
180 140
180 148
180 241
180 346
180 435
180 483
181 83
181 85
181 172
181 270
181 308
181 339
181 467
182 12
182 27
182 82
182 85
182 86
182 87
182 101
182 114
182 119
182 134
182 159
182 173
182 176
182 191
182 201
182 204
182 205
182 231
182 236
182 243
182 244
182 251
182 252
182 302
182 322
182 326
182 342
182 352
182 363
182 374
182 403
182 429
182 441
182 451
182 455
182 458
182 468
183 29
183 63
183 72
183 127
183 264
183 277
183 305
183 318
183 337
183 352
183 379
184 4
184 10
184 94
184 185
184 222
184 339
184 370
184 374
184 396
184 400
184 451
184 463
185 9
185 31
185 51
185 58
185 61
185 70
185 96
185 99
185 126
185 127
185 136
185 142
185 145
185 165
185 184
185 201
185 204
185 231
185 238
185 242
185 246
185 251
185 256
185 261
185 300
185 310
185 317
185 326
185 330
185 337
185 342
185 351
185 361
185 411
185 415
185 432
185 444
185 453
185 457
186 9
186 35
186 51
186 58
186 70
186 125
186 142
186 211
186 215
186 267
186 270
186 277
186 295
186 326
186 331
186 343
186 352
186 364
186 379
186 380
186 384
186 404
186 411
186 425
186 434
186 458
186 478
186 479
187 160
187 175
187 195
187 267
187 303
187 339
188 20
188 65
188 126
188 136
188 150
188 173
188 371
188 386
188 435
188 468
188 491
189 19
189 53
189 68
189 85
189 172
189 215
189 276
189 302
189 315
189 467
189 491
190 28
190 57
190 72
190 73
190 277
190 441
190 447
190 491
191 1
191 3
191 22
191 27
191 61
191 87
191 105
191 113
191 169
191 176
191 182
191 193
191 199
191 204
191 207
191 208
191 214
191 243
191 244
191 265
191 266
191 275
191 288
191 305
191 340
191 349
191 351
191 369
191 370
191 378
191 379
191 388
191 393
191 410
191 420
191 429
191 437
191 447
191 454
191 466
191 482
192 1
192 24
192 43
192 47
192 53
192 63
192 67
192 72
192 86
192 87
192 90
192 140
192 151
192 173
192 175
192 205
192 220
192 224
192 257
192 314
192 318
192 337
192 343
192 350
192 352
192 393
192 408
192 412
192 413
192 417
192 437
192 466
192 475
192 485
193 27
193 29
193 73
193 107
193 127
193 136
193 137
193 148
193 159
193 173
193 176
193 179
193 191
193 208
193 236
193 349
193 373
193 374
193 411
193 417
193 447
193 449
194 10
194 179
194 232
194 410
194 445
194 496
195 30
195 51
195 67
195 84
195 153
195 159
195 178
195 187
195 264
195 278
195 282
195 318
195 330
195 341
195 343
195 374
195 399
195 413
195 435
195 436
195 447
195 467
195 474
195 487
196 35
196 58
196 68
196 93
196 215
196 271
196 302
196 303
196 306
196 316
196 333
196 354
196 386
196 429
196 460
196 473
197 10
197 13
197 26
197 29
197 56
197 62
197 64
197 72
197 79
197 84
197 94
197 96
197 107
197 111
197 128
197 131
197 132
197 135
197 158
197 210
197 232
197 239
197 249
197 268
197 280
197 289
197 302
197 310
197 316
197 330
197 355
197 384
197 390
197 432
197 442
197 459
197 483
197 492
198 57
198 86
198 87
198 127
198 136
198 251
198 338
198 388
198 398
198 453
198 462
198 472
199 27
199 58
199 71
199 94
199 126
199 178
199 191
199 206
199 210
199 264
199 309
199 330
199 345
199 398
199 406
199 411
199 413
199 424
199 435
199 455
199 468
199 469
200 85
200 121
200 134
200 136
200 150
200 161
200 178
200 340
200 342
200 386
200 395
200 402
200 407
200 413
200 445
200 446
200 460
200 497
201 6
201 24
201 26
201 27
201 36
201 38
201 44
201 75
201 83
201 98
201 114
201 137
201 139
201 154
201 158
201 159
201 162
201 182
201 185
201 205
201 212
201 237
201 242
201 254
201 267
201 277
201 298
201 307
201 326
201 335
201 385
201 402
201 414
201 434
201 450
201 476
201 481
201 483
202 24
202 75
202 162
202 173
202 254
202 265
202 326
202 356
202 426
202 442
202 462
202 496
203 37
203 255
203 278
203 439
203 452
203 487
204 4
204 16
204 17
204 18
204 47
204 51
204 54
204 57
204 70
204 71
204 80
204 100
204 102
204 119
204 145
204 155
204 171
204 176
204 179
204 182
204 185
204 191
204 207
204 208
204 236
204 261
204 271
204 273
204 274
204 285
204 318
204 322
204 365
204 369
204 374
204 376
204 388
204 398
204 409
204 436
204 446
204 452
204 460
204 466
204 470
204 483
205 39
205 51
205 54
205 96
205 107
205 137
205 150
205 153
205 156
205 179
205 182
205 192
205 201
205 218
205 226
205 231
205 243
205 251
205 257
205 269
205 278
205 284
205 315
205 331
205 339
205 364
205 380
205 400
205 408
205 417
205 436
205 453
205 457
205 463
205 480
205 496
206 103
206 156
206 199
206 214
206 290
206 297
206 445
206 462
207 1
207 6
207 15
207 24
207 25
207 36
207 40
207 51
207 76
207 102
207 112
207 119
207 123
207 127
207 129
207 179
207 191
207 204
207 217
207 240
207 269
207 303
207 307
207 322
207 323
207 338
207 341
207 346
207 349
207 365
207 367
207 380
207 381
207 411
207 435
207 450
207 451
207 462
207 470
207 478
207 480
207 486
208 21
208 24
208 27
208 37
208 42
208 54
208 58
208 67
208 68
208 74
208 92
208 103
208 119
208 142
208 144
208 151
208 166
208 173
208 175
208 176
208 191
208 193
208 204
208 236
208 265
208 271
208 285
208 330
208 336
208 342
208 346
208 368
208 369
208 388
208 401
208 404
208 409
208 411
208 417
208 420
208 435
208 436
208 461
208 470
208 496
208 498
209 3
209 68
209 218
209 295
209 325
209 326
209 386
209 411
209 434
210 16
210 18
210 35
210 39
210 57
210 65
210 70
210 83
210 84
210 85
210 116
210 127
210 164
210 173
210 197
210 199
210 213
210 236
210 254
210 274
210 384
210 421
210 422
210 427
210 445
210 446
210 500
211 57
211 134
211 186
211 269
211 376
211 461
212 35
212 73
212 87
212 118
212 148
212 152
212 157
212 201
212 214
212 295
212 322
212 345
212 352
212 413
212 429
212 433
213 1
213 3
213 4
213 47
213 63
213 75
213 98
213 101
213 107
213 131
213 166
213 171
213 210
213 215
213 228
213 266
213 269
213 281
213 282
213 306
213 311
213 338
213 341
213 356
213 372
213 374
213 383
213 386
213 400
213 408
213 409
213 430
213 469
213 471
213 480
213 489
213 491
214 77
214 159
214 191
214 206
214 212
214 254
214 337
214 339
214 386
214 418
214 425
214 450
214 483
215 9
215 13
215 22
215 42
215 54
215 67
215 68
215 81
215 98
215 111
215 117
215 137
215 138
215 142
215 155
215 171
215 186
215 189
215 196
215 213
215 216
215 218
215 223
215 229
215 236
215 249
215 257
215 269
215 277
215 302
215 314
215 342
215 343
215 346
215 352
215 356
215 388
215 389
215 401
215 407
215 408
215 416
215 447
215 460
215 462
215 471
215 473
216 41
216 61
216 65
216 86
216 119
216 215
216 279
216 295
216 338
216 342
216 360
216 385
216 435
216 475
216 478
216 491
216 499
217 24
217 29
217 62
217 87
217 102
217 105
217 125
217 170
217 207
217 245
217 251
217 275
217 280
217 299
217 364
217 470
218 6
218 38
218 90
218 127
218 129
218 142
218 144
218 205
218 209
218 215
218 280
218 314
218 329
218 386
218 416
218 467
218 472
219 36
219 267
219 277
219 281
219 370
219 471
219 474
220 1
220 5
220 19
220 21
220 32
220 35
220 42
220 55
220 58
220 62
220 65
220 74
220 75
220 79
220 81
220 84
220 147
220 150
220 161
220 192
220 236
220 237
220 273
220 286
220 314
220 322
220 329
220 333
220 341
220 346
220 352
220 353
220 362
220 367
220 373
220 385
220 393
220 396
220 402
220 410
220 424
220 443
220 453
220 483
220 493
221 103
221 129
221 175
221 251
221 267
221 318
221 449
221 480
221 496
222 70
222 84
222 110
222 113
222 119
222 126
222 144
222 157
222 162
222 178
222 184
222 274
222 370
222 372
222 374
222 386
222 398
222 432
222 442
222 447
222 455
222 462
222 467
222 484
222 490
223 137
223 215
223 283
223 346
223 366
223 452
223 463
223 480
224 17
224 22
224 36
224 39
224 41
224 63
224 67
224 68
224 72
224 73
224 75
224 98
224 111
224 127
224 156
224 162
224 170
224 176
224 192
224 236
224 240
224 241
224 243
224 244
224 247
224 270
224 282
224 322
224 327
224 398
224 429
224 438
224 454
224 462
224 483
224 485
225 54
225 74
225 331
225 364
225 370
225 420
225 440
225 453
226 16
226 69
226 73
226 102
226 165
226 205
226 254
226 255
226 266
226 282
226 450
226 466
226 484
226 486
227 32
227 79
227 127
227 280
227 327
227 352
227 386
228 27
228 107
228 126
228 166
228 213
228 323
228 416
228 455
228 470
228 473
228 482
229 7
229 68
229 99
229 215
229 246
229 422
229 484
230 114
230 237
230 265
230 364
230 382
230 453
231 15
231 20
231 35
231 36
231 42
231 72
231 78
231 98
231 103
231 165
231 169
231 182
231 185
231 205
231 253
231 262
231 264
231 269
231 275
231 300
231 311
231 330
231 341
231 360
231 374
231 409
231 415
231 429
231 435
231 484
232 73
232 85
232 108
232 111
232 144
232 156
232 194
232 197
232 269
232 329
232 387
233 4
233 250
233 326
233 377
233 395
233 418
233 464
233 467
233 486
234 21
234 32
234 125
234 141
234 364
234 467
235 38
235 40
235 54
235 58
235 91
235 96
235 107
235 111
235 259
235 272
235 301
235 322
235 341
235 361
235 487
236 15
236 21
236 71
236 73
236 105
236 110
236 118
236 134
236 153
236 176
236 182
236 193
236 204
236 208
236 210
236 215
236 220
236 224
236 237
236 252
236 255
236 286
236 303
236 311
236 318
236 331
236 342
236 356
236 365
236 369
236 388
236 393
236 408
236 432
236 433
236 451
236 458
236 459
236 471
236 473
236 495
237 16
237 24
237 62
237 63
237 67
237 70
237 79
237 83
237 93
237 107
237 127
237 139
237 144
237 201
237 220
237 230
237 236
237 248
237 253
237 286
237 300
237 306
237 322
237 324
237 330
237 346
237 352
237 353
237 362
237 366
237 373
237 374
237 380
237 386
237 393
237 405
237 408
237 411
237 425
237 463
237 470
238 23
238 63
238 144
238 185
238 318
238 322
238 496
239 65
239 111
239 197
239 274
239 374
239 483
240 12
240 70
240 144
240 207
240 224
240 242
240 271
240 278
240 404
240 436
240 484
241 18
241 61
241 75
241 84
241 102
241 142
241 162
241 180
241 224
241 246
241 253
241 261
241 263
241 294
241 317
241 330
241 386
241 389
241 393
241 398
241 410
241 425
241 441
241 462
242 35
242 61
242 94
242 116
242 137
242 144
242 159
242 161
242 185
242 201
242 240
242 243
242 318
242 404
242 442
242 491
243 10
243 20
243 26
243 33
243 35
243 40
243 51
243 68
243 85
243 106
243 115
243 116
243 144
243 145
243 146
243 149
243 151
243 159
243 170
243 171
243 182
243 191
243 205
243 224
243 242
243 265
243 273
243 279
243 280
243 291
243 318
243 329
243 332
243 351
243 356
243 380
243 417
243 435
243 437
243 467
243 471
243 472
243 483
243 484
243 491
244 14
244 65
244 159
244 182
244 191
244 224
244 326
244 330
244 428
244 455
245 35
245 140
245 161
245 179
245 217
245 275
245 277
245 333
245 343
245 384
245 441
245 470
246 98
246 118
246 146
246 150
246 185
246 229
246 241
246 267
246 283
246 388
246 392
246 411
246 446
246 480
246 486
246 493
247 4
247 17
247 24
247 25
247 28
247 45
247 47
247 57
247 116
247 122
247 126
247 156
247 166
247 173
247 174
247 224
247 265
247 269
247 277
247 278
247 282
247 302
247 321
247 326
247 331
247 363
247 391
247 420
247 423
247 427
247 434
247 470
247 490
248 7
248 75
248 79
248 126
248 170
248 237
248 330
249 8
249 68
249 126
249 127
249 136
249 141
249 150
249 197
249 215
249 357
249 374
250 6
250 12
250 37
250 42
250 49
250 51
250 55
250 58
250 65
250 85
250 94
250 107
250 110
250 115
250 139
250 142
250 178
250 233
250 254
250 282
250 295
250 318
250 321
250 323
250 324
250 326
250 332
250 345
250 349
250 389
250 405
250 419
250 439
250 445
250 461
250 471
250 473
250 477
250 478
250 480
250 498
251 4
251 7
251 18
251 19
251 21
251 29
251 67
251 71
251 153
251 160
251 182
251 185
251 198
251 205
251 217
251 221
251 257
251 331
251 332
251 341
251 385
251 391
251 393
251 408
251 414
251 416
251 453
251 461
251 470
251 485
252 36
252 55
252 73
252 128
252 175
252 182
252 236
252 306
252 318
252 433
253 32
253 65
253 103
253 129
253 175
253 231
253 237
253 241
253 277
253 281
253 337
253 343
253 346
253 352
253 425
253 467
253 470
254 7
254 16
254 24
254 47
254 54
254 94
254 98
254 100
254 111
254 113
254 114
254 152
254 162
254 176
254 201
254 202
254 210
254 214
254 226
254 250
254 261
254 294
254 305
254 314
254 319
254 322
254 326
254 336
254 353
254 370
254 380
254 398
254 421
254 423
254 461
255 91
255 121
255 149
255 153
255 203
255 226
255 236
255 337
255 404
255 466
256 21
256 137
256 185
256 335
256 370
256 417
256 484
256 493
256 498
257 8
257 36
257 43
257 47
257 122
257 140
257 153
257 171
257 192
257 205
257 215
257 251
257 263
257 267
257 277
257 295
257 332
257 341
257 353
257 356
257 368
257 400
257 471
258 3
258 127
258 346
258 377
258 409
258 461
259 5
259 25
259 235
259 277
259 323
259 416
259 432
260 68
260 136
260 150
260 314
260 350
260 400
261 11
261 73
261 84
261 107
261 162
261 185
261 204
261 241
261 254
261 267
261 321
261 353
261 386
261 420
261 449
261 462
262 55
262 170
262 231
262 269
262 428
262 447
263 1
263 63
263 103
263 125
263 158
263 170
263 241
263 257
263 331
263 367
263 374
263 434
263 435
264 15
264 24
264 79
264 107
264 110
264 122
264 126
264 142
264 183
264 195
264 199
264 231
264 287
264 308
264 321
264 332
264 369
264 382
264 389
264 391
264 393
264 399
264 409
264 466
264 485
265 4
265 9
265 20
265 26
265 31
265 36
265 47
265 64
265 68
265 70
265 72
265 92
265 112
265 126
265 127
265 129
265 165
265 176
265 191
265 202
265 208
265 230
265 243
265 247
265 283
265 288
265 299
265 300
265 302
265 309
265 314
265 320
265 330
265 333
265 347
265 349
265 351
265 355
265 356
265 384
265 386
265 387
265 388
265 440
265 459
265 473
265 483
265 490
266 7
266 47
266 54
266 64
266 72
266 79
266 93
266 107
266 126
266 127
266 166
266 191
266 213
266 226
266 282
266 321
266 338
266 341
266 356
266 398
266 473
267 6
267 61
267 64
267 75
267 118
267 120
267 151
267 186
267 187
267 201
267 219
267 221
267 246
267 257
267 261
267 305
267 321
267 374
267 375
267 377
267 392
267 407
267 417
267 449
267 470
267 486
267 491
268 68
268 80
268 84
268 100
268 111
268 125
268 197
268 298
268 328
268 395
269 16
269 17
269 24
269 25
269 34
269 39
269 40
269 65
269 73
269 83
269 111
269 115
269 116
269 126
269 142
269 143
269 147
269 148
269 156
269 179
269 205
269 207
269 211
269 213
269 215
269 231
269 232
269 247
269 262
269 277
269 281
269 286
269 300
269 305
269 311
269 312
269 334
269 388
269 391
269 398
269 410
269 417
269 420
269 434
269 461
269 466
269 470
269 487
269 499
270 87
270 181
270 186
270 224
270 302
270 330
270 354
270 398
270 441
270 449
271 58
271 66
271 75
271 79
271 84
271 110
271 115
271 123
271 196
271 204
271 208
271 240
271 305
271 321
271 322
271 380
271 408
271 416
271 426
271 435
271 461
271 495
272 61
272 122
272 131
272 136
272 150
272 235
272 280
272 370
272 428
273 3
273 27
273 35
273 47
273 54
273 58
273 82
273 103
273 111
273 119
273 131
273 166
273 171
273 204
273 220
273 243
273 282
273 293
273 356
273 359
273 398
273 400
273 405
273 444
273 449
273 478
273 485
274 16
274 18
274 27
274 39
274 75
274 81
274 105
274 131
274 170
274 204
274 210
274 222
274 239
274 304
274 324
274 326
274 346
274 384
274 386
274 408
274 410
274 411
274 427
274 446
274 483
275 6
275 14
275 16
275 22
275 36
275 41
275 45
275 51
275 70
275 72
275 75
275 103
275 126
275 134
275 141
275 173
275 179
275 191
275 217
275 231
275 245
275 279
275 315
275 323
275 330
275 358
275 379
275 381
275 385
275 390
275 404
275 429
275 453
275 469
275 470
276 64
276 90
276 127
276 143
276 189
276 358
276 374
276 384
277 1
277 3
277 29
277 38
277 76
277 79
277 80
277 112
277 147
277 161
277 173
277 183
277 186
277 190
277 201
277 215
277 219
277 245
277 247
277 253
277 257
277 259
277 269
277 295
277 300
277 305
277 321
277 322
277 330
277 333
277 335
277 347
277 349
277 364
277 380
277 392
277 408
277 436
277 439
277 447
277 456
277 461
277 471
277 478
277 480
278 14
278 18
278 39
278 48
278 62
278 68
278 93
278 98
278 107
278 109
278 110
278 127
278 128
278 136
278 150
278 152
278 161
278 168
278 178
278 195
278 203
278 205
278 240
278 247
278 318
278 349
278 354
278 364
278 374
278 393
278 397
278 405
278 413
278 432
278 442
278 443
278 453
278 459
278 461
278 467
278 471
278 473
278 484
278 486
278 488
279 33
279 38
279 95
279 144
279 216
279 243
279 275
279 318
279 469
280 27
280 29
280 33
280 36
280 60
280 68
280 72
280 96
280 120
280 136
280 147
280 150
280 161
280 176
280 197
280 217
280 218
280 227
280 243
280 272
280 286
280 309
280 315
280 332
280 336
280 341
280 345
280 354
280 365
280 386
280 442
280 445
280 467
280 481
281 6
281 9
281 36
281 40
281 41
281 42
281 48
281 55
281 72
281 80
281 89
281 98
281 104
281 113
281 150
281 155
281 158
281 171
281 213
281 219
281 253
281 269
281 285
281 295
281 300
281 305
281 309
281 314
281 341
281 348
281 352
281 364
281 414
281 429
281 434
281 435
281 439
281 456
281 465
281 471
281 478
281 496
281 498
282 3
282 4
282 10
282 43
282 47
282 50
282 54
282 63
282 65
282 66
282 77
282 107
282 126
282 131
282 136
282 166
282 173
282 195
282 213
282 224
282 226
282 247
282 250
282 266
282 273
282 323
282 341
282 345
282 355
282 393
282 394
282 413
282 420
282 433
282 442
282 462
282 473
282 478
282 484
282 488
282 499
283 12
283 25
283 36
283 85
283 92
283 96
283 103
283 155
283 163
283 165
283 166
283 176
283 223
283 246
283 265
283 294
283 312
283 314
283 321
283 355
283 356
283 369
283 459
283 467
283 473
284 4
284 10
284 133
284 205
284 316
284 318
284 339
284 370
284 381
284 446
284 472
284 484
285 98
285 204
285 208
285 281
285 302
285 404
286 65
286 136
286 220
286 236
286 237
286 269
286 280
286 338
286 346
286 408
286 423
286 470
286 473
287 7
287 35
287 41
287 49
287 264
287 330
287 379
287 393
287 401
287 402
287 405
287 441
288 33
288 191
288 265
288 325
288 473
288 481
289 110
289 131
289 197
289 411
289 451
289 482
290 18
290 39
290 85
290 108
290 206
290 314
290 386
290 446
291 23
291 29
291 35
291 110
291 112
291 137
291 170
291 175
291 243
291 318
291 320
291 480
292 48
292 58
292 122
292 161
292 404
292 437
292 441
293 4
293 5
293 82
293 105
293 175
293 273
293 320
293 370
293 383
294 6
294 37
294 47
294 57
294 75
294 83
294 122
294 137
294 241
294 254
294 283
294 299
294 302
294 306
294 343
294 389
294 405
294 460
294 461
294 462
294 467
295 7
295 25
295 30
295 34
295 35
295 42
295 43
295 51
295 54
295 55
295 69
295 86
295 115
295 116
295 126
295 134
295 136
295 139
295 142
295 157
295 159
295 160
295 176
295 179
295 186
295 209
295 212
295 216
295 250
295 257
295 277
295 281
295 305
295 374
295 405
295 406
295 417
295 434
295 445
295 470
295 486
295 499
296 29
296 51
296 53
296 107
296 110
296 137
296 343
296 374
296 468
296 480
296 484
296 496
297 21
297 24
297 87
297 94
297 112
297 179
297 206
297 310
297 339
297 393
297 398
297 429
297 480
298 54
298 201
298 268
298 321
298 343
298 398
298 498
299 61
299 116
299 118
299 159
299 217
299 265
299 294
299 351
299 364
299 365
299 420
299 470
300 26
300 27
300 35
300 36
300 41
300 46
300 80
300 83
300 98
300 107
300 110
300 113
300 147
300 158
300 171
300 185
300 231
300 237
300 265
300 269
300 277
300 281
300 321
300 322
300 364
300 420
300 429
300 434
300 436
300 451
300 455
300 456
300 463
300 471
300 473
300 475
300 480
300 496
300 498
301 29
301 44
301 150
301 159
301 235
301 335
301 404
301 415
301 434
301 478
302 20
302 22
302 27
302 29
302 42
302 66
302 68
302 73
302 74
302 111
302 126
302 137
302 164
302 177
302 182
302 189
302 196
302 197
302 215
302 247
302 265
302 270
302 285
302 294
302 306
302 321
302 343
302 346
302 349
302 370
302 389
302 416
302 423
302 428
302 443
302 455
302 460
302 461
302 467
302 468
303 40
303 85
303 128
303 187
303 196
303 207
303 236
303 318
303 370
303 398
303 491
304 9
304 68
304 94
304 113
304 274
304 342
304 343
304 349
305 1
305 6
305 19
305 40
305 41
305 51
305 75
305 84
305 85
305 122
305 142
305 171
305 183
305 191
305 254
305 267
305 269
305 271
305 277
305 281
305 295
305 314
305 321
305 351
305 372
305 374
305 410
305 435
305 449
305 456
305 464
305 468
305 489
305 499
306 13
306 51
306 63
306 84
306 137
306 155
306 196
306 213
306 237
306 252
306 294
306 302
306 309
306 339
306 499
307 42
307 153
307 201
307 207
307 403
307 416
307 499
308 20
308 34
308 54
308 70
308 87
308 124
308 181
308 264
308 386
308 434
308 436
308 480
309 24
309 32
309 33
309 39
309 40
309 41
309 48
309 50
309 72
309 115
309 133
309 148
309 154
309 172
309 199
309 265
309 280
309 281
309 306
309 371
309 399
309 405
309 413
309 429
309 463
310 3
310 13
310 111
310 125
310 169
310 185
310 197
310 297
310 316
310 415
310 427
310 483
311 69
311 213
311 231
311 236
311 269
311 391
311 420
311 473
311 492
312 64
312 67
312 80
312 85
312 179
312 269
312 283
312 374
312 420
312 487
312 497
313 31
313 132
313 165
313 349
313 467
313 471
314 3
314 9
314 13
314 20
314 27
314 28
314 35
314 64
314 73
314 84
314 92
314 110
314 123
314 129
314 165
314 179
314 192
314 215
314 218
314 220
314 254
314 260
314 265
314 281
314 283
314 290
314 305
314 324
314 353
314 355
314 356
314 357
314 362
314 387
314 393
314 398
314 434
314 436
314 451
314 459
314 462
314 465
314 473
314 481
314 486
314 490
315 45
315 83
315 136
315 144
315 150
315 161
315 189
315 205
315 275
315 280
315 386
315 434
315 441
315 445
315 460
316 13
316 26
316 35
316 47
316 49
316 55
316 84
316 94
316 95
316 106
316 111
316 147
316 150
316 170
316 196
316 197
316 284
316 310
316 326
316 445
316 456
316 467
316 483
316 491
317 61
317 185
317 241
317 326
317 337
317 346
317 359
317 376
317 411
317 417
317 441
317 451
317 466
317 478
318 3
318 19
318 35
318 37
318 39
318 55
318 65
318 85
318 116
318 144
318 170
318 183
318 192
318 195
318 204
318 221
318 236
318 238
318 242
318 243
318 250
318 252
318 278
318 279
318 284
318 291
318 303
318 320
318 321
318 330
318 336
318 337
318 338
318 341
318 348
318 383
318 386
318 416
318 437
318 441
318 446
318 485
318 486
318 491
318 498
319 21
319 72
319 83
319 102
319 108
319 159
319 254
319 405
320 41
320 150
320 171
320 265
320 291
320 293
320 318
320 330
320 386
320 404
320 435
320 443
320 445
321 6
321 15
321 34
321 79
321 83
321 90
321 122
321 126
321 141
321 142
321 171
321 179
321 247
321 250
321 261
321 264
321 266
321 267
321 271
321 277
321 283
321 298
321 300
321 302
321 305
321 318
321 359
321 433
321 434
321 474
321 485
322 19
322 25
322 38
322 65
322 98
322 126
322 136
322 142
322 155
322 182
322 204
322 207
322 212
322 220
322 224
322 235
322 237
322 238
322 254
322 271
322 277
322 300
322 346
322 352
322 353
322 362
322 402
322 424
322 425
322 435
322 437
322 445
322 448
322 452
322 456
322 464
323 38
323 42
323 51
323 67
323 116
323 150
323 166
323 207
323 228
323 250
323 259
323 275
323 282
323 332
323 333
323 343
323 352
323 360
323 374
323 389
323 395
323 420
324 175
324 237
324 250
324 274
324 314
324 356
324 392
324 473
325 16
325 26
325 63
325 81
325 87
325 120
325 209
325 288
325 391
325 405
325 443
325 450
325 453
325 466
325 467
325 470
325 487
326 2
326 9
326 12
326 61
326 62
326 91
326 99
326 109
326 115
326 150
326 160
326 176
326 182
326 185
326 186
326 201
326 202
326 209
326 233
326 244
326 247
326 250
326 254
326 274
326 316
326 317
326 331
326 337
326 351
326 356
326 364
326 384
326 404
326 411
326 415
326 444
326 457
326 459
326 487
326 499
327 54
327 121
327 128
327 224
327 227
327 339
327 351
327 352
327 382
327 446
328 35
328 80
328 108
328 177
328 268
328 431
329 29
329 42
329 72
329 93
329 170
329 218
329 220
329 232
329 243
329 386
329 492
330 21
330 42
330 51
330 61
330 72
330 89
330 100
330 103
330 112
330 126
330 147
330 151
330 160
330 161
330 179
330 185
330 195
330 197
330 199
330 208
330 231
330 237
330 241
330 244
330 248
330 265
330 270
330 275
330 277
330 287
330 318
330 320
330 346
330 385
330 391
330 393
330 398
330 399
330 404
330 407
330 421
330 429
330 458
330 467
330 469
330 472
330 473
330 477
330 494
331 21
331 37
331 63
331 87
331 93
331 162
331 173
331 186
331 205
331 225
331 236
331 247
331 251
331 263
331 326
331 364
331 399
331 416
331 418
331 435
331 436
331 451
331 485
331 499
332 4
332 6
332 24
332 37
332 38
332 51
332 64
332 72
332 80
332 107
332 142
332 150
332 160
332 165
332 173
332 243
332 250
332 251
332 257
332 264
332 280
332 323
332 333
332 335
332 341
332 388
332 398
332 400
332 411
332 415
332 434
332 459
332 461
332 467
332 479
332 491
333 12
333 34
333 58
333 62
333 84
333 102
333 142
333 150
333 196
333 220
333 245
333 265
333 277
333 323
333 332
333 350
333 393
333 425
333 450
333 478
333 483
334 10
334 13
334 25
334 54
334 102
334 127
334 159
334 269
334 343
334 367
334 420
334 432
334 455
334 470
335 201
335 256
335 277
335 301
335 332
335 339
335 388
335 411
336 27
336 32
336 99
336 106
336 173
336 208
336 254
336 280
336 318
336 407
336 469
337 9
337 13
337 57
337 61
337 111
337 136
337 157
337 159
337 162
337 183
337 185
337 192
337 214
337 253
337 255
337 317
337 318
337 326
337 351
337 353
337 364
337 378
337 411
337 423
337 434
337 450
337 457
338 18
338 29
338 31
338 58
338 82
338 127
338 136
338 148
338 150
338 198
338 207
338 213
338 216
338 266
338 286
338 318
338 342
338 347
338 364
338 458
338 461
338 478
338 498
338 499
339 4
339 10
339 23
339 26
339 30
339 31
339 40
339 44
339 59
339 70
339 71
339 80
339 96
339 115
339 127
339 162
339 175
339 179
339 181
339 184
339 187
339 205
339 214
339 284
339 297
339 306
339 327
339 335
339 370
339 392
339 420
339 461
339 462
339 473
340 94
340 98
340 115
340 191
340 200
340 360
340 455
341 3
341 6
341 12
341 27
341 47
341 54
341 63
341 65
341 68
341 72
341 73
341 75
341 77
341 96
341 98
341 107
341 119
341 122
341 131
341 166
341 195
341 207
341 213
341 220
341 231
341 235
341 251
341 257
341 266
341 280
341 281
341 282
341 318
341 332
341 345
341 346
341 373
341 392
341 393
341 420
341 431
341 432
341 435
341 441
341 446
341 458
341 477
342 36
342 52
342 61
342 142
342 170
342 176
342 182
342 185
342 200
342 208
342 215
342 216
342 236
342 304
342 338
342 349
342 369
342 394
342 434
342 455
342 467
343 13
343 22
343 42
343 58
343 65
343 68
343 70
343 97
343 137
343 147
343 162
343 173
343 175
343 186
343 192
343 195
343 215
343 245
343 253
343 294
343 296
343 298
343 302
343 304
343 323
343 334
343 346
343 389
343 411
343 460
343 466
344 73
344 85
344 98
344 148
344 170
344 173
344 179
344 348
344 393
344 438
344 450
345 8
345 103
345 122
345 136
345 142
345 150
345 161
345 175
345 177
345 199
345 212
345 250
345 280
345 282
345 341
345 346
345 360
345 370
345 386
345 445
345 456
345 458
345 473
346 5
346 19
346 29
346 47
346 53
346 54
346 65
346 73
346 74
346 79
346 97
346 162
346 170
346 180
346 207
346 208
346 215
346 220
346 223
346 237
346 253
346 258
346 274
346 286
346 302
346 317
346 322
346 330
346 341
346 343
346 345
346 352
346 353
346 370
346 402
346 404
346 409
346 413
346 424
346 425
346 443
346 470
346 478
346 480
347 16
347 21
347 76
347 121
347 160
347 265
347 277
347 338
347 380
347 406
347 429
348 29
348 55
348 57
348 70
348 72
348 87
348 99
348 111
348 130
348 159
348 163
348 281
348 318
348 344
348 364
348 405
348 447
348 478
348 480
349 3
349 4
349 6
349 9
349 25
349 29
349 74
349 86
349 122
349 142
349 151
349 156
349 157
349 179
349 191
349 193
349 207
349 250
349 265
349 277
349 278
349 302
349 304
349 313
349 342
349 380
349 392
349 404
349 429
349 435
349 461
349 484
349 499
350 24
350 139
350 151
350 192
350 260
350 333
350 393
350 396
350 458
350 461
351 35
351 61
351 103
351 118
351 125
351 185
351 191
351 243
351 265
351 299
351 305
351 326
351 327
351 337
351 354
351 411
351 445
351 457
351 471
351 489
351 492
352 24
352 47
352 68
352 71
352 76
352 79
352 124
352 131
352 182
352 183
352 186
352 192
352 212
352 215
352 220
352 227
352 237
352 253
352 281
352 322
352 323
352 327
352 346
352 353
352 373
352 386
352 435
352 445
352 452
352 477
353 19
353 39
353 45
353 58
353 112
353 118
353 122
353 125
353 145
353 220
353 237
353 254
353 257
353 261
353 314
353 322
353 337
353 346
353 352
353 398
353 425
353 434
353 453
353 488
354 19
354 39
354 67
354 94
354 103
354 196
354 270
354 278
354 280
354 351
354 374
354 376
354 381
354 420
354 467
355 136
355 142
355 144
355 165
355 197
355 265
355 282
355 283
355 314
355 376
355 384
355 435
355 465
355 473
356 12
356 14
356 25
356 34
356 51
356 62
356 64
356 67
356 73
356 75
356 92
356 94
356 111
356 122
356 129
356 164
356 165
356 175
356 202
356 213
356 215
356 236
356 243
356 257
356 265
356 266
356 273
356 283
356 314
356 324
356 326
356 394
356 436
356 451
356 459
356 473
356 490
356 493
357 68
357 136
357 137
357 139
357 155
357 249
357 314
357 366
357 398
357 428
357 433
358 21
358 107
358 275
358 276
358 369
358 441
358 450
358 473
359 23
359 47
359 54
359 273
359 317
359 321
359 378
359 418
359 423
359 440
360 9
360 72
360 122
360 216
360 231
360 323
360 340
360 345
360 388
360 435
360 461
360 480
361 29
361 89
361 125
361 127
361 140
361 144
361 185
361 235
361 448
362 92
362 106
362 107
362 130
362 220
362 237
362 314
362 322
362 468
362 490
363 182
363 247
363 393
363 420
363 434
363 452
363 470
363 485
364 6
364 18
364 21
364 33
364 36
364 37
364 38
364 82
364 142
364 151
364 153
364 162
364 166
364 174
364 176
364 186
364 205
364 217
364 225
364 230
364 234
364 277
364 278
364 281
364 299
364 300
364 326
364 331
364 337
364 338
364 348
364 367
364 392
364 393
364 394
364 413
364 416
364 417
364 432
364 436
364 441
364 453
364 456
364 460
364 491
364 493
364 498
365 2
365 4
365 36
365 47
365 96
365 115
365 119
365 173
365 179
365 204
365 207
365 236
365 280
365 299
365 386
365 388
365 395
365 454
365 467
365 493
366 1
366 29
366 58
366 148
366 150
366 223
366 237
366 357
366 389
366 464
367 36
367 70
367 157
367 160
367 179
367 207
367 220
367 263
367 334
367 364
367 409
367 427
367 468
368 26
368 43
368 208
368 257
368 441
368 478
369 6
369 13
369 117
369 127
369 128
369 134
369 137
369 142
369 173
369 191
369 204
369 208
369 236
369 264
369 283
369 342
369 358
369 376
369 447
369 460
369 470
369 472
370 4
370 10
370 23
370 28
370 31
370 36
370 57
370 59
370 75
370 138
370 144
370 150
370 163
370 165
370 175
370 184
370 191
370 219
370 222
370 225
370 254
370 256
370 272
370 284
370 293
370 302
370 303
370 339
370 345
370 346
370 384
370 388
370 397
370 413
370 427
370 437
370 447
370 453
370 462
370 463
370 483
370 485
371 33
371 64
371 120
371 138
371 147
371 175
371 188
371 309
371 491
372 29
372 32
372 73
372 75
372 102
372 140
372 158
372 159
372 213
372 222
372 305
372 386
372 419
372 434
373 4
373 99
373 164
373 193
373 220
373 237
373 341
373 352
373 374
373 409
373 425
373 444
373 484
374 8
374 12
374 31
374 35
374 58
374 67
374 100
374 110
374 144
374 146
374 152
374 155
374 159
374 160
374 161
374 165
374 173
374 182
374 184
374 193
374 195
374 204
374 213
374 222
374 231
374 237
374 239
374 249
374 263
374 267
374 276
374 278
374 295
374 296
374 305
374 312
374 323
374 354
374 373
374 413
374 416
374 420
374 432
374 436
374 447
374 449
374 459
374 467
374 484
374 488
375 118
375 138
375 267
375 376
375 385
375 398
375 449
375 453
375 456
376 36
376 93
376 105
376 138
376 173
376 176
376 177
376 204
376 211
376 317
376 354
376 355
376 369
376 375
376 458
376 494
377 56
377 99
377 118
377 233
377 258
377 267
377 380
378 80
378 94
378 173
378 176
378 191
378 337
378 359
378 385
378 436
378 487
379 28
379 158
379 160
379 162
379 165
379 176
379 183
379 186
379 191
379 275
379 287
379 411
379 421
379 428
379 429
379 441
379 464
379 468
379 473
379 474
379 480
379 488
379 490
379 499
380 12
380 26
380 27
380 35
380 170
380 186
380 205
380 207
380 237
380 243
380 254
380 271
380 277
380 347
380 349
380 377
380 478
380 480
380 484
381 207
381 275
381 284
381 354
381 471
381 478
382 98
382 138
382 230
382 264
382 327
382 387
383 44
383 213
383 293
383 318
383 455
383 460
384 7
384 18
384 27
384 34
384 36
384 39
384 70
384 84
384 94
384 119
384 122
384 165
384 186
384 197
384 210
384 245
384 265
384 274
384 276
384 326
384 355
384 370
384 393
384 395
384 398
384 425
384 427
384 446
384 471
384 473
384 500
385 98
385 101
385 102
385 126
385 127
385 170
385 171
385 201
385 216
385 220
385 251
385 275
385 330
385 375
385 378
385 420
385 441
385 445
385 453
385 461
385 468
385 471
386 4
386 12
386 38
386 60
386 80
386 94
386 110
386 114
386 117
386 130
386 136
386 150
386 159
386 161
386 188
386 196
386 200
386 209
386 213
386 214
386 218
386 222
386 227
386 237
386 241
386 261
386 265
386 274
386 280
386 290
386 308
386 315
386 318
386 320
386 329
386 345
386 352
386 365
386 372
386 405
386 425
386 432
386 445
386 459
386 470
386 473
386 482
387 56
387 120
387 178
387 232
387 265
387 314
387 382
388 39
388 105
388 119
388 134
388 173
388 191
388 198
388 204
388 208
388 215
388 236
388 246
388 265
388 269
388 332
388 335
388 360
388 365
388 370
388 398
388 403
388 408
388 410
388 425
388 468
388 484
388 499
389 8
389 44
389 57
389 95
389 137
389 144
389 156
389 159
389 176
389 215
389 241
389 250
389 264
389 294
389 302
389 323
389 343
389 366
389 401
389 408
389 416
389 443
389 473
389 494
390 44
390 57
390 126
390 197
390 275
390 408
390 415
390 440
391 10
391 25
391 58
391 60
391 73
391 144
391 149
391 150
391 173
391 179
391 247
391 251
391 264
391 269
391 311
391 325
391 330
391 420
391 423
391 452
391 453
391 470
391 496
392 2
392 63
392 87
392 93
392 106
392 113
392 118
392 246
392 267
392 277
392 324
392 339
392 341
392 349
392 364
392 449
392 462
392 486
392 488
393 21
393 96
393 102
393 142
393 151
393 153
393 155
393 191
393 192
393 220
393 236
393 237
393 241
393 251
393 264
393 278
393 282
393 287
393 297
393 314
393 330
393 333
393 341
393 344
393 350
393 363
393 364
393 384
393 404
393 406
393 408
393 410
393 425
393 436
393 443
393 448
393 453
393 461
393 470
394 35
394 282
394 342
394 356
394 364
394 478
395 18
395 99
395 200
395 233
395 268
395 323
395 365
395 384
395 440
395 446
396 68
396 147
396 184
396 220
396 350
396 498
397 54
397 107
397 278
397 370
397 435
397 450
397 473
398 7
398 10
398 47
398 62
398 65
398 75
398 79
398 102
398 119
398 137
398 139
398 151
398 152
398 153
398 171
398 198
398 199
398 204
398 222
398 224
398 241
398 254
398 266
398 269
398 270
398 273
398 297
398 298
398 303
398 314
398 330
398 332
398 353
398 357
398 375
398 384
398 388
398 413
398 418
398 420
398 427
398 428
398 462
398 467
398 471
398 483
398 488
398 495
398 498
399 7
399 26
399 35
399 36
399 101
399 129
399 142
399 195
399 264
399 309
399 330
399 331
399 473
400 3
400 47
400 75
400 84
400 117
400 141
400 166
400 184
400 205
400 213
400 257
400 260
400 273
400 332
400 450
400 464
400 467
401 46
401 61
401 90
401 137
401 208
401 215
401 287
401 389
401 420
401 421
402 42
402 65
402 95
402 159
402 200
402 201
402 220
402 287
402 322
402 346
402 450
402 453
402 474
403 26
403 103
403 136
403 156
403 182
403 307
403 388
403 415
404 7
404 24
404 26
404 40
404 41
404 42
404 54
404 73
404 93
404 111
404 134
404 147
404 159
404 186
404 208
404 240
404 242
404 255
404 275
404 285
404 292
404 301
404 320
404 326
404 330
404 346
404 349
404 393
404 435
404 470
404 485
404 498
405 1
405 26
405 42
405 44
405 57
405 68
405 87
405 104
405 105
405 122
405 237
405 250
405 273
405 278
405 287
405 294
405 295
405 309
405 319
405 325
405 348
405 386
405 409
405 435
405 436
405 458
405 477
405 480
405 483
405 484
406 199
406 295
406 347
406 393
406 446
406 478
407 21
407 57
407 61
407 63
407 103
407 200
407 215
407 267
407 330
407 336
407 441
408 13
408 19
408 20
408 21
408 38
408 82
408 92
408 102
408 109
408 142
408 160
408 168
408 192
408 205
408 213
408 215
408 236
408 237
408 251
408 271
408 274
408 277
408 286
408 388
408 389
408 390
408 393
408 417
408 418
408 436
408 461
408 463
409 26
409 27
409 76
409 85
409 105
409 127
409 174
409 204
409 208
409 213
409 231
409 258
409 264
409 346
409 367
409 373
409 405
409 465
409 473
410 21
410 75
410 153
410 160
410 162
410 173
410 191
410 194
410 220
410 241
410 269
410 274
410 305
410 388
410 393
410 417
410 436
410 461
410 471
410 480
410 497
411 1
411 7
411 9
411 13
411 47
411 56
411 61
411 62
411 64
411 70
411 76
411 91
411 99
411 103
411 115
411 134
411 161
411 185
411 186
411 193
411 199
411 207
411 208
411 209
411 237
411 246
411 274
411 289
411 317
411 326
411 332
411 335
411 337
411 343
411 351
411 379
411 415
411 417
411 428
411 444
411 449
411 457
411 458
411 464
411 476
411 488
411 489
412 10
412 135
412 192
412 442
412 450
412 466
413 14
413 29
413 33
413 36
413 46
413 54
413 58
413 66
413 67
413 75
413 93
413 100
413 104
413 107
413 108
413 110
413 116
413 131
413 147
413 162
413 176
413 178
413 192
413 195
413 199
413 200
413 212
413 278
413 282
413 309
413 346
413 364
413 370
413 374
413 398
413 424
413 436
413 442
413 447
413 458
413 462
413 467
413 478
413 480
413 484
413 488
413 499
414 6
414 40
414 62
414 73
414 173
414 201
414 251
414 281
414 420
415 61
415 92
415 115
415 126
415 185
415 231
415 301
415 310
415 326
415 332
415 390
415 403
415 411
415 433
416 25
416 68
416 97
416 137
416 142
416 215
416 218
416 228
416 251
416 259
416 271
416 302
416 307
416 318
416 331
416 364
416 374
416 389
416 431
416 441
416 450
416 458
416 460
416 470
416 471
416 473
417 1
417 21
417 39
417 54
417 61
417 75
417 192
417 193
417 205
417 208
417 243
417 256
417 267
417 269
417 295
417 317
417 364
417 408
417 410
417 411
417 420
417 487
417 499
418 51
418 128
418 170
418 214
418 233
418 331
418 359
418 398
418 408
419 3
419 52
419 64
419 147
419 250
419 372
419 477
420 25
420 34
420 35
420 72
420 73
420 78
420 79
420 103
420 107
420 118
420 143
420 147
420 153
420 155
420 179
420 191
420 208
420 225
420 247
420 261
420 269
420 282
420 299
420 300
420 311
420 312
420 323
420 334
420 339
420 341
420 354
420 363
420 374
420 385
420 391
420 398
420 401
420 414
420 417
420 429
420 460
420 462
420 478
420 487
420 496
421 15
421 20
421 32
421 66
421 103
421 105
421 107
421 131
421 144
421 166
421 210
421 254
421 330
421 379
421 401
421 442
421 460
421 468
421 478
421 499
422 33
422 39
422 210
422 229
422 424
422 493
423 74
423 83
423 142
423 247
423 254
423 286
423 302
423 337
423 359
423 391
423 435
423 461
423 478
423 485
423 488
424 19
424 39
424 165
424 166
424 199
424 220
424 322
424 346
424 413
424 422
424 447
425 16
425 19
425 39
425 42
425 43
425 57
425 58
425 65
425 79
425 84
425 98
425 126
425 131
425 186
425 214
425 237
425 241
425 253
425 322
425 333
425 346
425 353
425 373
425 384
425 386
425 388
425 393
425 426
425 480
425 481
426 144
426 202
426 271
426 425
426 461
426 489
427 10
427 15
427 18
427 39
427 74
427 80
427 135
427 210
427 247
427 274
427 310
427 367
427 370
427 384
427 398
428 7
428 47
428 56
428 62
428 75
428 95
428 98
428 102
428 112
428 136
428 148
428 149
428 174
428 176
428 244
428 262
428 272
428 302
428 357
428 379
428 398
428 411
428 433
428 491
429 36
429 44
429 51
429 55
429 60
429 80
429 93
429 142
429 155
429 158
429 166
429 171
429 174
429 182
429 191
429 196
429 212
429 224
429 231
429 275
429 281
429 297
429 300
429 309
429 330
429 347
429 349
429 379
429 420
429 454
429 456
429 467
429 471
429 473
429 484
429 490
429 493
429 496
429 497
430 16
430 39
430 43
430 150
430 213
430 450
430 458
430 461
430 466
431 54
431 163
431 328
431 341
431 416
431 483
432 6
432 19
432 27
432 41
432 63
432 67
432 93
432 112
432 130
432 161
432 173
432 175
432 178
432 185
432 197
432 222
432 236
432 259
432 278
432 334
432 341
432 364
432 374
432 386
432 442
432 462
432 467
433 25
433 27
433 58
433 126
433 144
433 176
433 212
433 236
433 252
433 282
433 321
433 357
433 415
433 428
434 11
434 20
434 38
434 39
434 74
434 75
434 110
434 117
434 122
434 142
434 162
434 186
434 201
434 209
434 247
434 263
434 269
434 281
434 295
434 300
434 301
434 308
434 314
434 315
434 321
434 332
434 337
434 342
434 353
434 363
434 372
434 435
434 450
434 461
434 462
435 7
435 18
435 20
435 25
435 29
435 38
435 42
435 48
435 58
435 81
435 107
435 115
435 147
435 157
435 176
435 180
435 188
435 195
435 199
435 207
435 208
435 216
435 231
435 243
435 263
435 271
435 281
435 305
435 320
435 322
435 331
435 341
435 349
435 352
435 355
435 360
435 397
435 404
435 405
435 423
435 434
435 445
435 458
435 462
435 467
435 468
435 470
435 480
435 499
436 15
436 27
436 37
436 53
436 60
436 61
436 78
436 96
436 152
436 153
436 173
436 195
436 204
436 205
436 208
436 240
436 277
436 300
436 308
436 314
436 331
436 356
436 364
436 374
436 378
436 393
436 405
436 408
436 410
436 413
436 441
436 443
436 453
436 498
437 35
437 46
437 93
437 144
437 148
437 163
437 170
437 178
437 191
437 192
437 243
437 292
437 318
437 322
437 370
437 450
437 462
437 487
438 12
438 104
438 136
438 172
438 224
438 344
438 494
439 30
439 203
439 250
439 277
439 281
439 442
439 497
440 135
440 159
440 225
440 265
440 359
440 390
440 395
440 473
441 6
441 7
441 15
441 21
441 26
441 29
441 33
441 40
441 47
441 54
441 83
441 98
441 103
441 119
441 125
441 126
441 127
441 133
441 134
441 136
441 150
441 165
441 166
441 170
441 176
441 179
441 182
441 190
441 241
441 245
441 270
441 287
441 292
441 315
441 317
441 318
441 341
441 358
441 364
441 368
441 379
441 385
441 407
441 416
441 436
441 445
441 474
441 475
441 485
442 18
442 63
442 66
442 87
442 106
442 152
442 197
442 202
442 222
442 242
442 278
442 280
442 282
442 412
442 413
442 421
442 432
442 439
442 467
443 1
443 11
443 16
443 33
443 42
443 57
443 69
443 126
443 144
443 149
443 220
443 278
443 302
443 320
443 325
443 346
443 389
443 393
443 436
443 450
443 466
443 468
444 185
444 273
444 326
444 373
444 411
444 445
445 36
445 40
445 60
445 80
445 103
445 108
445 133
445 136
445 150
445 161
445 162
445 171
445 194
445 200
445 206
445 210
445 250
445 280
445 295
445 315
445 316
445 320
445 322
445 345
445 351
445 352
445 385
445 386
445 435
445 441
445 444
445 450
445 452
445 455
445 458
445 461
445 462
445 482
445 488
445 491
446 18
446 39
446 75
446 119
446 138
446 162
446 171
446 200
446 204
446 210
446 246
446 274
446 284
446 290
446 318
446 327
446 341
446 384
446 395
446 406
446 449
446 461
446 476
446 484
447 44
447 55
447 57
447 74
447 98
447 106
447 110
447 134
447 190
447 191
447 193
447 195
447 215
447 222
447 262
447 277
447 348
447 369
447 370
447 374
447 413
447 424
447 467
447 477
447 484
447 488
447 499
448 47
448 136
448 158
448 322
448 361
448 393
448 453
449 31
449 36
449 89
449 118
449 159
449 193
449 221
449 261
449 267
449 270
449 273
449 305
449 374
449 375
449 392
449 411
449 446
449 478
450 1
450 6
450 16
450 39
450 49
450 61
450 76
450 120
450 149
450 162
450 201
450 207
450 214
450 226
450 325
450 333
450 337
450 344
450 358
450 397
450 400
450 402
450 412
450 416
450 430
450 434
450 437
450 443
450 445
450 462
450 466
450 470
450 477
451 29
451 105
451 117
451 165
451 182
451 184
451 207
451 236
451 289
451 300
451 314
451 317
451 331
451 356
451 462
451 473
452 27
452 39
452 105
452 119
452 203
452 204
452 223
452 322
452 352
452 363
452 391
452 445
452 487
453 12
453 13
453 41
453 54
453 55
453 58
453 60
453 78
453 103
453 122
453 140
453 150
453 153
453 160
453 185
453 198
453 205
453 220
453 225
453 230
453 251
453 275
453 278
453 325
453 353
453 364
453 370
453 375
453 385
453 391
453 393
453 402
453 436
453 448
453 456
453 471
454 84
454 112
454 152
454 176
454 191
454 224
454 365
454 429
454 486
455 46
455 47
455 72
455 73
455 119
455 142
455 151
455 168
455 173
455 182
455 199
455 222
455 228
455 244
455 300
455 302
455 334
455 340
455 342
455 383
455 445
455 466
455 487
455 496
455 500
456 18
456 36
456 62
456 65
456 110
456 277
456 281
456 300
456 305
456 316
456 322
456 345
456 364
456 375
456 429
456 453
456 471
456 494
456 496
457 2
457 61
457 111
457 133
457 144
457 152
457 153
457 185
457 205
457 326
457 337
457 351
457 411
457 474
457 487
458 7
458 27
458 39
458 42
458 47
458 55
458 57
458 58
458 72
458 76
458 102
458 126
458 136
458 147
458 182
458 186
458 236
458 330
458 338
458 341
458 345
458 350
458 376
458 405
458 411
458 413
458 416
458 430
458 435
458 445
458 474
458 485
458 498
459 61
459 64
459 80
459 150
459 158
459 171
459 197
459 236
459 265
459 278
459 283
459 314
459 326
459 332
459 356
459 374
459 386
459 467
459 471
459 473
459 492
460 57
460 61
460 75
460 85
460 137
460 177
460 196
460 200
460 204
460 215
460 294
460 302
460 315
460 343
460 364
460 369
460 383
460 416
460 420
460 421
460 462
460 498
461 26
461 29
461 47
461 101
461 102
461 103
461 127
461 137
461 139
461 208
461 211
461 250
461 251
461 254
461 258
461 269
461 271
461 277
461 278
461 294
461 302
461 332
461 338
461 339
461 349
461 350
461 360
461 385
461 393
461 408
461 410
461 423
461 426
461 430
461 434
461 445
461 446
461 473
461 478
461 499
462 13
462 29
462 35
462 62
462 68
462 73
462 75
462 83
462 109
462 118
462 129
462 152
462 153
462 159
462 162
462 170
462 176
462 198
462 202
462 206
462 207
462 215
462 222
462 224
462 241
462 261
462 282
462 294
462 314
462 339
462 370
462 392
462 398
462 413
462 420
462 432
462 434
462 435
462 437
462 445
462 450
462 451
462 460
463 32
463 33
463 40
463 92
463 166
463 184
463 205
463 223
463 237
463 300
463 309
463 370
463 408
463 480
463 485
463 489
464 6
464 52
464 57
464 131
464 233
464 305
464 322
464 366
464 379
464 400
464 411
464 478
465 148
465 167
465 281
465 314
465 355
465 409
466 9
466 15
466 67
466 69
466 91
466 107
466 153
466 155
466 158
466 165
466 175
466 191
466 192
466 204
466 226
466 255
466 264
466 269
466 317
466 325
466 343
466 412
466 430
466 443
466 450
466 455
466 498
467 14
467 19
467 36
467 40
467 67
467 83
467 93
467 116
467 140
467 146
467 147
467 156
467 170
467 179
467 181
467 189
467 195
467 218
467 222
467 233
467 234
467 243
467 253
467 278
467 280
467 283
467 294
467 302
467 313
467 316
467 325
467 330
467 332
467 342
467 354
467 365
467 374
467 398
467 400
467 413
467 429
467 432
467 435
467 442
467 447
467 459
467 473
468 38
468 72
468 80
468 89
468 103
468 109
468 142
468 157
468 182
468 188
468 199
468 296
468 302
468 305
468 362
468 367
468 379
468 385
468 388
468 421
468 435
468 443
469 84
469 103
469 133
469 140
469 144
469 162
469 199
469 213
469 275
469 279
469 330
469 336
469 471
469 480
470 7
470 25
470 34
470 45
470 57
470 65
470 74
470 93
470 115
470 133
470 137
470 143
470 146
470 149
470 159
470 174
470 179
470 204
470 207
470 208
470 217
470 228
470 237
470 245
470 247
470 251
470 253
470 267
470 269
470 275
470 286
470 295
470 299
470 325
470 334
470 346
470 363
470 369
470 386
470 391
470 393
470 404
470 416
470 435
470 450
470 487
471 12
471 13
471 18
471 29
471 34
471 36
471 41
471 55
471 67
471 76
471 79
471 80
471 98
471 107
471 113
471 152
471 158
471 166
471 167
471 171
471 173
471 213
471 215
471 219
471 236
471 243
471 250
471 257
471 277
471 278
471 281
471 300
471 313
471 351
471 381
471 384
471 385
471 398
471 410
471 416
471 429
471 453
471 456
471 459
471 469
471 474
471 488
471 496
471 497
472 6
472 198
472 218
472 243
472 284
472 330
472 369
473 36
473 47
473 64
473 69
473 70
473 92
473 125
473 129
473 136
473 165
473 166
473 175
473 196
473 215
473 228
473 236
473 250
473 265
473 266
473 278
473 282
473 283
473 286
473 288
473 300
473 311
473 314
473 324
473 330
473 339
473 345
473 355
473 356
473 358
473 379
473 384
473 386
473 389
473 397
473 399
473 409
473 416
473 429
473 440
473 451
473 459
473 461
473 467
473 490
473 496
474 25
474 26
474 122
474 141
474 148
474 150
474 175
474 176
474 195
474 219
474 321
474 379
474 402
474 441
474 457
474 458
474 471
474 477
474 491
475 26
475 67
475 91
475 192
475 216
475 300
475 441
475 499
476 7
476 23
476 201
476 411
476 446
476 489
477 31
477 50
477 93
477 125
477 134
477 166
477 250
477 330
477 341
477 352
477 405
477 419
477 447
477 450
477 474
478 10
478 11
478 18
478 21
478 26
478 36
478 51
478 84
478 87
478 98
478 103
478 112
478 114
478 122
478 127
478 137
478 147
478 150
478 155
478 162
478 186
478 207
478 216
478 250
478 273
478 277
478 281
478 282
478 301
478 317
478 333
478 338
478 346
478 348
478 368
478 380
478 381
478 394
478 406
478 413
478 420
478 421
478 423
478 449
478 461
478 464
478 499
479 143
479 158
479 163
479 170
479 186
479 332
479 483
480 29
480 36
480 39
480 42
480 44
480 81
480 89
480 141
480 142
480 205
480 207
480 213
480 221
480 223
480 246
480 250
480 277
480 291
480 296
480 297
480 300
480 308
480 346
480 348
480 360
480 379
480 380
480 405
480 410
480 413
480 425
480 435
480 463
480 469
481 88
481 136
481 201
481 280
481 288
481 314
481 425
481 495
482 3
482 191
482 228
482 289
482 386
482 445
483 2
483 6
483 13
483 16
483 26
483 45
483 47
483 56
483 69
483 84
483 94
483 98
483 102
483 111
483 143
483 160
483 180
483 197
483 201
483 204
483 214
483 220
483 224
483 239
483 243
483 265
483 274
483 310
483 316
483 333
483 370
483 398
483 405
483 431
483 479
484 6
484 19
484 40
484 67
484 84
484 85
484 90
484 92
484 93
484 100
484 107
484 110
484 145
484 150
484 222
484 226
484 229
484 231
484 240
484 243
484 256
484 278
484 282
484 284
484 296
484 349
484 373
484 374
484 380
484 388
484 405
484 413
484 429
484 446
484 447
485 1
485 20
485 21
485 36
485 58
485 74
485 87
485 110
485 147
485 157
485 192
485 224
485 251
485 264
485 273
485 318
485 321
485 331
485 363
485 370
485 404
485 423
485 441
485 458
485 463
486 32
486 129
486 207
486 226
486 233
486 246
486 267
486 278
486 295
486 314
486 318
486 392
486 454
487 25
487 34
487 43
487 51
487 86
487 87
487 116
487 121
487 139
487 159
487 179
487 195
487 203
487 235
487 269
487 312
487 325
487 326
487 378
487 417
487 420
487 437
487 452
487 455
487 457
487 470
488 4
488 59
488 110
488 278
488 282
488 353
488 374
488 379
488 392
488 398
488 411
488 413
488 423
488 445
488 447
488 471
489 213
489 305
489 351
489 411
489 426
489 463
489 476
490 30
490 79
490 166
490 222
490 247
490 265
490 314
490 356
490 362
490 379
490 429
490 473
491 4
491 25
491 35
491 47
491 61
491 65
491 85
491 144
491 170
491 176
491 188
491 189
491 190
491 213
491 216
491 242
491 243
491 267
491 303
491 316
491 318
491 332
491 364
491 371
491 428
491 445
491 474
492 84
492 111
492 143
492 197
492 311
492 329
492 351
492 459
493 105
493 220
493 246
493 256
493 356
493 364
493 365
493 422
493 429
494 149
494 330
494 376
494 389
494 438
494 456
494 499
495 50
495 75
495 137
495 236
495 271
495 398
495 481
495 500
496 36
496 42
496 49
496 55
496 78
496 87
496 111
496 115
496 127
496 171
496 179
496 194
496 202
496 205
496 208
496 221
496 238
496 281
496 296
496 300
496 391
496 420
496 429
496 455
496 456
496 471
496 473
497 56
497 123
497 171
497 200
497 312
497 410
497 429
497 439
497 471
498 7
498 48
498 70
498 100
498 110
498 111
498 112
498 137
498 166
498 170
498 208
498 250
498 256
498 281
498 298
498 300
498 318
498 338
498 364
498 396
498 398
498 404
498 436
498 458
498 460
498 466
499 18
499 51
499 68
499 74
499 79
499 110
499 166
499 168
499 178
499 216
499 269
499 282
499 295
499 305
499 306
499 307
499 326
499 331
499 338
499 349
499 379
499 388
499 413
499 417
499 421
499 435
499 447
499 461
499 475
499 478
499 494
500 5
500 34
500 35
500 39
500 174
500 210
500 384
500 455
500 495
