1 40
1 58
1 97
1 124
1 164
1 202
1 295
1 300
1 306
1 386
1 421
1 468
2 13
2 38
2 44
2 60
2 69
2 74
2 92
2 126
2 132
2 139
2 153
2 168
2 200
2 209
2 214
2 215
2 249
2 253
2 258
2 263
2 274
2 291
2 326
2 358
2 380
2 399
2 441
2 467
2 476
2 477
2 485
2 489
3 40
3 202
3 238
3 257
3 300
3 306
4 64
4 89
4 120
4 134
4 137
4 158
4 170
4 184
4 217
4 220
4 246
4 253
4 311
4 330
4 364
4 390
4 469
4 497
5 42
5 46
5 88
5 94
5 113
5 229
5 303
5 367
5 435
5 447
6 29
6 52
6 115
6 128
6 172
6 205
6 236
6 293
6 500
7 78
7 98
7 159
7 207
7 223
7 224
7 250
7 292
7 294
7 307
7 310
7 356
7 442
8 12
8 22
8 30
8 56
8 72
8 74
8 91
8 102
8 103
8 111
8 166
8 178
8 193
8 196
8 198
8 203
8 210
8 221
8 228
8 230
8 273
8 292
8 295
8 296
8 316
8 317
8 338
8 340
8 350
8 363
8 369
8 371
8 380
8 392
8 437
8 444
8 452
8 463
8 464
8 474
8 484
8 487
9 17
9 66
9 131
9 142
9 151
9 156
9 157
9 161
9 248
9 253
9 315
9 352
9 366
9 382
9 396
9 453
9 494
10 159
10 173
10 223
10 292
10 307
10 310
10 442
11 31
11 43
11 75
11 76
11 84
11 116
11 118
11 124
11 140
11 183
11 199
11 213
11 225
11 261
11 265
11 286
11 298
11 320
11 335
11 339
11 341
11 351
11 361
11 370
11 397
11 398
11 431
11 441
11 452
11 458
11 459
11 466
11 471
11 490
12 8
12 56
12 64
12 66
12 72
12 82
12 99
12 101
12 102
12 103
12 111
12 134
12 166
12 170
12 178
12 193
12 196
12 203
12 210
12 221
12 228
12 230
12 246
12 273
12 278
12 296
12 316
12 317
12 330
12 338
12 340
12 349
12 363
12 369
12 371
12 380
12 392
12 414
12 435
12 437
12 444
12 452
12 463
12 464
12 472
12 474
12 487
13 2
13 44
13 60
13 69
13 74
13 143
13 153
13 168
13 200
13 214
13 249
13 258
13 263
13 274
13 312
13 358
13 399
13 477
13 485
13 489
14 87
14 89
14 134
14 137
14 158
14 162
14 184
14 217
14 220
14 253
14 261
14 364
14 469
14 497
15 17
15 66
15 131
15 142
15 151
15 156
15 157
15 160
15 161
15 170
15 248
15 315
15 350
15 352
15 366
15 382
15 389
15 396
15 432
15 453
15 483
16 159
16 173
16 223
16 250
16 294
16 307
16 310
16 356
17 9
17 15
17 28
17 50
17 66
17 119
17 131
17 136
17 141
17 142
17 146
17 151
17 154
17 156
17 157
17 161
17 211
17 219
17 230
17 239
17 240
17 248
17 262
17 275
17 279
17 301
17 315
17 329
17 350
17 352
17 366
17 382
17 384
17 389
17 396
17 418
17 432
17 453
17 457
17 483
17 496
18 54
18 67
18 100
18 121
18 150
18 167
18 174
18 212
18 230
18 235
18 276
18 360
18 405
18 420
18 443
18 454
19 64
19 87
19 89
19 120
19 134
19 137
19 162
19 170
19 217
19 220
19 222
19 246
19 253
19 261
19 312
19 330
19 364
19 390
19 469
19 494
19 497
20 159
20 173
20 292
20 307
20 310
20 356
21 90
21 152
21 268
21 333
21 336
21 348
21 478
21 498
22 8
22 88
22 94
22 194
22 252
22 367
22 400
22 430
22 435
22 445
23 47
23 55
23 58
23 96
23 108
23 109
23 149
23 179
23 180
23 186
23 188
23 202
23 216
23 226
23 232
23 289
23 319
23 323
23 351
23 365
23 375
23 385
23 392
23 413
23 449
23 492
24 159
24 223
24 250
24 292
24 307
24 310
24 356
24 442
25 87
25 146
25 155
25 227
25 271
25 318
25 328
25 372
26 64
26 87
26 89
26 120
26 134
26 137
26 141
26 158
26 162
26 170
26 184
26 190
26 217
26 220
26 222
26 246
26 253
26 261
26 311
26 312
26 330
26 364
26 390
26 422
26 469
26 494
26 497
27 33
27 42
27 62
27 73
27 80
27 95
27 99
27 110
27 123
27 143
27 169
27 195
27 205
27 251
27 255
27 308
27 309
27 334
27 342
27 377
27 404
27 434
27 441
27 491
28 17
28 66
28 114
28 151
28 156
28 157
28 161
28 248
28 315
28 366
28 382
28 389
28 396
28 407
28 453
29 6
29 52
29 106
29 107
29 115
29 128
29 130
29 162
29 172
29 196
29 208
29 236
29 242
29 265
29 269
29 270
29 277
29 279
29 293
29 304
29 324
29 359
29 411
29 465
29 470
29 493
29 500
30 8
30 56
30 64
30 87
30 89
30 120
30 134
30 137
30 151
30 158
30 162
30 170
30 184
30 203
30 217
30 220
30 222
30 246
30 253
30 261
30 296
30 311
30 312
30 330
30 352
30 364
30 383
30 390
30 403
30 408
30 409
30 422
30 469
30 494
30 497
31 11
31 38
31 43
31 75
31 76
31 140
31 199
31 213
31 265
31 298
31 339
31 351
31 459
31 466
31 471
32 64
32 87
32 89
32 120
32 134
32 137
32 162
32 170
32 184
32 217
32 220
32 222
32 312
32 364
32 390
32 469
32 494
33 27
33 42
33 62
33 99
33 143
33 195
33 309
33 334
33 342
33 350
33 420
34 64
34 87
34 89
34 120
34 134
34 137
34 158
34 162
34 170
34 184
34 217
34 220
34 222
34 246
34 253
34 261
34 311
34 312
34 330
34 364
34 390
34 469
34 494
34 497
35 36
35 90
35 145
35 152
35 268
35 298
35 333
35 478
36 35
36 48
36 70
36 86
36 90
36 145
36 152
36 175
36 256
36 268
36 280
36 313
36 333
36 336
36 345
36 374
36 375
36 455
36 460
36 478
36 498
37 62
37 73
37 99
37 117
37 138
37 143
37 334
37 386
38 2
38 31
38 44
38 60
38 69
38 74
38 126
38 153
38 183
38 200
38 214
38 258
38 274
38 358
38 477
38 485
38 489
39 104
39 133
39 146
39 155
39 227
39 271
39 318
39 328
39 360
39 372
39 387
39 407
39 425
40 1
40 3
40 57
40 85
40 91
40 97
40 102
40 124
40 159
40 164
40 176
40 181
40 190
40 197
40 202
40 206
40 237
40 238
40 244
40 245
40 257
40 295
40 300
40 304
40 305
40 306
40 308
40 353
40 373
40 386
40 394
40 407
40 421
40 450
40 462
40 468
40 473
41 51
41 148
41 160
41 224
41 401
41 451
42 5
42 27
42 33
42 62
42 73
42 143
42 169
42 185
42 195
42 308
42 309
42 334
42 377
42 447
43 11
43 31
43 66
43 76
43 84
43 116
43 118
43 137
43 140
43 183
43 199
43 213
43 265
43 286
43 312
43 320
43 339
43 351
43 397
43 398
43 431
43 441
43 459
43 466
43 471
44 2
44 13
44 38
44 69
44 74
44 132
44 139
44 153
44 200
44 258
44 418
44 485
44 489
45 146
45 271
45 318
45 328
45 372
45 425
46 5
46 88
46 94
46 194
46 220
46 252
46 267
46 288
46 367
46 400
46 430
46 435
47 23
47 58
47 149
47 188
47 323
47 365
47 385
47 456
48 36
48 70
48 86
48 90
48 152
48 268
48 333
48 376
48 423
48 460
48 498
49 202
49 300
49 306
49 386
49 421
49 468
50 17
50 66
50 131
50 142
50 151
50 156
50 161
50 248
50 275
50 315
50 350
50 352
50 382
50 396
50 404
50 453
51 41
51 63
51 105
51 122
51 135
51 147
51 148
51 154
51 160
51 175
51 177
51 182
51 201
51 217
51 233
51 260
51 281
51 302
51 381
51 401
51 406
51 424
51 451
51 456
51 486
52 6
52 29
52 59
52 106
52 107
52 115
52 128
52 130
52 158
52 172
52 198
52 203
52 208
52 212
52 224
52 231
52 236
52 242
52 269
52 270
52 277
52 279
52 293
52 304
52 324
52 344
52 357
52 359
52 362
52 411
52 426
52 436
52 439
52 465
52 470
52 493
52 500
53 159
53 173
53 223
53 294
53 356
53 442
54 18
54 67
54 79
54 81
54 100
54 114
54 121
54 150
54 167
54 174
54 181
54 212
54 218
54 234
54 235
54 251
54 264
54 276
54 283
54 321
54 325
54 327
54 405
54 420
54 425
54 443
54 446
54 454
54 481
55 23
55 108
55 180
55 226
55 232
55 289
55 323
55 385
55 413
55 444
55 449
55 492
56 8
56 12
56 30
56 69
56 72
56 102
56 103
56 111
56 159
56 166
56 193
56 196
56 203
56 210
56 221
56 230
56 273
56 296
56 316
56 317
56 338
56 340
56 367
56 369
56 371
56 380
56 392
56 431
56 444
56 452
56 463
56 469
56 487
57 40
57 97
57 164
57 202
57 238
57 257
57 274
57 306
57 421
57 468
58 1
58 23
58 47
58 65
58 108
58 149
58 179
58 180
58 216
58 226
58 289
58 323
58 365
58 385
58 413
58 492
59 52
59 106
59 128
59 172
59 176
59 236
59 242
59 270
59 293
59 359
59 362
59 365
59 411
59 465
59 470
59 493
59 500
60 2
60 13
60 38
60 69
60 74
60 153
60 200
60 214
60 263
60 274
60 358
60 399
60 466
60 476
60 485
60 489
61 158
61 261
61 312
61 330
61 390
61 494
61 497
62 27
62 33
62 37
62 42
62 73
62 77
62 80
62 95
62 99
62 110
62 117
62 123
62 138
62 143
62 169
62 185
62 195
62 205
62 255
62 284
62 299
62 308
62 309
62 334
62 342
62 355
62 377
62 392
62 404
62 420
62 434
62 485
62 491
63 51
63 122
63 135
63 148
63 160
63 177
63 182
63 201
63 233
63 260
63 281
63 302
63 401
63 424
63 451
63 456
63 468
63 482
63 486
64 4
64 12
64 19
64 26
64 30
64 32
64 34
64 87
64 89
64 120
64 134
64 137
64 144
64 158
64 162
64 170
64 184
64 193
64 217
64 220
64 221
64 222
64 246
64 248
64 250
64 253
64 254
64 261
64 270
64 311
64 312
64 330
64 353
64 364
64 383
64 390
64 403
64 408
64 409
64 416
64 422
64 427
64 440
64 469
64 494
64 497
65 58
65 67
65 121
65 174
65 212
65 235
65 276
65 283
65 327
65 420
65 443
65 454
66 9
66 12
66 15
66 17
66 28
66 43
66 50
66 119
66 131
66 142
66 151
66 156
66 157
66 161
66 248
66 262
66 315
66 350
66 352
66 366
66 382
66 383
66 389
66 396
66 453
66 483
67 18
67 54
67 65
67 68
67 81
67 100
67 102
67 121
67 142
67 150
67 158
67 163
67 167
67 174
67 212
67 218
67 234
67 235
67 251
67 264
67 276
67 283
67 321
67 325
67 327
67 391
67 405
67 420
67 443
67 446
67 454
67 479
67 481
68 67
68 100
68 121
68 139
68 167
68 276
68 327
68 405
68 420
68 446
69 2
69 13
69 38
69 44
69 56
69 60
69 74
69 92
69 123
69 126
69 132
69 139
69 153
69 168
69 200
69 209
69 214
69 215
69 243
69 249
69 258
69 274
69 291
69 326
69 358
69 399
69 419
69 467
69 476
69 477
69 485
69 489
70 36
70 48
70 86
70 90
70 132
70 152
70 175
70 247
70 268
70 333
70 336
70 374
70 402
70 460
70 478
70 498
71 78
71 93
71 98
71 114
71 159
71 173
71 207
71 223
71 224
71 250
71 258
71 292
71 294
71 307
71 310
71 356
71 378
71 379
71 442
71 475
72 8
72 12
72 56
72 102
72 103
72 106
72 111
72 166
72 193
72 196
72 203
72 210
72 221
72 230
72 273
72 286
72 296
72 316
72 317
72 338
72 340
72 369
72 371
72 380
72 392
72 444
72 452
72 463
72 487
73 27
73 37
73 42
73 62
73 80
73 99
73 110
73 123
73 138
73 143
73 185
73 195
73 205
73 255
73 277
73 299
73 308
73 309
73 334
73 339
73 342
73 377
73 404
73 434
74 2
74 8
74 13
74 38
74 44
74 60
74 69
74 92
74 127
74 132
74 139
74 153
74 168
74 200
74 209
74 214
74 215
74 243
74 249
74 258
74 263
74 274
74 358
74 399
74 446
74 467
74 476
74 477
74 485
74 489
75 11
75 31
75 76
75 111
75 140
75 199
75 213
75 259
75 265
75 286
75 298
75 339
75 351
75 361
75 397
75 398
75 431
75 441
75 459
75 466
75 471
75 498
76 11
76 31
76 43
76 75
76 81
76 84
76 118
76 140
76 183
76 199
76 213
76 248
76 265
76 286
76 298
76 320
76 335
76 339
76 341
76 342
76 351
76 361
76 370
76 397
76 398
76 431
76 441
76 458
76 459
76 466
76 471
76 490
77 62
77 80
77 99
77 110
77 143
77 309
78 7
78 71
78 93
78 98
78 114
78 146
78 159
78 173
78 187
78 207
78 221
78 223
78 224
78 250
78 282
78 292
78 294
78 307
78 310
78 356
78 378
78 379
78 382
78 423
78 429
78 442
78 461
78 475
78 497
79 54
79 121
79 174
79 235
79 276
79 420
79 443
80 27
80 62
80 73
80 77
80 111
80 138
80 143
80 169
80 185
80 255
80 284
80 308
80 309
80 334
80 342
80 377
80 491
81 54
81 67
81 76
81 100
81 121
81 150
81 167
81 174
81 212
81 223
81 235
81 264
81 276
81 283
81 327
81 390
81 391
81 405
81 420
81 443
81 446
81 454
81 481
82 12
82 133
82 146
82 155
82 204
82 271
82 314
82 318
82 328
82 332
82 354
82 360
82 372
82 419
82 425
83 179
83 188
83 216
83 323
83 385
83 413
83 420
83 492
84 11
84 43
84 76
84 140
84 199
84 213
84 265
84 286
84 298
84 300
84 339
84 351
84 397
84 431
84 459
84 471
85 40
85 97
85 124
85 134
85 164
85 176
85 181
85 190
85 197
85 202
85 206
85 238
85 257
85 295
85 300
85 306
85 338
85 353
85 373
85 386
85 394
85 407
85 421
85 450
85 468
85 494
86 36
86 48
86 70
86 90
86 152
86 268
86 322
86 333
86 336
86 348
86 402
86 439
86 455
86 460
86 478
86 498
87 14
87 19
87 25
87 26
87 30
87 32
87 34
87 64
87 89
87 120
87 134
87 137
87 144
87 158
87 162
87 170
87 184
87 195
87 217
87 220
87 221
87 222
87 246
87 253
87 254
87 261
87 296
87 311
87 312
87 330
87 344
87 364
87 371
87 383
87 390
87 392
87 403
87 408
87 409
87 410
87 416
87 422
87 427
87 440
87 448
87 469
87 477
87 494
87 497
88 5
88 22
88 46
88 94
88 113
88 141
88 194
88 229
88 252
88 267
88 272
88 288
88 291
88 303
88 311
88 367
88 400
88 430
88 435
88 447
88 488
89 4
89 14
89 19
89 26
89 30
89 32
89 34
89 64
89 87
89 120
89 134
89 137
89 143
89 144
89 158
89 162
89 165
89 170
89 184
89 217
89 220
89 221
89 222
89 246
89 253
89 254
89 261
89 273
89 303
89 311
89 312
89 316
89 330
89 364
89 370
89 383
89 390
89 403
89 408
89 409
89 410
89 416
89 422
89 427
89 440
89 443
89 452
89 469
89 494
89 497
90 21
90 35
90 36
90 48
90 70
90 86
90 145
90 152
90 175
90 220
90 268
90 280
90 313
90 322
90 333
90 336
90 345
90 348
90 374
90 376
90 402
90 425
90 455
90 460
90 468
90 478
90 498
91 8
91 40
91 97
91 104
91 124
91 164
91 176
91 190
91 202
91 238
91 257
91 300
91 306
91 373
91 386
91 394
91 421
92 2
92 69
92 74
92 153
92 200
92 214
92 258
92 358
92 399
92 452
92 485
93 71
93 78
93 98
93 114
93 129
93 156
93 159
93 173
93 191
93 207
93 223
93 224
93 250
93 282
93 290
93 292
93 294
93 307
93 310
93 356
93 371
93 378
93 379
93 390
93 423
93 429
93 442
93 452
93 461
93 475
94 5
94 22
94 46
94 88
94 113
94 141
94 183
94 189
94 194
94 207
94 267
94 272
94 287
94 288
94 303
94 331
94 367
94 430
94 435
94 445
94 447
94 488
95 27
95 62
95 99
95 110
95 143
95 195
95 244
95 308
95 309
95 320
95 334
95 342
95 491
96 23
96 180
96 216
96 232
96 323
96 413
96 435
97 1
97 40
97 57
97 85
97 91
97 124
97 157
97 161
97 164
97 173
97 176
97 181
97 190
97 202
97 206
97 237
97 238
97 244
97 257
97 295
97 300
97 306
97 353
97 373
97 386
97 394
97 407
97 421
97 450
97 468
97 480
98 7
98 71
98 78
98 93
98 114
98 129
98 157
98 159
98 173
98 187
98 191
98 192
98 207
98 223
98 224
98 250
98 292
98 294
98 307
98 310
98 340
98 356
98 371
98 378
98 379
98 423
98 442
98 461
98 475
99 12
99 27
99 33
99 37
99 62
99 73
99 77
99 95
99 110
99 117
99 123
99 138
99 143
99 169
99 185
99 195
99 205
99 221
99 250
99 255
99 284
99 299
99 308
99 309
99 334
99 342
99 355
99 377
99 434
99 491
100 18
100 54
100 67
100 68
100 81
100 121
100 150
100 167
100 174
100 212
100 218
100 234
100 235
100 276
100 283
100 321
100 325
100 333
100 391
100 405
100 420
100 422
100 430
100 443
100 446
100 479
100 481
101 12
101 102
101 111
101 166
101 196
101 221
101 230
101 296
101 317
101 369
101 371
101 452
102 8
102 12
102 40
102 56
102 67
102 72
102 101
102 103
102 111
102 120
102 128
102 166
102 178
102 193
102 196
102 200
102 203
102 210
102 217
102 221
102 228
102 230
102 273
102 285
102 293
102 296
102 316
102 317
102 338
102 340
102 346
102 369
102 371
102 380
102 392
102 398
102 414
102 417
102 437
102 444
102 452
102 463
102 464
102 472
102 474
102 487
102 497
103 8
103 12
103 56
103 72
103 102
103 111
103 166
103 193
103 196
103 203
103 210
103 213
103 221
103 230
103 265
103 268
103 273
103 281
103 296
103 316
103 317
103 330
103 338
103 340
103 360
103 369
103 371
103 380
103 392
103 444
103 452
103 463
103 487
104 39
104 91
104 146
104 271
104 318
104 372
104 425
105 51
105 160
105 302
105 401
105 451
105 456
106 29
106 52
106 59
106 72
106 107
106 115
106 128
106 130
106 172
106 198
106 207
106 208
106 231
106 236
106 242
106 269
106 270
106 277
106 279
106 293
106 304
106 324
106 344
106 357
106 359
106 362
106 411
106 426
106 436
106 439
106 451
106 465
106 470
106 493
106 500
107 29
107 52
107 106
107 115
107 128
107 130
107 172
107 198
107 220
107 231
107 236
107 242
107 247
107 269
107 270
107 277
107 279
107 293
107 304
107 306
107 324
107 343
107 344
107 359
107 362
107 411
107 436
107 439
107 465
107 470
107 485
107 493
107 500
108 23
108 55
108 58
108 109
108 179
108 188
108 216
108 224
108 226
108 232
108 289
108 323
108 332
108 365
108 385
108 413
108 492
109 23
109 108
109 149
109 161
109 180
109 188
109 216
109 232
109 323
109 365
109 375
109 385
110 27
110 62
110 73
110 77
110 95
110 99
110 138
110 164
110 195
110 258
110 309
110 334
110 377
111 8
111 12
111 56
111 72
111 75
111 80
111 101
111 102
111 103
111 166
111 193
111 196
111 199
111 203
111 210
111 218
111 221
111 228
111 230
111 260
111 273
111 278
111 296
111 311
111 316
111 317
111 338
111 340
111 346
111 369
111 371
111 380
111 383
111 392
111 411
111 437
111 444
111 452
111 463
111 465
111 474
111 487
112 146
112 271
112 318
112 328
112 360
112 372
113 5
113 88
113 94
113 189
113 229
113 252
113 267
113 272
113 303
113 331
113 367
113 372
113 380
113 430
113 435
114 28
114 54
114 71
114 78
114 93
114 98
114 159
114 173
114 187
114 199
114 207
114 223
114 224
114 250
114 292
114 294
114 307
114 310
114 356
114 378
114 379
114 390
114 423
114 442
114 461
114 475
115 6
115 29
115 52
115 106
115 107
115 128
115 172
115 198
115 208
115 231
115 236
115 242
115 258
115 269
115 270
115 293
115 304
115 311
115 318
115 343
115 357
115 359
115 362
115 411
115 439
115 465
115 470
115 493
115 500
116 11
116 43
116 140
116 199
116 213
116 237
116 265
116 339
116 351
116 471
117 37
117 62
117 99
117 143
117 309
117 317
117 377
118 11
118 43
118 76
118 140
118 199
118 213
118 265
118 339
118 351
118 441
118 459
118 460
118 471
119 17
119 66
119 131
119 142
119 151
119 156
119 157
119 161
119 248
119 311
119 315
119 350
119 352
119 382
119 389
119 396
119 453
119 493
120 4
120 19
120 26
120 30
120 32
120 34
120 64
120 87
120 89
120 102
120 134
120 137
120 144
120 151
120 158
120 162
120 165
120 170
120 184
120 217
120 220
120 222
120 246
120 253
120 261
120 276
120 294
120 311
120 312
120 327
120 330
120 364
120 380
120 383
120 384
120 390
120 403
120 408
120 409
120 410
120 416
120 422
120 427
120 440
120 469
120 494
120 497
121 18
121 54
121 65
121 67
121 68
121 79
121 81
121 100
121 137
121 150
121 167
121 174
121 212
121 218
121 235
121 264
121 276
121 283
121 299
121 321
121 327
121 390
121 405
121 420
121 443
121 446
121 454
121 479
121 481
122 51
122 63
122 148
122 160
122 171
122 182
122 302
122 392
122 401
122 443
122 451
122 456
122 482
122 486
123 27
123 62
123 69
123 73
123 99
123 143
123 308
123 309
123 334
123 377
123 491
124 1
124 11
124 40
124 85
124 91
124 97
124 164
124 176
124 181
124 190
124 202
124 206
124 238
124 244
124 257
124 295
124 300
124 305
124 306
124 353
124 386
124 394
124 405
124 421
124 450
124 468
125 166
125 193
125 196
125 296
125 316
125 317
125 392
125 487
126 2
126 38
126 69
126 153
126 200
126 214
126 215
126 253
126 258
126 358
126 399
126 485
126 489
127 74
127 146
127 155
127 271
127 318
127 328
127 360
127 372
127 393
127 425
128 6
128 29
128 52
128 59
128 102
128 106
128 107
128 115
128 166
128 172
128 198
128 208
128 209
128 231
128 236
128 242
128 269
128 270
128 277
128 279
128 287
128 293
128 304
128 324
128 344
128 357
128 359
128 362
128 411
128 426
128 439
128 465
128 470
128 493
128 500
129 93
129 98
129 159
129 173
129 207
129 224
129 250
129 292
129 294
129 307
129 310
129 356
129 378
129 442
130 29
130 52
130 106
130 107
130 236
130 270
130 277
130 426
130 491
131 9
131 15
131 17
131 50
131 66
131 119
131 136
131 142
131 151
131 156
131 157
131 161
131 188
131 217
131 248
131 262
131 301
131 315
131 340
131 350
131 352
131 366
131 382
131 389
131 396
131 418
131 453
131 460
131 483
132 2
132 44
132 69
132 70
132 74
132 153
132 200
132 214
132 258
132 358
132 399
132 477
132 485
133 39
133 82
133 146
133 155
133 208
133 227
133 271
133 296
133 314
133 318
133 328
133 332
133 354
133 360
133 372
133 425
134 4
134 12
134 14
134 19
134 26
134 30
134 32
134 34
134 64
134 85
134 87
134 89
134 120
134 137
134 144
134 158
134 162
134 165
134 170
134 173
134 184
134 196
134 203
134 217
134 220
134 222
134 232
134 246
134 253
134 254
134 261
134 311
134 312
134 330
134 364
134 365
134 383
134 390
134 401
134 403
134 408
134 409
134 410
134 415
134 422
134 440
134 469
134 494
134 497
135 51
135 63
135 148
135 152
135 154
135 160
135 201
135 260
135 281
135 302
135 451
135 456
135 471
135 486
136 17
136 131
136 142
136 156
136 157
136 161
136 315
136 323
136 350
136 352
136 382
136 389
136 396
136 453
137 4
137 14
137 19
137 26
137 30
137 32
137 34
137 43
137 64
137 87
137 89
137 120
137 121
137 134
137 144
137 158
137 162
137 165
137 170
137 184
137 204
137 217
137 220
137 221
137 222
137 235
137 246
137 253
137 254
137 261
137 304
137 311
137 312
137 330
137 364
137 383
137 390
137 403
137 405
137 408
137 409
137 415
137 416
137 422
137 427
137 440
137 463
137 469
137 494
137 497
138 37
138 62
138 73
138 80
138 99
138 110
138 143
138 169
138 195
138 205
138 277
138 299
138 308
138 309
138 334
138 342
138 377
138 383
138 404
138 491
139 2
139 44
139 68
139 69
139 74
139 153
139 200
139 214
139 243
139 258
139 274
139 358
139 477
139 485
139 489
140 11
140 31
140 43
140 75
140 76
140 84
140 116
140 118
140 183
140 199
140 213
140 225
140 257
140 259
140 265
140 298
140 320
140 335
140 339
140 351
140 361
140 370
140 373
140 397
140 398
140 431
140 441
140 459
140 463
140 466
140 471
140 487
140 490
141 17
141 26
141 88
141 94
141 194
141 229
141 252
141 272
141 288
141 303
141 367
141 430
142 9
142 15
142 17
142 50
142 66
142 67
142 119
142 131
142 136
142 151
142 156
142 157
142 161
142 193
142 211
142 239
142 240
142 248
142 262
142 275
142 301
142 315
142 334
142 350
142 352
142 364
142 366
142 382
142 389
142 396
142 453
142 483
142 496
143 13
143 27
143 33
143 37
143 42
143 62
143 73
143 77
143 80
143 89
143 95
143 99
143 117
143 123
143 138
143 185
143 195
143 205
143 221
143 255
143 284
143 308
143 309
143 334
143 342
143 377
143 404
143 434
143 491
144 64
144 87
144 89
144 120
144 134
144 137
144 158
144 162
144 170
144 184
144 217
144 220
144 222
144 246
144 253
144 261
144 311
144 312
144 330
144 364
144 383
144 390
144 422
144 469
144 494
144 497
145 35
145 36
145 90
145 152
145 268
145 313
145 333
145 336
145 442
145 460
145 478
145 498
146 17
146 25
146 39
146 45
146 78
146 82
146 104
146 112
146 127
146 133
146 155
146 192
146 204
146 227
146 256
146 266
146 271
146 297
146 314
146 318
146 328
146 332
146 347
146 354
146 360
146 372
146 387
146 393
146 395
146 419
146 425
146 433
147 51
147 160
147 201
147 233
147 260
147 281
147 302
147 338
147 401
147 451
147 456
147 486
148 41
148 51
148 63
148 122
148 135
148 160
148 162
148 221
148 233
148 281
148 302
148 401
148 424
148 451
148 456
148 482
148 486
149 23
149 47
149 58
149 109
149 179
149 180
149 186
149 188
149 216
149 232
149 289
149 323
149 365
149 385
149 413
150 18
150 54
150 67
150 81
150 100
150 121
150 158
150 163
150 174
150 212
150 218
150 219
150 224
150 264
150 276
150 283
150 321
150 405
150 420
150 443
150 479
150 481
151 9
151 15
151 17
151 28
151 30
151 50
151 66
151 119
151 120
151 131
151 142
151 156
151 157
151 161
151 171
151 211
151 219
151 239
151 240
151 248
151 255
151 262
151 275
151 315
151 329
151 350
151 352
151 362
151 366
151 382
151 389
151 396
151 418
151 432
151 453
151 457
151 483
151 496
152 21
152 35
152 36
152 48
152 70
152 86
152 90
152 135
152 145
152 175
152 268
152 280
152 313
152 322
152 333
152 336
152 345
152 348
152 374
152 376
152 382
152 402
152 455
152 460
152 478
152 498
153 2
153 13
153 38
153 44
153 60
153 69
153 74
153 92
153 126
153 132
153 139
153 168
153 187
153 200
153 209
153 214
153 215
153 244
153 249
153 258
153 263
153 274
153 291
153 317
153 358
153 399
153 476
153 477
153 485
153 489
154 17
154 51
154 135
154 451
154 456
154 486
155 25
155 39
155 82
155 127
155 133
155 146
155 192
155 204
155 227
155 256
155 271
155 297
155 303
155 314
155 318
155 328
155 332
155 347
155 354
155 360
155 372
155 393
155 395
155 419
155 425
155 430
155 490
156 9
156 15
156 17
156 28
156 50
156 66
156 93
156 119
156 131
156 136
156 142
156 151
156 157
156 161
156 171
156 211
156 219
156 230
156 239
156 240
156 248
156 262
156 275
156 301
156 315
156 329
156 350
156 352
156 366
156 382
156 384
156 389
156 396
156 418
156 432
156 453
156 457
156 463
156 483
156 494
156 496
157 9
157 15
157 17
157 28
157 66
157 97
157 98
157 119
157 131
157 136
157 142
157 151
157 156
157 161
157 211
157 240
157 248
157 275
157 315
157 329
157 350
157 352
157 366
157 382
157 389
157 396
157 453
157 459
157 483
157 496
158 4
158 14
158 26
158 30
158 34
158 52
158 61
158 64
158 67
158 87
158 89
158 120
158 134
158 137
158 144
158 150
158 162
158 165
158 170
158 184
158 200
158 217
158 220
158 222
158 223
158 229
158 246
158 253
158 254
158 261
158 311
158 312
158 330
158 340
158 351
158 364
158 379
158 383
158 390
158 403
158 408
158 409
158 410
158 422
158 427
158 440
158 448
158 469
158 494
158 497
159 7
159 10
159 16
159 20
159 24
159 40
159 53
159 56
159 71
159 78
159 93
159 98
159 114
159 129
159 173
159 187
159 191
159 207
159 223
159 224
159 241
159 250
159 282
159 290
159 292
159 294
159 307
159 310
159 340
159 356
159 359
159 368
159 378
159 379
159 386
159 388
159 423
159 428
159 429
159 438
159 442
159 461
159 463
159 475
159 499
160 15
160 41
160 51
160 63
160 105
160 122
160 135
160 147
160 148
160 182
160 233
160 260
160 281
160 302
160 352
160 381
160 383
160 401
160 406
160 424
160 451
160 456
160 482
160 486
161 9
161 15
161 17
161 28
161 50
161 66
161 97
161 109
161 119
161 131
161 136
161 142
161 151
161 156
161 157
161 171
161 211
161 219
161 222
161 239
161 240
161 248
161 262
161 275
161 301
161 315
161 329
161 350
161 352
161 366
161 369
161 382
161 384
161 389
161 396
161 418
161 432
161 453
161 457
161 483
161 496
162 14
162 19
162 26
162 29
162 30
162 32
162 34
162 64
162 87
162 89
162 120
162 134
162 137
162 144
162 148
162 158
162 165
162 170
162 184
162 196
162 217
162 220
162 222
162 246
162 253
162 254
162 261
162 302
162 311
162 312
162 330
162 343
162 364
162 371
162 383
162 390
162 403
162 408
162 409
162 410
162 416
162 422
162 427
162 440
162 469
162 473
162 493
162 494
162 497
163 67
163 150
163 174
163 179
163 235
163 276
163 283
163 391
163 405
163 420
163 443
164 1
164 40
164 57
164 85
164 91
164 97
164 110
164 124
164 181
164 190
164 202
164 206
164 237
164 238
164 244
164 257
164 295
164 300
164 305
164 306
164 339
164 353
164 371
164 373
164 386
164 394
164 407
164 421
164 450
164 468
164 473
165 89
165 120
165 134
165 137
165 158
165 162
165 170
165 220
165 246
165 253
165 312
165 364
165 390
165 469
165 494
166 8
166 12
166 56
166 72
166 101
166 102
166 103
166 111
166 125
166 128
166 190
166 193
166 196
166 203
166 210
166 220
166 221
166 222
166 228
166 230
166 239
166 273
166 278
166 296
166 310
166 316
166 317
166 337
166 338
166 340
166 369
166 371
166 380
166 392
166 413
166 414
166 421
166 437
166 444
166 452
166 463
166 464
166 474
166 487
167 18
167 54
167 67
167 68
167 81
167 100
167 121
167 168
167 174
167 212
167 235
167 248
167 251
167 276
167 327
167 405
167 420
167 443
167 446
167 454
168 2
168 13
168 69
168 74
168 153
168 167
168 200
168 214
168 485
169 27
169 42
169 62
169 80
169 99
169 138
169 309
169 334
170 4
170 12
170 15
170 19
170 26
170 30
170 32
170 34
170 64
170 87
170 89
170 120
170 134
170 137
170 144
170 158
170 162
170 165
170 184
170 212
170 217
170 220
170 222
170 246
170 253
170 254
170 261
170 292
170 310
170 311
170 312
170 330
170 358
170 364
170 380
170 383
170 390
170 402
170 403
170 408
170 409
170 416
170 422
170 427
170 440
170 448
170 469
170 494
170 497
171 122
171 151
171 156
171 161
171 315
171 389
171 396
172 6
172 29
172 52
172 59
172 106
172 107
172 115
172 128
172 198
172 208
172 236
172 242
172 269
172 270
172 277
172 287
172 293
172 311
172 343
172 357
172 359
172 362
172 411
172 439
172 463
172 465
172 468
172 470
172 493
172 500
173 10
173 16
173 20
173 53
173 71
173 78
173 93
173 97
173 98
173 114
173 129
173 134
173 159
173 184
173 187
173 191
173 207
173 223
173 224
173 241
173 250
173 261
173 282
173 290
173 292
173 294
173 296
173 307
173 310
173 356
173 368
173 378
173 379
173 388
173 412
173 423
173 428
173 429
173 438
173 442
173 461
173 475
173 499
174 18
174 54
174 65
174 67
174 79
174 81
174 100
174 121
174 150
174 163
174 167
174 184
174 212
174 234
174 235
174 251
174 264
174 276
174 283
174 321
174 327
174 330
174 405
174 420
174 443
174 446
174 454
174 475
174 479
174 481
175 36
175 51
175 70
175 90
175 152
175 268
175 333
175 336
175 402
175 460
175 498
176 40
176 59
176 85
176 91
176 97
176 124
176 181
176 190
176 202
176 206
176 238
176 244
176 257
176 295
176 300
176 306
176 366
176 373
176 386
176 421
176 468
176 497
177 51
177 63
177 302
177 336
177 406
177 424
177 451
177 456
177 486
178 8
178 12
178 102
178 210
178 230
178 340
178 380
178 452
178 463
178 487
179 23
179 58
179 83
179 108
179 149
179 163
179 180
179 188
179 226
179 315
179 323
179 365
179 375
179 385
179 413
179 449
179 492
180 23
180 55
180 58
180 96
180 109
180 149
180 179
180 184
180 186
180 188
180 216
180 226
180 232
180 289
180 318
180 323
180 365
180 375
180 385
180 413
180 449
180 492
181 40
181 54
181 85
181 97
181 124
181 164
181 176
181 190
181 202
181 206
181 238
181 244
181 257
181 295
181 300
181 305
181 306
181 321
181 353
181 373
181 386
181 394
181 407
181 421
181 450
181 462
181 468
182 51
182 63
182 122
182 160
182 233
182 260
182 273
182 380
182 424
182 451
182 456
182 482
182 486
183 11
183 38
183 43
183 76
183 94
183 140
183 199
183 213
183 265
183 298
183 339
183 351
183 459
183 471
184 4
184 14
184 26
184 30
184 32
184 34
184 64
184 87
184 89
184 120
184 134
184 137
184 144
184 158
184 162
184 170
184 173
184 174
184 180
184 217
184 220
184 222
184 246
184 253
184 261
184 276
184 292
184 311
184 312
184 330
184 364
184 369
184 383
184 390
184 403
184 408
184 409
184 422
184 427
184 430
184 440
184 469
184 494
184 497
185 42
185 62
185 73
185 80
185 99
185 143
185 195
185 308
185 309
185 334
185 377
185 380
185 491
186 23
186 149
186 180
186 216
186 365
186 375
187 78
187 98
187 114
187 153
187 159
187 173
187 207
187 223
187 224
187 232
187 250
187 292
187 294
187 307
187 310
187 356
187 378
187 379
187 442
188 23
188 47
188 83
188 108
188 109
188 131
188 149
188 179
188 180
188 226
188 232
188 289
188 310
188 319
188 323
188 365
188 375
188 385
188 413
188 449
188 492
189 94
189 113
189 194
189 236
189 367
189 430
189 435
189 445
190 26
190 40
190 85
190 91
190 97
190 124
190 164
190 166
190 176
190 181
190 202
190 206
190 237
190 238
190 257
190 295
190 300
190 305
190 306
190 332
190 353
190 373
190 386
190 394
190 407
190 421
190 450
190 459
190 468
190 473
191 93
191 98
191 159
191 173
191 207
191 223
191 224
191 250
191 292
191 294
191 307
191 310
191 317
191 356
191 378
191 442
192 98
192 146
192 155
192 318
192 328
192 372
193 8
193 12
193 56
193 64
193 72
193 102
193 103
193 111
193 125
193 142
193 166
193 196
193 203
193 207
193 210
193 221
193 228
193 230
193 246
193 264
193 273
193 278
193 295
193 296
193 302
193 316
193 317
193 337
193 338
193 340
193 346
193 363
193 369
193 371
193 380
193 392
193 414
193 421
193 437
193 444
193 452
193 463
193 464
193 472
193 474
193 487
194 22
194 46
194 88
194 94
194 141
194 189
194 229
194 236
194 267
194 272
194 303
194 367
194 430
194 435
194 447
195 27
195 33
195 42
195 62
195 73
195 87
195 95
195 99
195 110
195 138
195 143
195 185
195 205
195 308
195 309
195 334
195 342
195 357
195 377
195 404
195 491
196 8
196 12
196 29
196 56
196 72
196 101
196 102
196 103
196 111
196 125
196 134
196 162
196 166
196 193
196 203
196 210
196 214
196 221
196 228
196 230
196 273
196 278
196 296
196 311
196 312
196 316
196 317
196 337
196 338
196 340
196 346
196 363
196 369
196 371
196 380
196 390
196 392
196 409
196 414
196 417
196 437
196 444
196 452
196 463
196 464
196 471
196 474
196 487
197 40
197 85
197 257
197 306
197 352
197 386
197 421
198 8
198 52
198 106
198 107
198 115
198 128
198 172
198 208
198 226
198 231
198 236
198 269
198 270
198 277
198 293
198 359
198 362
198 396
198 411
198 465
198 470
198 500
199 11
199 31
199 43
199 75
199 76
199 84
199 111
199 114
199 116
199 118
199 140
199 183
199 209
199 213
199 225
199 259
199 265
199 286
199 298
199 320
199 335
199 339
199 341
199 351
199 361
199 370
199 376
199 397
199 398
199 431
199 441
199 458
199 459
199 466
199 471
199 490
200 2
200 13
200 38
200 44
200 60
200 69
200 74
200 92
200 102
200 126
200 132
200 139
200 153
200 158
200 168
200 209
200 214
200 215
200 243
200 249
200 258
200 263
200 274
200 291
200 318
200 326
200 358
200 399
200 467
200 476
200 477
200 485
200 489
201 51
201 63
201 135
201 147
201 233
201 260
201 281
201 374
201 380
201 401
201 424
201 451
201 456
201 482
201 486
202 1
202 3
202 23
202 40
202 49
202 57
202 85
202 91
202 97
202 124
202 164
202 176
202 181
202 190
202 206
202 238
202 244
202 257
202 265
202 295
202 300
202 305
202 306
202 311
202 336
202 353
202 373
202 386
202 394
202 407
202 421
202 433
202 450
202 462
202 468
202 473
203 8
203 12
203 30
203 52
203 56
203 72
203 102
203 103
203 111
203 134
203 166
203 193
203 196
203 210
203 221
203 230
203 273
203 294
203 296
203 297
203 316
203 317
203 334
203 338
203 340
203 369
203 371
203 380
203 392
203 408
203 437
203 444
203 452
203 463
203 469
203 474
203 487
204 82
204 137
204 146
204 155
204 271
204 318
204 328
204 332
204 360
204 372
204 393
204 419
204 425
205 6
205 27
205 62
205 73
205 99
205 138
205 143
205 195
205 334
205 377
206 40
206 85
206 97
206 124
206 164
206 176
206 181
206 190
206 202
206 237
206 238
206 257
206 295
206 300
206 306
206 353
206 356
206 386
206 394
206 407
206 421
206 422
206 450
206 468
207 7
207 71
207 78
207 93
207 94
207 98
207 106
207 114
207 129
207 159
207 173
207 187
207 191
207 193
207 223
207 224
207 250
207 276
207 282
207 292
207 294
207 307
207 310
207 356
207 378
207 379
207 388
207 412
207 423
207 429
207 438
207 442
207 461
207 469
207 475
208 29
208 52
208 106
208 115
208 128
208 133
208 172
208 198
208 231
208 235
208 236
208 242
208 269
208 270
208 277
208 293
208 359
208 362
208 470
208 493
208 500
209 2
209 69
209 74
209 128
209 153
209 199
209 200
209 214
209 258
209 358
209 399
209 476
209 477
209 485
209 489
210 8
210 12
210 56
210 72
210 102
210 103
210 111
210 166
210 178
210 193
210 196
210 203
210 221
210 230
210 234
210 261
210 267
210 269
210 273
210 296
210 316
210 317
210 338
210 340
210 365
210 369
210 371
210 380
210 385
210 392
210 417
210 437
210 444
210 445
210 452
210 463
210 474
210 487
211 17
211 142
211 151
211 156
211 157
211 161
211 248
211 315
211 350
211 382
211 396
211 453
212 18
212 52
212 54
212 65
212 67
212 81
212 100
212 121
212 150
212 167
212 170
212 174
212 234
212 235
212 276
212 283
212 315
212 327
212 391
212 405
212 420
212 443
212 446
212 454
213 11
213 31
213 43
213 75
213 76
213 84
213 103
213 116
213 118
213 140
213 183
213 199
213 225
213 265
213 286
213 298
213 320
213 335
213 339
213 351
213 361
213 397
213 398
213 431
213 441
213 447
213 458
213 459
213 465
213 466
213 471
213 483
213 490
214 2
214 13
214 38
214 60
214 69
214 74
214 92
214 126
214 132
214 139
214 153
214 168
214 196
214 200
214 209
214 249
214 258
214 274
214 291
214 316
214 334
214 358
214 399
214 476
214 477
214 485
214 489
215 2
215 69
215 74
215 126
215 153
215 200
215 258
215 358
215 477
215 485
216 23
216 58
216 83
216 96
216 108
216 109
216 149
216 180
216 186
216 226
216 232
216 319
216 323
216 329
216 365
216 375
216 385
216 389
216 413
216 492
217 4
217 14
217 19
217 26
217 30
217 32
217 34
217 51
217 64
217 87
217 89
217 102
217 120
217 131
217 134
217 137
217 144
217 158
217 162
217 170
217 184
217 220
217 222
217 246
217 253
217 254
217 261
217 308
217 311
217 312
217 320
217 330
217 340
217 364
217 383
217 390
217 403
217 408
217 409
217 410
217 415
217 422
217 427
217 440
217 448
217 469
217 470
217 475
217 494
217 497
218 54
218 67
218 100
218 111
218 121
218 150
218 420
218 443
219 17
219 150
219 151
219 156
219 161
219 352
219 382
219 396
220 4
220 14
220 19
220 26
220 30
220 32
220 34
220 46
220 64
220 87
220 89
220 90
220 107
220 120
220 134
220 137
220 144
220 158
220 162
220 165
220 166
220 170
220 184
220 217
220 222
220 236
220 246
220 253
220 254
220 261
220 307
220 311
220 312
220 330
220 364
220 378
220 383
220 390
220 399
220 403
220 408
220 409
220 410
220 415
220 422
220 440
220 469
220 494
220 497
221 8
221 12
221 56
221 64
221 72
221 78
221 87
221 89
221 99
221 101
221 102
221 103
221 111
221 137
221 143
221 148
221 166
221 193
221 196
221 203
221 210
221 230
221 233
221 273
221 278
221 285
221 296
221 316
221 317
221 337
221 338
221 340
221 363
221 369
221 371
221 380
221 392
221 437
221 444
221 452
221 463
221 474
221 487
222 19
222 26
222 30
222 32
222 34
222 64
222 87
222 89
222 120
222 134
222 137
222 144
222 158
222 161
222 162
222 166
222 170
222 184
222 217
222 220
222 246
222 253
222 254
222 261
222 307
222 311
222 312
222 315
222 330
222 364
222 369
222 381
222 383
222 389
222 390
222 403
222 408
222 409
222 422
222 427
222 459
222 469
222 494
222 497
223 7
223 10
223 16
223 24
223 53
223 71
223 78
223 81
223 93
223 98
223 114
223 158
223 159
223 173
223 187
223 191
223 207
223 224
223 241
223 250
223 282
223 290
223 292
223 294
223 307
223 310
223 330
223 356
223 378
223 379
223 380
223 388
223 392
223 412
223 423
223 428
223 429
223 438
223 442
223 461
223 475
224 7
224 41
224 52
224 71
224 78
224 93
224 98
224 108
224 114
224 129
224 150
224 159
224 173
224 187
224 191
224 207
224 223
224 250
224 282
224 292
224 294
224 307
224 310
224 356
224 369
224 378
224 379
224 388
224 412
224 423
224 428
224 438
224 442
224 461
224 475
224 499
225 11
225 140
225 199
225 213
225 339
225 351
226 23
226 55
226 58
226 108
226 179
226 180
226 188
226 198
226 216
226 232
226 289
226 323
226 385
226 413
226 492
227 25
227 39
227 133
227 146
227 155
227 271
227 318
227 328
227 332
227 354
227 360
227 372
227 425
227 444
228 8
228 12
228 102
228 111
228 166
228 193
228 196
228 230
228 296
228 316
228 317
228 369
228 371
228 380
228 452
229 5
229 88
229 113
229 141
229 158
229 194
229 252
229 288
229 430
229 447
230 8
230 12
230 17
230 18
230 56
230 72
230 101
230 102
230 103
230 111
230 156
230 166
230 178
230 193
230 196
230 203
230 210
230 221
230 228
230 261
230 273
230 279
230 285
230 296
230 316
230 317
230 338
230 340
230 369
230 371
230 379
230 380
230 383
230 390
230 392
230 437
230 444
230 452
230 463
230 464
230 472
230 474
230 475
230 484
230 487
231 52
231 106
231 107
231 115
231 128
231 198
231 208
231 236
231 261
231 269
231 270
231 277
231 359
231 411
231 470
231 493
232 23
232 55
232 96
232 108
232 109
232 134
232 149
232 180
232 187
232 188
232 216
232 226
232 289
232 319
232 323
232 365
232 375
232 385
232 413
233 51
233 63
233 147
233 148
233 160
233 182
233 201
233 221
233 281
233 406
233 424
233 451
233 456
233 482
233 486
234 54
234 67
234 100
234 174
234 210
234 212
234 235
234 276
234 420
234 443
234 454
235 18
235 54
235 65
235 67
235 79
235 81
235 100
235 121
235 137
235 163
235 167
235 174
235 208
235 212
235 234
235 251
235 261
235 264
235 276
235 283
235 325
235 327
235 405
235 420
235 443
235 446
235 454
235 479
236 6
236 29
236 52
236 59
236 106
236 107
236 115
236 128
236 130
236 172
236 189
236 194
236 198
236 208
236 220
236 231
236 242
236 247
236 269
236 270
236 277
236 279
236 287
236 293
236 304
236 324
236 343
236 344
236 357
236 359
236 362
236 411
236 426
236 436
236 439
236 465
236 469
236 470
236 493
236 500
237 40
237 97
237 116
237 164
237 190
237 206
237 238
237 257
237 300
237 306
237 386
237 450
238 3
238 40
238 57
238 85
238 91
238 97
238 124
238 164
238 176
238 181
238 190
238 202
238 206
238 237
238 244
238 245
238 257
238 295
238 300
238 305
238 306
238 338
238 340
238 353
238 373
238 386
238 394
238 407
238 413
238 421
238 433
238 450
238 452
238 468
238 473
239 17
239 142
239 151
239 156
239 161
239 166
239 382
239 396
240 17
240 142
240 151
240 156
240 157
240 161
240 315
240 382
240 396
241 159
241 173
241 223
241 250
241 292
241 307
241 310
241 356
241 442
242 29
242 52
242 59
242 106
242 107
242 115
242 128
242 172
242 208
242 236
242 257
242 269
242 270
242 307
242 411
242 465
242 493
242 500
243 69
243 74
243 139
243 200
243 258
243 485
244 40
244 95
244 97
244 124
244 153
244 164
244 176
244 181
244 202
244 238
244 257
244 295
244 300
244 306
244 386
244 421
244 468
245 40
245 238
245 257
245 300
245 306
245 468
246 4
246 12
246 19
246 26
246 30
246 34
246 64
246 87
246 89
246 120
246 134
246 137
246 144
246 158
246 162
246 165
246 170
246 184
246 193
246 217
246 220
246 222
246 253
246 254
246 261
246 268
246 286
246 311
246 312
246 316
246 330
246 356
246 364
246 383
246 390
246 403
246 408
246 409
246 410
246 422
246 427
246 440
246 469
246 487
246 494
246 497
247 70
247 107
247 236
247 270
247 411
247 500
248 9
248 15
248 17
248 28
248 50
248 64
248 66
248 76
248 119
248 131
248 142
248 151
248 156
248 157
248 161
248 167
248 211
248 262
248 315
248 350
248 352
248 366
248 382
248 389
248 396
248 418
248 432
248 453
248 483
248 496
249 2
249 13
249 69
249 74
249 153
249 200
249 214
249 258
249 316
249 358
249 399
249 476
249 485
250 7
250 16
250 24
250 64
250 71
250 78
250 93
250 98
250 99
250 114
250 129
250 159
250 173
250 187
250 191
250 207
250 223
250 224
250 241
250 282
250 290
250 292
250 294
250 296
250 307
250 310
250 316
250 356
250 378
250 379
250 388
250 412
250 423
250 428
250 438
250 442
250 461
250 475
250 496
251 27
251 54
251 67
251 167
251 174
251 235
251 283
251 420
251 443
252 22
252 46
252 88
252 113
252 141
252 229
252 267
252 272
252 303
252 306
252 331
252 430
252 435
252 445
252 447
252 488
252 495
252 497
253 2
253 4
253 9
253 14
253 19
253 26
253 30
253 34
253 64
253 87
253 89
253 120
253 126
253 134
253 137
253 144
253 158
253 162
253 165
253 170
253 184
253 217
253 220
253 222
253 246
253 254
253 261
253 311
253 312
253 324
253 330
253 364
253 383
253 390
253 395
253 403
253 408
253 409
253 422
253 427
253 440
253 442
253 448
253 463
253 469
253 487
253 494
253 497
254 64
254 87
254 89
254 134
254 137
254 158
254 162
254 170
254 217
254 220
254 222
254 246
254 253
254 261
254 311
254 312
254 330
254 364
254 390
254 469
254 494
254 497
255 27
255 62
255 73
255 80
255 99
255 143
255 151
255 284
255 308
255 309
255 334
255 342
255 377
255 491
256 36
256 146
256 155
256 271
256 318
256 328
256 372
256 425
257 3
257 40
257 57
257 85
257 91
257 97
257 124
257 140
257 164
257 176
257 181
257 190
257 197
257 202
257 206
257 237
257 238
257 242
257 244
257 245
257 295
257 300
257 305
257 306
257 353
257 373
257 386
257 394
257 407
257 421
257 433
257 450
257 454
257 462
257 468
257 473
257 480
258 2
258 13
258 38
258 44
258 69
258 71
258 74
258 92
258 110
258 115
258 126
258 132
258 139
258 153
258 200
258 209
258 214
258 215
258 243
258 249
258 263
258 274
258 296
258 326
258 358
258 399
258 467
258 476
258 477
258 485
258 489
259 75
259 140
259 199
259 265
259 339
259 351
259 361
259 372
259 459
259 471
260 51
260 63
260 111
260 135
260 147
260 160
260 182
260 201
260 281
260 302
260 401
260 424
260 451
260 456
260 482
260 486
261 11
261 14
261 19
261 26
261 30
261 34
261 61
261 64
261 87
261 89
261 120
261 134
261 137
261 144
261 158
261 162
261 170
261 173
261 184
261 210
261 217
261 220
261 222
261 230
261 231
261 235
261 246
261 253
261 254
261 271
261 311
261 312
261 330
261 364
261 369
261 383
261 390
261 403
261 408
261 409
261 410
261 415
261 422
261 427
261 440
261 448
261 469
261 494
261 497
262 17
262 66
262 131
262 142
262 151
262 156
262 161
262 248
262 340
262 352
262 382
262 396
262 453
263 2
263 13
263 60
263 74
263 153
263 200
263 258
263 358
263 364
263 485
264 54
264 67
264 81
264 121
264 150
264 174
264 193
264 235
264 276
264 341
264 405
264 420
265 11
265 29
265 31
265 43
265 75
265 76
265 84
265 103
265 116
265 118
265 140
265 183
265 199
265 202
265 213
265 259
265 286
265 298
265 320
265 339
265 341
265 351
265 361
265 370
265 397
265 398
265 431
265 441
265 458
265 459
265 466
265 471
265 490
266 146
266 271
266 318
266 328
266 332
266 372
266 425
267 46
267 88
267 94
267 113
267 194
267 210
267 252
267 272
267 303
267 430
267 435
268 21
268 35
268 36
268 48
268 70
268 86
268 90
268 103
268 145
268 152
268 175
268 246
268 280
268 313
268 322
268 333
268 336
268 345
268 374
268 376
268 402
268 455
268 460
268 478
268 487
268 498
269 29
269 52
269 106
269 107
269 115
269 128
269 172
269 198
269 208
269 210
269 231
269 236
269 242
269 270
269 277
269 293
269 304
269 324
269 357
269 359
269 362
269 411
269 450
269 470
269 493
269 500
270 29
270 52
270 59
270 64
270 106
270 107
270 115
270 128
270 130
270 172
270 198
270 208
270 231
270 236
270 242
270 247
270 269
270 277
270 279
270 293
270 296
270 304
270 324
270 357
270 359
270 362
270 369
270 411
270 426
270 436
270 439
270 465
270 470
270 493
270 500
271 25
271 39
271 45
271 82
271 104
271 112
271 127
271 133
271 146
271 155
271 204
271 227
271 256
271 261
271 266
271 297
271 314
271 318
271 328
271 332
271 347
271 354
271 360
271 372
271 387
271 392
271 393
271 395
271 419
271 421
271 425
272 88
272 94
272 113
272 141
272 194
272 252
272 267
272 303
272 430
272 435
272 442
272 495
273 8
273 12
273 56
273 72
273 89
273 102
273 103
273 111
273 166
273 182
273 193
273 196
273 203
273 210
273 221
273 230
273 296
273 316
273 317
273 328
273 338
273 340
273 369
273 371
273 380
273 392
273 444
273 452
273 463
273 486
273 487
273 493
274 2
274 13
274 38
274 57
274 60
274 69
274 74
274 139
274 153
274 200
274 214
274 258
274 326
274 358
274 399
274 485
274 494
275 17
275 50
275 142
275 151
275 156
275 157
275 161
275 366
275 382
275 396
275 453
276 18
276 54
276 65
276 67
276 68
276 79
276 81
276 100
276 120
276 121
276 150
276 163
276 167
276 174
276 184
276 207
276 212
276 234
276 235
276 264
276 283
276 321
276 327
276 391
276 405
276 420
276 443
276 446
276 454
276 479
276 481
277 29
277 52
277 73
277 106
277 107
277 128
277 130
277 138
277 172
277 198
277 208
277 231
277 236
277 269
277 270
277 279
277 293
277 304
277 324
277 343
277 357
277 359
277 362
277 364
277 411
277 436
277 439
277 465
277 470
277 493
277 500
278 12
278 111
278 166
278 193
278 196
278 221
278 296
278 340
278 369
278 371
278 380
278 463
278 487
279 17
279 29
279 52
279 106
279 107
279 128
279 230
279 236
279 270
279 277
279 439
279 493
279 500
280 36
280 90
280 152
280 268
280 333
280 336
280 402
280 460
280 462
281 51
281 63
281 103
281 135
281 147
281 148
281 160
281 201
281 233
281 260
281 302
281 392
281 424
281 451
281 456
281 482
281 486
282 78
282 93
282 159
282 173
282 207
282 223
282 224
282 250
282 292
282 294
282 307
282 310
282 356
282 442
283 54
283 65
283 67
283 81
283 100
283 121
283 150
283 163
283 174
283 212
283 235
283 251
283 276
283 325
283 373
283 405
283 420
283 443
283 482
284 62
284 80
284 99
284 143
284 255
284 308
284 309
284 334
284 377
284 399
285 102
285 221
285 230
285 296
285 371
285 380
286 11
286 43
286 72
286 75
286 76
286 84
286 199
286 213
286 246
286 265
286 298
286 312
286 339
286 351
286 370
286 431
286 441
286 459
286 466
286 471
287 94
287 128
287 172
287 236
287 359
287 362
287 493
287 500
288 46
288 88
288 94
288 141
288 229
288 303
288 367
288 430
288 435
288 497
289 23
289 55
289 58
289 108
289 149
289 180
289 188
289 226
289 232
289 323
289 365
289 372
289 375
289 385
289 413
289 449
289 487
289 492
290 93
290 159
290 173
290 223
290 250
290 292
290 294
290 307
290 310
290 356
290 442
291 2
291 69
291 88
291 153
291 200
291 214
291 358
291 485
292 7
292 8
292 10
292 20
292 24
292 71
292 78
292 93
292 98
292 114
292 129
292 159
292 170
292 173
292 184
292 187
292 191
292 207
292 223
292 224
292 241
292 250
292 282
292 290
292 294
292 307
292 310
292 323
292 356
292 368
292 378
292 379
292 388
292 423
292 428
292 429
292 438
292 442
292 452
292 461
292 475
292 489
292 499
293 6
293 29
293 52
293 59
293 102
293 106
293 107
293 115
293 128
293 172
293 198
293 208
293 236
293 269
293 270
293 277
293 300
293 304
293 359
293 362
293 411
293 470
293 493
293 494
293 500
294 7
294 16
294 53
294 71
294 78
294 93
294 98
294 114
294 120
294 129
294 159
294 173
294 187
294 191
294 203
294 207
294 223
294 224
294 250
294 282
294 290
294 292
294 300
294 307
294 310
294 356
294 378
294 379
294 387
294 388
294 423
294 428
294 429
294 442
294 461
294 475
294 497
294 499
295 1
295 8
295 40
295 85
295 97
295 124
295 164
295 176
295 181
295 190
295 193
295 202
295 206
295 238
295 244
295 257
295 300
295 305
295 306
295 353
295 373
295 382
295 386
295 394
295 407
295 421
295 450
295 462
295 468
295 473
296 8
296 12
296 30
296 56
296 72
296 87
296 101
296 102
296 103
296 111
296 125
296 133
296 166
296 173
296 193
296 196
296 203
296 210
296 221
296 228
296 230
296 250
296 258
296 270
296 273
296 278
296 285
296 298
296 306
296 316
296 317
296 338
296 340
296 346
296 349
296 363
296 369
296 371
296 380
296 392
296 437
296 444
296 452
296 463
296 474
296 487
297 146
297 155
297 203
297 271
297 314
297 318
297 328
297 332
297 360
297 372
297 425
298 11
298 31
298 35
298 75
298 76
298 84
298 140
298 183
298 199
298 213
298 265
298 286
298 296
298 339
298 351
298 371
298 397
298 431
298 441
298 459
298 466
298 471
299 62
299 73
299 99
299 121
299 138
299 309
299 334
299 377
300 1
300 3
300 40
300 49
300 84
300 85
300 91
300 97
300 124
300 164
300 176
300 181
300 190
300 202
300 206
300 237
300 238
300 244
300 245
300 257
300 293
300 294
300 295
300 305
300 306
300 353
300 373
300 386
300 392
300 394
300 407
300 421
300 433
300 450
300 468
300 473
300 480
301 17
301 131
301 142
301 156
301 161
301 305
301 315
301 382
301 396
301 453
302 51
302 63
302 105
302 122
302 135
302 147
302 148
302 160
302 162
302 177
302 193
302 260
302 281
302 381
302 406
302 424
302 451
302 456
302 486
303 5
303 88
303 89
303 94
303 113
303 141
303 155
303 194
303 252
303 267
303 272
303 288
303 331
303 367
303 400
303 430
303 445
303 488
304 29
304 40
304 52
304 106
304 107
304 115
304 128
304 137
304 236
304 269
304 270
304 277
304 293
304 362
304 411
304 465
304 470
304 493
304 500
305 40
305 124
305 164
305 181
305 190
305 202
305 238
305 257
305 295
305 300
305 301
305 306
305 386
305 421
305 468
306 1
306 3
306 40
306 49
306 57
306 85
306 91
306 97
306 107
306 124
306 164
306 176
306 181
306 190
306 197
306 202
306 206
306 237
306 238
306 244
306 245
306 252
306 257
306 295
306 296
306 300
306 305
306 353
306 359
306 373
306 386
306 394
306 407
306 421
306 433
306 450
306 462
306 468
306 473
306 480
307 7
307 10
307 16
307 20
307 24
307 71
307 78
307 93
307 98
307 114
307 129
307 159
307 173
307 187
307 191
307 207
307 220
307 222
307 223
307 224
307 241
307 242
307 250
307 282
307 290
307 292
307 294
307 310
307 356
307 368
307 378
307 379
307 388
307 423
307 424
307 428
307 429
307 438
307 442
307 461
307 475
307 492
307 499
308 27
308 40
308 42
308 62
308 73
308 80
308 95
308 99
308 123
308 138
308 143
308 185
308 195
308 217
308 255
308 284
308 309
308 334
308 342
308 377
309 27
309 33
309 42
309 62
309 73
309 77
309 80
309 95
309 99
309 110
309 117
309 123
309 138
309 143
309 169
309 185
309 195
309 255
309 284
309 299
309 308
309 334
309 355
309 377
309 396
309 404
309 470
309 471
309 491
310 7
310 10
310 16
310 20
310 24
310 71
310 78
310 93
310 98
310 114
310 129
310 159
310 166
310 170
310 173
310 187
310 188
310 191
310 207
310 223
310 224
310 241
310 250
310 282
310 290
310 292
310 294
310 307
310 338
310 353
310 356
310 378
310 379
310 388
310 423
310 426
310 428
310 429
310 438
310 442
310 461
310 469
310 475
310 499
311 4
311 26
311 30
311 34
311 64
311 87
311 88
311 89
311 111
311 115
311 119
311 120
311 134
311 137
311 144
311 158
311 162
311 170
311 172
311 184
311 196
311 202
311 217
311 220
311 222
311 246
311 253
311 254
311 261
311 312
311 330
311 361
311 364
311 383
311 390
311 403
311 408
311 409
311 422
311 440
311 469
311 494
311 497
312 13
312 19
312 26
312 30
312 32
312 34
312 43
312 61
312 64
312 87
312 89
312 120
312 134
312 137
312 144
312 158
312 162
312 165
312 170
312 184
312 196
312 217
312 220
312 222
312 246
312 253
312 254
312 261
312 286
312 311
312 330
312 338
312 364
312 378
312 383
312 390
312 392
312 403
312 408
312 409
312 421
312 422
312 427
312 440
312 448
312 469
312 494
312 497
313 36
313 90
313 145
313 152
313 268
313 333
313 460
313 498
314 82
314 133
314 146
314 155
314 271
314 297
314 318
314 328
314 332
314 354
314 360
314 372
314 386
315 9
315 15
315 17
315 28
315 50
315 66
315 119
315 131
315 136
315 142
315 151
315 156
315 157
315 161
315 171
315 179
315 211
315 212
315 222
315 240
315 248
315 301
315 350
315 352
315 366
315 371
315 382
315 384
315 389
315 396
315 418
315 432
315 453
315 483
315 485
315 496
316 8
316 12
316 56
316 72
316 89
316 102
316 103
316 111
316 125
316 166
316 193
316 196
316 203
316 210
316 214
316 221
316 228
316 230
316 246
316 249
316 250
316 273
316 296
316 317
316 338
316 340
316 346
316 355
316 369
316 371
316 380
316 392
316 396
316 431
316 437
316 444
316 452
316 463
316 474
316 487
317 8
317 12
317 56
317 72
317 101
317 102
317 103
317 111
317 117
317 125
317 153
317 166
317 191
317 193
317 196
317 203
317 210
317 221
317 228
317 230
317 273
317 296
317 316
317 323
317 327
317 337
317 338
317 340
317 346
317 369
317 371
317 380
317 392
317 417
317 437
317 444
317 452
317 453
317 463
317 464
317 469
317 472
317 474
317 484
317 486
317 487
318 25
318 39
318 45
318 82
318 104
318 112
318 115
318 127
318 133
318 146
318 155
318 180
318 192
318 200
318 204
318 227
318 256
318 266
318 271
318 297
318 314
318 328
318 332
318 354
318 360
318 372
318 378
318 387
318 393
318 395
318 419
318 425
319 23
319 188
319 216
319 232
319 323
319 365
319 375
319 385
319 413
320 11
320 43
320 76
320 95
320 140
320 199
320 213
320 217
320 265
320 339
320 351
320 397
320 431
320 441
320 459
320 466
320 471
321 54
321 67
321 100
321 121
321 150
321 174
321 181
321 276
321 391
321 405
321 420
321 443
322 86
322 90
322 152
322 268
322 333
322 336
322 478
322 498
323 23
323 47
323 55
323 58
323 83
323 96
323 108
323 109
323 136
323 149
323 179
323 180
323 188
323 216
323 226
323 232
323 289
323 292
323 317
323 319
323 365
323 375
323 385
323 413
323 449
323 492
324 29
324 52
324 106
324 107
324 128
324 236
324 253
324 269
324 270
324 277
324 411
324 465
324 470
324 493
324 500
325 54
325 67
325 100
325 235
325 283
325 420
325 443
326 2
326 69
326 200
326 258
326 274
326 485
327 54
327 65
327 67
327 68
327 81
327 120
327 121
327 167
327 174
327 212
327 235
327 276
327 317
327 420
327 443
328 25
328 39
328 45
328 82
328 112
328 127
328 133
328 146
328 155
328 192
328 204
328 227
328 256
328 266
328 271
328 273
328 297
328 314
328 318
328 332
328 354
328 360
328 372
328 379
328 387
328 389
328 393
328 419
328 425
329 17
329 151
329 156
329 157
329 161
329 216
329 382
330 4
330 12
330 19
330 26
330 30
330 34
330 61
330 64
330 87
330 89
330 103
330 120
330 134
330 137
330 144
330 158
330 162
330 170
330 174
330 184
330 217
330 220
330 222
330 223
330 246
330 253
330 254
330 261
330 311
330 312
330 362
330 364
330 383
330 390
330 403
330 408
330 409
330 410
330 422
330 427
330 440
330 444
330 469
330 470
330 487
330 494
330 497
331 94
331 113
331 252
331 303
331 430
331 435
331 447
332 82
332 108
332 133
332 146
332 155
332 190
332 204
332 227
332 266
332 271
332 297
332 314
332 318
332 328
332 354
332 360
332 372
332 393
332 419
332 425
333 21
333 35
333 36
333 48
333 70
333 86
333 90
333 100
333 145
333 152
333 175
333 268
333 280
333 313
333 322
333 336
333 345
333 348
333 374
333 376
333 402
333 455
333 460
333 478
333 498
334 27
334 33
334 37
334 42
334 62
334 73
334 80
334 95
334 99
334 110
334 123
334 138
334 142
334 143
334 169
334 185
334 195
334 203
334 205
334 214
334 255
334 284
334 299
334 308
334 309
334 342
334 355
334 377
334 404
334 491
335 11
335 76
335 140
335 199
335 213
335 351
335 459
335 471
336 21
336 36
336 70
336 86
336 90
336 145
336 152
336 175
336 177
336 202
336 268
336 280
336 322
336 333
336 348
336 374
336 455
336 458
336 460
336 478
336 498
337 166
337 193
337 196
337 221
337 317
337 380
337 452
337 487
338 8
338 12
338 56
338 72
338 85
338 102
338 103
338 111
338 147
338 166
338 193
338 196
338 203
338 210
338 221
338 230
338 238
338 273
338 296
338 310
338 312
338 316
338 317
338 340
338 346
338 349
338 369
338 371
338 380
338 382
338 392
338 437
338 444
338 452
338 463
338 464
338 474
338 484
338 487
338 488
338 498
339 11
339 31
339 43
339 73
339 75
339 76
339 84
339 116
339 118
339 140
339 164
339 183
339 199
339 213
339 225
339 259
339 265
339 286
339 298
339 320
339 341
339 351
339 361
339 370
339 378
339 397
339 398
339 431
339 441
339 458
339 459
339 466
339 471
339 490
340 8
340 12
340 56
340 72
340 98
340 102
340 103
340 111
340 131
340 158
340 159
340 166
340 178
340 193
340 196
340 203
340 210
340 217
340 221
340 230
340 238
340 262
340 273
340 278
340 296
340 316
340 317
340 338
340 369
340 371
340 372
340 380
340 392
340 437
340 444
340 452
340 463
340 464
340 472
340 474
340 484
340 487
341 11
341 76
341 199
341 264
341 265
341 339
341 431
341 459
342 27
342 33
342 62
342 73
342 76
342 80
342 95
342 99
342 138
342 143
342 195
342 255
342 308
342 334
342 491
343 107
343 115
343 162
343 172
343 236
343 277
343 362
343 470
344 52
344 87
344 106
344 107
344 128
344 236
344 493
344 500
345 36
345 90
345 152
345 268
345 333
345 478
346 102
346 111
346 193
346 196
346 296
346 316
346 317
346 338
346 392
346 452
346 463
347 146
347 155
347 271
347 360
347 372
347 482
348 21
348 86
348 90
348 152
348 333
348 336
348 376
348 421
349 12
349 296
349 338
349 369
349 452
349 487
350 8
350 15
350 17
350 33
350 50
350 66
350 119
350 131
350 136
350 142
350 151
350 156
350 157
350 161
350 211
350 248
350 315
350 352
350 366
350 382
350 386
350 389
350 396
350 418
350 453
350 496
351 11
351 23
351 31
351 43
351 75
351 76
351 84
351 116
351 118
351 140
351 158
351 183
351 199
351 213
351 225
351 259
351 265
351 286
351 298
351 320
351 335
351 339
351 361
351 397
351 398
351 431
351 441
351 451
351 459
351 466
351 471
352 9
352 15
352 17
352 30
352 50
352 66
352 119
352 131
352 136
352 142
352 151
352 156
352 157
352 160
352 161
352 197
352 219
352 248
352 262
352 315
352 350
352 366
352 382
352 389
352 396
352 453
352 457
352 483
352 496
353 40
353 64
353 85
353 97
353 124
353 164
353 181
353 190
353 202
353 206
353 238
353 257
353 295
353 300
353 306
353 310
353 373
353 386
353 394
353 421
353 450
353 468
354 82
354 133
354 146
354 155
354 227
354 271
354 314
354 318
354 328
354 332
354 360
354 364
354 372
354 419
354 425
355 62
355 99
355 309
355 316
355 334
355 377
356 7
356 16
356 20
356 24
356 53
356 71
356 78
356 93
356 98
356 114
356 129
356 159
356 173
356 187
356 191
356 206
356 207
356 223
356 224
356 241
356 246
356 250
356 282
356 290
356 292
356 294
356 307
356 310
356 368
356 378
356 379
356 388
356 405
356 422
356 423
356 424
356 429
356 438
356 442
356 444
356 461
356 475
356 499
357 52
357 106
357 115
357 128
357 172
357 195
357 236
357 269
357 270
357 277
357 362
357 463
357 465
357 470
357 500
358 2
358 13
358 38
358 60
358 69
358 74
358 92
358 126
358 132
358 139
358 153
358 170
358 200
358 209
358 214
358 215
358 249
358 258
358 263
358 274
358 291
358 369
358 399
358 476
358 477
358 485
358 489
358 495
359 29
359 52
359 59
359 106
359 107
359 115
359 128
359 159
359 172
359 198
359 208
359 231
359 236
359 269
359 270
359 277
359 287
359 293
359 306
359 362
359 411
359 439
359 465
359 470
359 493
359 500
360 18
360 39
360 82
360 103
360 112
360 127
360 133
360 146
360 155
360 204
360 227
360 271
360 297
360 314
360 318
360 328
360 332
360 347
360 354
360 372
360 387
360 419
360 425
361 11
361 75
361 76
361 140
361 199
361 213
361 259
361 265
361 311
361 339
361 351
361 459
361 471
362 52
362 59
362 106
362 107
362 115
362 128
362 151
362 172
362 198
362 208
362 236
362 269
362 270
362 277
362 287
362 293
362 304
362 330
362 343
362 357
362 359
362 377
362 411
362 436
362 439
362 470
362 493
362 500
363 8
363 12
363 193
363 196
363 221
363 296
363 371
363 392
363 452
363 463
364 4
364 14
364 19
364 26
364 30
364 32
364 34
364 64
364 87
364 89
364 120
364 134
364 137
364 142
364 144
364 158
364 162
364 165
364 170
364 184
364 217
364 220
364 222
364 246
364 253
364 254
364 261
364 263
364 277
364 311
364 312
364 330
364 354
364 379
364 383
364 385
364 390
364 403
364 408
364 409
364 410
364 415
364 422
364 440
364 450
364 469
364 494
364 497
364 500
365 23
365 47
365 58
365 59
365 108
365 109
365 134
365 149
365 179
365 180
365 186
365 188
365 210
365 216
365 232
365 289
365 319
365 323
365 375
365 385
365 413
366 9
366 15
366 17
366 28
366 66
366 131
366 142
366 151
366 156
366 157
366 161
366 176
366 248
366 275
366 315
366 350
366 352
366 375
366 382
366 389
366 396
366 453
366 483
367 5
367 22
367 46
367 56
367 88
367 94
367 113
367 141
367 189
367 194
367 288
367 303
367 400
367 430
367 435
367 445
367 447
367 452
368 159
368 173
368 292
368 307
368 356
368 442
369 8
369 12
369 56
369 72
369 101
369 102
369 103
369 111
369 161
369 166
369 184
369 193
369 196
369 203
369 210
369 221
369 222
369 224
369 228
369 230
369 261
369 270
369 273
369 278
369 296
369 316
369 317
369 338
369 340
369 349
369 358
369 371
369 380
369 390
369 392
369 417
369 437
369 444
369 452
369 463
369 474
369 487
369 494
370 11
370 76
370 89
370 140
370 199
370 265
370 286
370 339
370 431
370 466
371 8
371 12
371 56
371 72
371 87
371 93
371 98
371 101
371 102
371 103
371 111
371 162
371 164
371 166
371 193
371 196
371 203
371 210
371 221
371 228
371 230
371 273
371 278
371 285
371 296
371 298
371 315
371 316
371 317
371 338
371 340
371 363
371 369
371 377
371 380
371 392
371 417
371 437
371 444
371 452
371 456
371 463
371 464
371 472
371 474
371 484
371 487
372 25
372 39
372 45
372 82
372 104
372 112
372 113
372 127
372 133
372 146
372 155
372 192
372 204
372 227
372 256
372 259
372 266
372 271
372 289
372 297
372 314
372 318
372 328
372 332
372 340
372 347
372 354
372 360
372 387
372 393
372 395
372 419
372 425
373 40
373 85
373 91
373 97
373 140
373 164
373 176
373 181
373 190
373 202
373 238
373 257
373 283
373 295
373 300
373 306
373 353
373 394
373 421
373 450
373 468
374 36
374 70
374 90
374 152
374 201
374 268
374 333
374 336
374 460
374 478
374 498
375 23
375 36
375 109
375 179
375 180
375 186
375 188
375 216
375 232
375 289
375 319
375 323
375 365
375 366
375 385
375 413
375 492
376 48
376 90
376 152
376 199
376 268
376 333
376 348
376 460
377 27
377 42
377 62
377 73
377 80
377 99
377 110
377 117
377 123
377 138
377 143
377 185
377 195
377 205
377 255
377 284
377 299
377 308
377 309
377 334
377 355
377 362
377 371
377 404
377 422
377 491
378 71
378 78
378 93
378 98
378 114
378 129
378 159
378 173
378 187
378 191
378 207
378 220
378 223
378 224
378 250
378 292
378 294
378 307
378 310
378 312
378 318
378 339
378 356
378 379
378 388
378 423
378 429
378 442
378 461
378 475
379 71
379 78
379 93
379 98
379 114
379 158
379 159
379 173
379 187
379 207
379 223
379 224
379 230
379 250
379 292
379 294
379 307
379 310
379 328
379 356
379 364
379 378
379 423
379 442
379 461
379 475
380 2
380 8
380 12
380 56
380 72
380 102
380 103
380 111
380 113
380 120
380 166
380 170
380 178
380 182
380 185
380 193
380 196
380 201
380 203
380 210
380 221
380 223
380 228
380 230
380 273
380 278
380 285
380 296
380 316
380 317
380 337
380 338
380 340
380 369
380 371
380 392
380 414
380 417
380 425
380 437
380 444
380 452
380 463
380 464
380 474
380 484
380 487
381 51
381 160
381 222
381 302
381 424
381 451
381 456
381 486
382 9
382 15
382 17
382 28
382 50
382 66
382 78
382 119
382 131
382 136
382 142
382 151
382 152
382 156
382 157
382 161
382 211
382 219
382 239
382 240
382 248
382 262
382 275
382 295
382 301
382 315
382 329
382 338
382 350
382 352
382 366
382 384
382 389
382 396
382 418
382 432
382 453
382 457
382 483
382 489
383 30
383 64
383 66
383 87
383 89
383 111
383 120
383 134
383 137
383 138
383 144
383 158
383 160
383 162
383 170
383 184
383 217
383 220
383 222
383 230
383 246
383 253
383 261
383 311
383 312
383 330
383 364
383 390
383 403
383 408
383 409
383 422
383 469
383 494
383 497
384 17
384 120
384 156
384 161
384 315
384 382
384 396
385 23
385 47
385 55
385 58
385 83
385 108
385 109
385 149
385 179
385 180
385 188
385 210
385 216
385 226
385 232
385 289
385 319
385 323
385 364
385 365
385 375
385 413
385 492
386 1
386 37
386 40
386 49
386 85
386 91
386 97
386 124
386 159
386 164
386 176
386 181
386 190
386 197
386 202
386 206
386 237
386 238
386 244
386 257
386 295
386 300
386 305
386 306
386 314
386 350
386 353
386 394
386 407
386 421
386 433
386 450
386 462
386 468
386 473
387 39
387 146
387 271
387 294
387 318
387 328
387 360
387 372
387 425
388 159
388 173
388 207
388 223
388 224
388 250
388 292
388 294
388 307
388 310
388 356
388 378
388 442
388 475
389 15
389 17
389 28
389 66
389 119
389 131
389 136
389 142
389 151
389 156
389 157
389 161
389 171
389 216
389 222
389 248
389 315
389 328
389 350
389 352
389 366
389 382
389 396
389 453
389 483
390 4
390 19
390 26
390 30
390 32
390 34
390 61
390 64
390 81
390 87
390 89
390 93
390 114
390 120
390 121
390 134
390 137
390 144
390 158
390 162
390 165
390 170
390 184
390 196
390 217
390 220
390 222
390 230
390 246
390 253
390 254
390 261
390 311
390 312
390 330
390 364
390 369
390 383
390 403
390 408
390 409
390 410
390 422
390 427
390 440
390 442
390 469
390 494
390 497
391 67
391 81
391 100
391 163
391 212
391 276
391 321
391 394
391 420
392 8
392 12
392 23
392 56
392 62
392 72
392 87
392 102
392 103
392 111
392 122
392 125
392 166
392 193
392 196
392 203
392 210
392 221
392 223
392 230
392 271
392 273
392 281
392 296
392 300
392 312
392 316
392 317
392 338
392 340
392 346
392 363
392 369
392 371
392 380
392 414
392 417
392 437
392 444
392 452
392 463
392 464
392 474
392 484
392 487
393 127
393 146
393 155
393 204
393 271
393 318
393 328
393 332
393 372
393 425
393 453
394 40
394 85
394 91
394 97
394 124
394 164
394 181
394 190
394 202
394 206
394 238
394 257
394 295
394 300
394 306
394 353
394 373
394 386
394 391
394 421
394 450
394 468
394 478
395 146
395 155
395 253
395 271
395 318
395 372
396 9
396 15
396 17
396 28
396 50
396 66
396 119
396 131
396 136
396 142
396 151
396 156
396 157
396 161
396 171
396 198
396 211
396 219
396 239
396 240
396 248
396 262
396 275
396 301
396 309
396 315
396 316
396 350
396 352
396 366
396 382
396 384
396 389
396 432
396 453
396 457
396 483
396 496
396 500
397 11
397 43
397 75
397 76
397 84
397 140
397 199
397 213
397 265
397 298
397 320
397 339
397 351
397 431
397 459
397 461
397 466
397 471
398 11
398 43
398 75
398 76
398 102
398 140
398 199
398 213
398 265
398 339
398 351
398 413
398 431
398 459
398 471
399 2
399 13
399 60
399 69
399 74
399 92
399 126
399 132
399 153
399 200
399 209
399 214
399 220
399 249
399 258
399 274
399 284
399 358
399 476
399 477
399 485
399 489
400 22
400 46
400 88
400 303
400 367
400 430
401 41
401 51
401 63
401 105
401 122
401 134
401 147
401 148
401 160
401 201
401 260
401 424
401 451
401 456
401 482
401 486
402 70
402 86
402 90
402 152
402 170
402 175
402 268
402 280
402 333
402 460
402 498
403 30
403 64
403 87
403 89
403 120
403 134
403 137
403 158
403 162
403 170
403 184
403 217
403 220
403 222
403 246
403 253
403 261
403 311
403 312
403 330
403 364
403 383
403 390
403 409
403 422
403 453
403 463
403 469
403 494
403 497
404 27
404 50
404 62
404 73
404 138
404 143
404 195
404 309
404 334
404 377
405 18
405 54
405 67
405 68
405 81
405 100
405 121
405 124
405 137
405 150
405 163
405 167
405 174
405 212
405 235
405 264
405 276
405 283
405 321
405 356
405 420
405 443
405 446
405 454
405 479
406 51
406 160
406 177
406 233
406 302
406 424
406 451
406 456
406 486
407 28
407 39
407 40
407 85
407 97
407 164
407 181
407 190
407 202
407 206
407 238
407 257
407 295
407 300
407 306
407 386
407 421
407 450
407 468
408 30
408 64
408 87
408 89
408 120
408 134
408 137
408 158
408 162
408 170
408 184
408 203
408 217
408 220
408 222
408 246
408 253
408 261
408 311
408 312
408 330
408 364
408 383
408 390
408 409
408 422
408 443
408 469
408 494
408 497
409 30
409 64
409 87
409 89
409 120
409 134
409 137
409 158
409 162
409 170
409 184
409 196
409 217
409 220
409 222
409 246
409 253
409 261
409 311
409 312
409 330
409 364
409 383
409 390
409 403
409 408
409 420
409 422
409 451
409 469
409 494
409 497
409 500
410 87
410 89
410 120
410 134
410 158
410 162
410 217
410 220
410 246
410 261
410 330
410 364
410 390
410 497
411 29
411 52
411 59
411 106
411 107
411 111
411 115
411 128
411 172
411 198
411 231
411 236
411 242
411 247
411 269
411 270
411 277
411 293
411 304
411 324
411 359
411 362
411 439
411 454
411 465
411 468
411 470
411 493
411 500
412 173
412 207
412 223
412 224
412 250
412 442
413 23
413 55
413 58
413 83
413 96
413 108
413 149
413 166
413 179
413 180
413 188
413 216
413 226
413 232
413 238
413 289
413 319
413 323
413 365
413 375
413 385
413 398
413 492
414 12
414 102
414 166
414 193
414 196
414 380
414 392
415 134
415 137
415 217
415 220
415 261
415 364
415 497
416 64
416 87
416 89
416 120
416 137
416 162
416 170
417 102
417 196
417 210
417 317
417 369
417 371
417 380
417 392
417 463
417 487
418 17
418 44
418 131
418 151
418 156
418 161
418 248
418 315
418 350
418 382
418 453
419 69
419 82
419 146
419 155
419 204
419 271
419 318
419 328
419 332
419 354
419 360
419 372
419 425
420 18
420 33
420 54
420 62
420 65
420 67
420 68
420 79
420 81
420 83
420 100
420 121
420 150
420 163
420 167
420 174
420 212
420 218
420 234
420 235
420 251
420 264
420 276
420 283
420 321
420 325
420 327
420 391
420 405
420 409
420 443
420 446
420 454
420 479
420 481
421 1
421 40
421 49
421 57
421 85
421 91
421 97
421 124
421 164
421 166
421 176
421 181
421 190
421 193
421 197
421 202
421 206
421 238
421 244
421 257
421 271
421 295
421 300
421 305
421 306
421 312
421 348
421 353
421 373
421 386
421 394
421 407
421 433
421 450
421 462
421 468
421 473
421 480
422 26
422 30
422 64
422 87
422 89
422 100
422 120
422 134
422 137
422 144
422 158
422 162
422 170
422 184
422 206
422 217
422 220
422 222
422 246
422 253
422 261
422 311
422 312
422 330
422 356
422 364
422 377
422 383
422 390
422 403
422 408
422 409
422 469
422 487
422 494
422 497
423 48
423 78
423 93
423 98
423 114
423 159
423 173
423 207
423 223
423 224
423 250
423 292
423 294
423 307
423 310
423 356
423 378
423 379
423 442
423 452
423 461
423 469
423 475
424 51
424 63
424 148
424 160
424 177
424 182
424 201
424 233
424 260
424 281
424 302
424 307
424 356
424 381
424 401
424 406
424 451
424 456
424 482
424 486
425 39
425 45
425 54
425 82
425 90
425 104
425 127
425 133
425 146
425 155
425 204
425 227
425 256
425 266
425 271
425 297
425 318
425 328
425 332
425 354
425 360
425 372
425 380
425 387
425 393
425 419
426 52
426 106
426 128
426 130
426 236
426 270
426 310
426 500
427 64
427 87
427 89
427 120
427 137
427 158
427 162
427 170
427 184
427 217
427 222
427 246
427 253
427 261
427 312
427 330
427 390
427 469
427 494
427 497
428 159
428 173
428 223
428 224
428 250
428 292
428 294
428 307
428 310
429 78
429 93
429 159
429 173
429 207
429 223
429 292
429 294
429 307
429 310
429 356
429 378
429 442
430 22
430 46
430 88
430 94
430 100
430 113
430 141
430 155
430 184
430 189
430 194
430 229
430 252
430 267
430 272
430 288
430 303
430 331
430 367
430 400
430 435
430 445
430 447
430 488
430 495
431 11
431 43
431 56
431 75
431 76
431 84
431 140
431 199
431 213
431 265
431 286
431 298
431 316
431 320
431 339
431 341
431 351
431 370
431 397
431 398
431 441
431 459
431 466
431 471
432 15
432 17
432 151
432 156
432 161
432 248
432 315
432 382
432 396
432 473
433 146
433 202
433 238
433 257
433 300
433 306
433 386
433 421
433 468
434 27
434 62
434 73
434 99
434 143
434 483
435 5
435 12
435 22
435 46
435 88
435 94
435 96
435 113
435 189
435 194
435 252
435 267
435 272
435 288
435 331
435 367
435 430
435 445
435 447
435 495
436 52
436 106
436 107
436 236
436 270
436 277
436 362
436 442
436 470
437 8
437 12
437 102
437 111
437 166
437 193
437 196
437 203
437 210
437 221
437 230
437 296
437 316
437 317
437 338
437 340
437 369
437 371
437 380
437 392
437 444
437 452
437 463
437 487
438 159
438 173
438 207
438 223
438 224
438 250
438 292
438 307
438 310
438 356
438 442
439 52
439 86
439 106
439 107
439 115
439 128
439 172
439 236
439 270
439 277
439 279
439 359
439 362
439 411
439 493
439 500
440 64
440 87
440 89
440 120
440 134
440 137
440 158
440 162
440 170
440 184
440 217
440 220
440 246
440 253
440 261
440 311
440 312
440 330
440 364
440 390
440 469
440 494
440 497
441 2
441 11
441 27
441 43
441 75
441 76
441 118
441 140
441 199
441 213
441 265
441 286
441 298
441 320
441 339
441 351
441 431
441 459
441 466
441 471
442 7
442 10
442 24
442 53
442 71
442 78
442 93
442 98
442 114
442 129
442 145
442 159
442 173
442 187
442 191
442 207
442 223
442 224
442 241
442 250
442 253
442 272
442 282
442 290
442 292
442 294
442 307
442 310
442 356
442 368
442 378
442 379
442 388
442 390
442 412
442 423
442 429
442 436
442 438
442 461
442 475
442 499
443 18
443 54
443 65
443 67
443 79
443 81
443 89
443 100
443 121
443 122
443 150
443 163
443 167
443 174
443 212
443 218
443 234
443 235
443 251
443 276
443 283
443 321
443 325
443 327
443 405
443 408
443 420
443 454
444 8
444 12
444 55
444 56
444 72
444 102
444 103
444 111
444 166
444 193
444 196
444 203
444 210
444 221
444 227
444 230
444 273
444 296
444 316
444 317
444 330
444 338
444 340
444 356
444 369
444 371
444 380
444 392
444 437
444 452
444 461
444 463
444 487
444 494
445 22
445 94
445 189
445 210
445 252
445 303
445 367
445 430
445 435
445 495
446 54
446 67
446 68
446 74
446 81
446 100
446 121
446 167
446 174
446 212
446 235
446 276
446 405
446 420
446 500
447 5
447 42
447 88
447 94
447 194
447 213
447 229
447 252
447 331
447 367
447 430
447 435
448 87
448 158
448 170
448 217
448 253
448 261
448 312
448 497
449 23
449 55
449 179
449 180
449 188
449 289
449 323
449 478
450 40
450 85
450 97
450 124
450 164
450 181
450 190
450 202
450 206
450 237
450 238
450 257
450 269
450 295
450 300
450 306
450 353
450 364
450 373
450 386
450 394
450 407
450 421
450 468
451 41
451 51
451 63
451 105
451 106
451 122
451 135
451 147
451 148
451 154
451 160
451 177
451 182
451 201
451 233
451 260
451 281
451 302
451 351
451 381
451 401
451 406
451 409
451 424
451 456
451 482
451 486
452 8
452 11
452 12
452 56
452 72
452 89
452 92
452 93
452 101
452 102
452 103
452 111
452 166
452 178
452 193
452 196
452 203
452 210
452 221
452 228
452 230
452 238
452 273
452 292
452 296
452 316
452 317
452 337
452 338
452 340
452 346
452 349
452 363
452 367
452 369
452 371
452 380
452 392
452 423
452 437
452 444
452 463
452 474
452 487
452 494
453 9
453 15
453 17
453 28
453 50
453 66
453 119
453 131
453 136
453 142
453 151
453 156
453 157
453 161
453 211
453 248
453 262
453 275
453 301
453 315
453 317
453 350
453 352
453 366
453 382
453 389
453 393
453 396
453 403
453 418
453 483
454 18
454 54
454 65
454 67
454 81
454 121
454 167
454 174
454 212
454 234
454 235
454 257
454 276
454 405
454 411
454 420
454 443
455 36
455 86
455 90
455 152
455 268
455 333
455 336
455 478
455 496
456 47
456 51
456 63
456 105
456 122
456 135
456 147
456 148
456 154
456 160
456 177
456 182
456 201
456 233
456 260
456 281
456 302
456 371
456 381
456 401
456 406
456 424
456 451
456 482
456 486
457 17
457 151
457 156
457 161
457 352
457 382
457 396
458 11
458 76
458 199
458 213
458 265
458 336
458 339
459 11
459 31
459 43
459 75
459 76
459 84
459 118
459 140
459 157
459 183
459 190
459 199
459 213
459 222
459 259
459 265
459 286
459 298
459 320
459 335
459 339
459 341
459 351
459 361
459 397
459 398
459 431
459 441
459 466
459 471
460 36
460 48
460 70
460 86
460 90
460 118
460 131
460 145
460 152
460 175
460 268
460 280
460 313
460 333
460 336
460 374
460 376
460 402
460 478
460 498
461 78
461 93
461 98
461 114
461 159
461 173
461 207
461 223
461 224
461 250
461 292
461 294
461 307
461 310
461 356
461 378
461 379
461 397
461 423
461 442
461 444
461 475
462 40
462 181
462 202
462 257
462 280
462 295
462 306
462 386
462 421
462 468
463 8
463 12
463 56
463 72
463 102
463 103
463 111
463 137
463 140
463 156
463 159
463 166
463 172
463 178
463 193
463 196
463 203
463 210
463 221
463 230
463 253
463 273
463 278
463 296
463 316
463 317
463 338
463 340
463 346
463 357
463 363
463 369
463 371
463 380
463 392
463 403
463 417
463 437
463 444
463 452
463 465
463 474
463 487
464 8
464 12
464 102
464 166
464 193
464 196
464 230
464 317
464 338
464 340
464 371
464 380
464 392
464 487
465 29
465 52
465 59
465 106
465 107
465 111
465 115
465 128
465 172
465 198
465 213
465 236
465 242
465 270
465 277
465 304
465 324
465 357
465 359
465 411
465 463
465 470
465 493
465 500
466 11
466 31
466 43
466 60
466 75
466 76
466 140
466 199
466 213
466 265
466 286
466 298
466 320
466 339
466 351
466 370
466 397
466 431
466 441
466 459
466 471
466 487
467 2
467 69
467 74
467 200
467 258
467 485
468 1
468 40
468 49
468 57
468 63
468 85
468 90
468 97
468 124
468 164
468 172
468 176
468 181
468 190
468 202
468 206
468 238
468 244
468 245
468 257
468 295
468 300
468 305
468 306
468 353
468 373
468 386
468 394
468 407
468 411
468 421
468 433
468 450
468 462
468 480
469 4
469 14
469 19
469 26
469 30
469 32
469 34
469 56
469 64
469 87
469 89
469 120
469 134
469 137
469 144
469 158
469 162
469 165
469 170
469 184
469 203
469 207
469 217
469 220
469 222
469 236
469 246
469 253
469 254
469 261
469 310
469 311
469 312
469 317
469 330
469 364
469 383
469 390
469 403
469 408
469 409
469 422
469 423
469 427
469 440
469 494
469 497
470 29
470 52
470 59
470 106
470 107
470 115
470 128
470 172
470 198
470 208
470 217
470 231
470 236
470 269
470 270
470 277
470 293
470 304
470 309
470 324
470 330
470 343
470 357
470 359
470 362
470 411
470 436
470 465
470 493
470 500
471 11
471 31
471 43
471 75
471 76
471 84
471 116
471 118
471 135
471 140
471 183
471 196
471 199
471 213
471 259
471 265
471 286
471 298
471 309
471 320
471 335
471 339
471 351
471 361
471 397
471 398
471 431
471 441
471 459
471 466
472 12
472 102
472 193
472 230
472 317
472 340
472 371
473 40
473 162
473 164
473 190
473 202
473 238
473 257
473 295
473 300
473 306
473 386
473 421
473 432
474 8
474 12
474 102
474 111
474 166
474 193
474 196
474 203
474 210
474 221
474 230
474 296
474 316
474 317
474 338
474 340
474 369
474 371
474 380
474 392
474 452
474 463
474 487
475 71
475 78
475 93
475 98
475 114
475 159
475 173
475 174
475 207
475 217
475 223
475 224
475 230
475 250
475 292
475 294
475 307
475 310
475 356
475 378
475 379
475 388
475 423
475 442
475 461
475 497
476 2
476 60
476 69
476 74
476 153
476 200
476 209
476 214
476 249
476 258
476 358
476 399
476 477
476 479
476 485
477 2
477 13
477 38
477 69
477 74
477 87
477 132
477 139
477 153
477 200
477 209
477 214
477 215
477 258
477 358
477 399
477 476
477 485
477 489
477 494
478 21
478 35
478 36
478 70
478 86
478 90
478 145
478 152
478 268
478 322
478 333
478 336
478 345
478 374
478 394
478 449
478 455
478 460
478 498
479 67
479 100
479 121
479 150
479 174
479 235
479 276
479 405
479 420
479 476
480 97
480 257
480 300
480 306
480 421
480 468
481 54
481 67
481 81
481 100
481 121
481 150
481 174
481 276
481 420
482 63
482 122
482 148
482 160
482 182
482 201
482 233
482 260
482 281
482 283
482 347
482 401
482 424
482 451
482 456
482 486
483 15
483 17
483 66
483 131
483 142
483 151
483 156
483 157
483 161
483 213
483 248
483 315
483 352
483 366
483 382
483 389
483 396
483 434
483 453
484 8
484 230
484 317
484 338
484 340
484 371
484 380
484 392
485 2
485 13
485 38
485 44
485 60
485 62
485 69
485 74
485 92
485 107
485 126
485 132
485 139
485 153
485 168
485 200
485 209
485 214
485 215
485 243
485 249
485 258
485 263
485 274
485 291
485 315
485 326
485 358
485 399
485 467
485 476
485 477
485 489
486 51
486 63
486 122
486 135
486 147
486 148
486 154
486 160
486 177
486 182
486 201
486 233
486 260
486 273
486 281
486 302
486 317
486 381
486 401
486 406
486 424
486 451
486 456
486 482
487 8
487 12
487 56
487 72
487 102
487 103
487 111
487 125
487 140
487 166
487 178
487 193
487 196
487 203
487 210
487 221
487 230
487 246
487 253
487 268
487 273
487 278
487 289
487 296
487 316
487 317
487 330
487 337
487 338
487 340
487 349
487 369
487 371
487 380
487 392
487 417
487 422
487 437
487 444
487 452
487 463
487 464
487 466
487 474
488 88
488 94
488 252
488 303
488 338
488 430
488 495
489 2
489 13
489 38
489 44
489 60
489 69
489 74
489 126
489 139
489 153
489 200
489 209
489 214
489 258
489 292
489 358
489 382
489 399
489 477
489 485
490 11
490 76
490 140
490 155
490 199
490 213
490 265
490 339
491 27
491 62
491 80
491 95
491 99
491 123
491 130
491 138
491 143
491 185
491 195
491 255
491 309
491 334
491 342
491 377
492 23
492 55
492 58
492 83
492 108
492 179
492 180
492 188
492 216
492 226
492 289
492 307
492 323
492 375
492 385
492 413
493 29
493 52
493 59
493 106
493 107
493 115
493 119
493 128
493 162
493 172
493 208
493 231
493 236
493 242
493 269
493 270
493 273
493 277
493 279
493 287
493 293
493 304
493 324
493 344
493 359
493 362
493 411
493 439
493 465
493 470
493 500
494 9
494 19
494 26
494 30
494 32
494 34
494 61
494 64
494 85
494 87
494 89
494 120
494 134
494 137
494 144
494 156
494 158
494 162
494 165
494 170
494 184
494 217
494 220
494 222
494 246
494 253
494 254
494 261
494 274
494 293
494 311
494 312
494 330
494 364
494 369
494 383
494 390
494 403
494 408
494 409
494 422
494 427
494 440
494 444
494 452
494 469
494 477
494 497
495 252
495 272
495 358
495 430
495 435
495 445
495 488
496 17
496 142
496 151
496 156
496 157
496 161
496 248
496 250
496 315
496 350
496 352
496 396
496 455
497 4
497 14
497 19
497 26
497 30
497 34
497 61
497 64
497 78
497 87
497 89
497 102
497 120
497 134
497 137
497 144
497 158
497 162
497 170
497 176
497 184
497 217
497 220
497 222
497 246
497 252
497 253
497 254
497 261
497 288
497 294
497 311
497 312
497 330
497 364
497 383
497 390
497 403
497 408
497 409
497 410
497 415
497 422
497 427
497 440
497 448
497 469
497 475
497 494
498 21
498 36
498 48
498 70
498 75
498 86
498 90
498 145
498 152
498 175
498 268
498 313
498 322
498 333
498 336
498 338
498 374
498 402
498 460
498 478
499 159
499 173
499 224
499 292
499 294
499 307
499 310
499 356
499 442
500 6
500 29
500 52
500 59
500 106
500 107
500 115
500 128
500 172
500 198
500 208
500 236
500 242
500 247
500 269
500 270
500 277
500 279
500 287
500 293
500 304
500 324
500 344
500 357
500 359
500 362
500 364
500 396
500 409
500 411
500 426
500 439
500 446
500 465
500 470
500 493
