1 32
1 141
1 236
1 282
1 376
1 444
1 470
1 491
2 58
2 127
2 166
2 217
2 250
2 251
2 282
2 323
2 370
2 378
2 415
2 445
2 479
3 32
3 49
3 101
3 124
3 141
3 182
3 209
3 215
3 246
3 282
3 293
3 312
3 343
3 363
3 376
3 415
3 463
3 491
3 499
4 32
4 263
4 282
4 293
4 343
4 362
4 365
4 491
5 14
5 156
5 255
5 281
5 316
5 379
5 424
5 438
5 474
6 81
6 137
6 224
6 295
6 327
6 359
7 17
7 31
7 70
7 95
7 158
7 177
7 192
7 219
7 244
7 245
7 257
7 301
7 306
7 338
7 348
7 390
7 476
8 39
8 44
8 57
8 102
8 106
8 120
8 131
8 150
8 157
8 162
8 176
8 200
8 230
8 231
8 261
8 264
8 276
8 346
8 361
8 403
8 404
9 17
9 31
9 70
9 94
9 134
9 139
9 158
9 192
9 193
9 219
9 235
9 245
9 257
9 278
9 280
9 301
9 315
9 338
9 390
9 425
10 66
10 113
10 151
10 170
10 202
10 232
10 234
10 314
10 339
10 347
10 371
10 431
10 441
11 19
11 69
11 89
11 102
11 158
11 213
11 239
11 271
11 287
11 302
11 351
11 385
11 457
11 467
11 493
12 127
12 167
12 196
12 203
12 258
12 263
12 302
12 358
13 75
13 84
13 93
13 105
13 161
13 183
13 372
13 490
14 5
14 54
14 71
14 78
14 90
14 91
14 107
14 113
14 156
14 240
14 281
14 346
14 371
14 424
14 427
14 434
14 438
14 462
14 466
14 474
15 26
15 43
15 56
15 58
15 63
15 95
15 110
15 114
15 119
15 127
15 129
15 136
15 143
15 156
15 180
15 191
15 205
15 215
15 218
15 248
15 250
15 251
15 277
15 296
15 323
15 329
15 332
15 368
15 370
15 378
15 388
15 400
15 415
15 420
15 439
15 445
15 468
15 476
15 479
15 485
16 35
16 38
16 49
16 103
16 264
16 324
16 450
16 461
17 7
17 9
17 31
17 38
17 70
17 89
17 158
17 176
17 187
17 192
17 219
17 245
17 250
17 257
17 301
17 306
17 338
17 388
17 390
17 395
17 481
18 114
18 151
18 305
18 341
18 432
18 458
18 494
19 11
19 22
19 27
19 62
19 67
19 69
19 89
19 109
19 119
19 127
19 144
19 167
19 213
19 239
19 244
19 266
19 271
19 277
19 287
19 294
19 348
19 351
19 385
19 413
19 467
19 493
19 497
20 22
20 85
20 92
20 251
20 290
20 292
20 374
20 386
20 387
20 394
20 426
20 439
21 40
21 46
21 58
21 86
21 119
21 124
21 129
21 133
21 138
21 141
21 142
21 145
21 159
21 171
21 191
21 193
21 208
21 241
21 244
21 274
21 292
21 298
21 310
21 311
21 319
21 325
21 332
21 337
21 339
21 352
21 358
21 377
21 388
21 395
21 399
21 401
21 406
21 410
21 422
21 430
21 445
21 447
21 448
21 454
21 483
22 19
22 20
22 68
22 85
22 92
22 169
22 290
22 291
22 387
22 394
22 399
22 426
22 439
22 448
23 25
23 37
23 117
23 128
23 132
23 168
23 194
23 203
23 219
23 258
23 263
23 293
23 302
23 333
23 358
23 360
23 408
23 446
23 461
23 492
24 27
24 43
24 47
24 64
24 73
24 80
24 82
24 83
24 89
24 99
24 143
24 159
24 205
24 228
24 284
24 300
24 304
24 333
24 382
24 388
24 395
24 418
24 445
24 457
24 497
24 499
25 23
25 37
25 85
25 194
25 203
25 258
25 263
25 302
25 323
25 358
25 410
25 446
25 471
26 15
26 43
26 58
26 143
26 251
26 323
26 342
26 370
26 393
26 415
26 420
26 460
26 479
27 19
27 24
27 29
27 69
27 89
27 146
27 173
27 186
27 213
27 229
27 237
27 239
27 271
27 274
27 287
27 294
27 326
27 348
27 351
27 385
27 413
27 448
27 464
27 467
27 488
27 493
28 73
28 92
28 235
28 290
28 314
28 387
28 394
28 426
28 439
29 27
29 69
29 213
29 239
29 259
29 271
29 385
29 407
29 467
29 493
30 43
30 58
30 127
30 139
30 143
30 181
30 215
30 250
30 251
30 277
30 323
30 354
30 378
30 420
30 467
30 476
30 479
31 7
31 9
31 17
31 50
31 54
31 70
31 71
31 94
31 139
31 158
31 192
31 219
31 245
31 257
31 268
31 301
31 306
31 335
31 338
31 385
31 390
31 396
31 425
31 470
31 481
32 1
32 3
32 4
32 83
32 96
32 101
32 141
32 142
32 146
32 246
32 277
32 282
32 293
32 298
32 312
32 343
32 357
32 363
32 376
32 385
32 446
32 457
32 463
32 491
33 119
33 143
33 370
33 406
33 415
33 420
33 445
33 454
33 484
34 107
34 123
34 236
34 303
34 346
34 367
34 385
34 408
35 16
35 38
35 44
35 48
35 103
35 121
35 143
35 226
35 264
35 315
35 324
35 377
35 415
35 423
35 450
35 451
36 38
36 40
36 41
36 65
36 95
36 120
36 134
36 149
36 163
36 166
36 198
36 205
36 235
36 268
36 272
36 275
36 321
36 360
36 369
36 373
36 405
36 447
36 488
36 489
37 23
37 25
37 64
37 128
37 132
37 194
37 203
37 234
37 258
37 263
37 296
37 302
37 358
37 446
37 479
37 492
37 495
38 16
38 17
38 35
38 36
38 103
38 121
38 133
38 264
38 450
38 451
39 8
39 57
39 102
39 176
39 200
39 289
39 336
40 21
40 36
40 43
40 86
40 156
40 171
40 191
40 193
40 208
40 211
40 218
40 241
40 254
40 268
40 274
40 292
40 298
40 310
40 311
40 319
40 325
40 330
40 337
40 345
40 377
40 399
40 401
40 409
40 447
40 448
40 454
40 483
41 36
41 61
41 115
41 134
41 149
41 163
41 166
41 178
41 205
41 232
41 268
41 272
41 275
41 321
41 329
41 339
41 366
41 488
41 499
42 47
42 66
42 113
42 143
42 151
42 154
42 170
42 202
42 205
42 213
42 234
42 243
42 248
42 275
42 314
42 322
42 371
42 407
42 441
42 456
42 469
42 486
43 15
43 24
43 26
43 30
43 40
43 56
43 58
43 63
43 64
43 95
43 110
43 111
43 119
43 127
43 136
43 143
43 180
43 198
43 215
43 244
43 250
43 251
43 275
43 277
43 319
43 323
43 344
43 348
43 370
43 378
43 395
43 415
43 420
43 445
43 472
43 476
43 479
43 485
44 8
44 35
44 60
44 61
44 65
44 135
44 144
44 150
44 207
44 210
44 241
44 242
44 278
44 280
44 284
44 296
44 301
44 315
44 318
44 335
44 340
44 374
44 383
44 400
44 416
44 420
44 428
44 466
44 472
44 475
44 490
45 64
45 75
45 82
45 93
45 104
45 105
45 148
45 161
45 183
45 184
45 193
45 231
45 318
45 372
45 429
45 479
46 21
46 64
46 73
46 80
46 82
46 83
46 84
46 99
46 159
46 169
46 188
46 300
46 363
46 379
46 457
46 472
46 499
47 24
47 42
47 64
47 73
47 80
47 82
47 83
47 84
47 99
47 110
47 112
47 130
47 135
47 138
47 159
47 178
47 228
47 230
47 237
47 238
47 290
47 294
47 295
47 300
47 304
47 330
47 333
47 338
47 356
47 365
47 380
47 382
47 383
47 388
47 395
47 410
47 417
47 457
47 470
47 472
47 475
47 497
47 499
48 35
48 103
48 264
48 302
48 324
48 369
48 450
49 3
49 16
49 107
49 188
49 210
49 217
49 262
49 295
49 313
49 336
49 344
49 350
49 390
49 398
49 433
49 479
50 31
50 89
50 103
50 213
50 239
50 287
50 351
50 385
50 467
50 493
51 76
51 108
51 127
51 163
51 189
51 249
51 256
51 269
51 297
51 338
51 440
52 77
52 95
52 128
52 151
52 153
52 168
52 221
52 283
52 316
52 321
52 328
52 352
52 379
52 396
52 397
52 430
52 484
53 79
53 270
53 307
53 380
53 408
53 453
54 14
54 31
54 192
54 198
54 219
54 245
54 257
54 390
55 64
55 144
55 156
55 281
55 434
55 438
55 453
55 466
55 474
56 15
56 43
56 58
56 402
56 445
56 476
57 8
57 39
57 102
57 106
57 151
57 157
57 162
57 176
57 200
57 252
57 261
57 361
57 404
57 445
57 486
57 490
58 2
58 15
58 21
58 26
58 30
58 43
58 56
58 63
58 64
58 84
58 90
58 92
58 95
58 99
58 110
58 119
58 127
58 133
58 136
58 143
58 202
58 215
58 218
58 231
58 250
58 251
58 273
58 274
58 277
58 323
58 339
58 358
58 368
58 370
58 378
58 415
58 420
58 430
58 431
58 433
58 445
58 468
58 476
58 479
58 485
58 493
58 499
59 116
59 177
59 211
59 228
59 329
59 331
59 373
59 434
60 44
60 65
60 80
60 83
60 109
60 135
60 150
60 207
60 213
60 227
60 242
60 278
60 280
60 284
60 296
60 300
60 315
60 318
60 328
60 335
60 340
60 351
60 374
60 383
60 395
60 400
60 416
60 428
60 445
60 475
60 478
60 490
61 41
61 44
61 119
61 164
61 192
61 242
61 278
61 315
61 335
61 374
61 400
61 428
62 19
62 206
62 207
62 222
62 223
62 409
63 15
63 43
63 58
63 64
63 95
63 104
63 110
63 119
63 127
63 136
63 143
63 149
63 180
63 202
63 215
63 235
63 250
63 251
63 258
63 277
63 300
63 323
63 357
63 370
63 374
63 378
63 415
63 420
63 445
63 476
63 479
63 485
63 497
64 24
64 37
64 43
64 45
64 46
64 47
64 55
64 58
64 63
64 73
64 80
64 82
64 83
64 84
64 97
64 99
64 116
64 126
64 130
64 156
64 159
64 214
64 225
64 228
64 229
64 230
64 237
64 238
64 291
64 300
64 301
64 304
64 321
64 330
64 333
64 345
64 380
64 382
64 387
64 388
64 395
64 401
64 411
64 417
64 457
64 470
64 472
64 496
64 497
64 499
65 36
65 44
65 60
65 92
65 95
65 109
65 118
65 135
65 139
65 150
65 165
65 207
65 208
65 227
65 232
65 242
65 277
65 278
65 280
65 284
65 296
65 311
65 315
65 318
65 370
65 374
65 381
65 383
65 400
65 428
65 452
65 475
65 490
66 10
66 42
66 87
66 100
66 113
66 151
66 154
66 170
66 185
66 202
66 210
66 231
66 234
66 248
66 253
66 280
66 282
66 314
66 322
66 355
66 371
66 397
66 407
66 426
66 441
66 455
66 456
66 467
66 469
66 484
66 486
66 487
67 19
67 89
67 132
67 210
67 213
67 287
67 348
67 385
67 493
68 22
68 92
68 144
68 290
68 312
68 378
68 394
68 426
68 439
69 11
69 19
69 27
69 29
69 73
69 86
69 89
69 98
69 120
69 121
69 140
69 141
69 155
69 167
69 173
69 210
69 213
69 239
69 261
69 271
69 287
69 294
69 307
69 334
69 337
69 348
69 351
69 370
69 385
69 413
69 428
69 467
69 493
70 7
70 9
70 17
70 31
70 82
70 192
70 219
70 245
70 257
70 298
70 301
70 321
70 338
70 445
71 14
71 31
71 78
71 91
71 156
71 183
71 210
71 266
71 281
71 421
71 424
71 438
71 466
71 474
71 493
72 134
72 149
72 166
72 205
72 222
72 275
72 321
73 24
73 28
73 46
73 47
73 64
73 69
73 80
73 82
73 83
73 84
73 97
73 99
73 113
73 116
73 125
73 130
73 159
73 193
73 215
73 228
73 229
73 230
73 234
73 238
73 239
73 241
73 263
73 300
73 303
73 304
73 330
73 333
73 345
73 366
73 380
73 382
73 383
73 388
73 395
73 410
73 417
73 443
73 457
73 470
73 472
73 474
73 483
73 497
73 499
74 138
74 150
74 242
74 278
74 280
74 335
74 374
74 375
74 400
75 13
75 45
75 93
75 104
75 105
75 148
75 161
75 164
75 183
75 184
75 231
75 275
75 370
75 372
75 429
75 461
75 475
75 488
76 51
76 108
76 269
76 293
76 297
76 440
77 52
77 153
77 168
77 221
77 230
77 316
77 328
77 351
77 352
77 379
77 382
77 396
77 397
77 430
77 449
77 479
78 14
78 71
78 156
78 174
78 353
78 434
78 438
78 496
79 53
79 111
79 129
79 212
79 219
79 270
79 279
79 307
79 347
79 357
79 388
79 445
79 499
80 24
80 46
80 47
80 60
80 64
80 73
80 82
80 83
80 84
80 92
80 96
80 97
80 99
80 125
80 130
80 136
80 143
80 159
80 166
80 170
80 225
80 228
80 229
80 230
80 237
80 277
80 290
80 300
80 304
80 323
80 330
80 333
80 356
80 382
80 388
80 395
80 401
80 417
80 448
80 452
80 457
80 470
80 471
80 472
80 497
80 499
81 6
81 109
81 137
81 196
81 214
81 215
81 224
81 271
81 327
81 370
81 391
82 24
82 45
82 46
82 47
82 64
82 70
82 73
82 80
82 83
82 84
82 86
82 97
82 99
82 112
82 113
82 125
82 130
82 156
82 159
82 225
82 228
82 229
82 230
82 237
82 239
82 278
82 300
82 304
82 310
82 318
82 330
82 333
82 336
82 345
82 352
82 356
82 374
82 380
82 382
82 388
82 395
82 417
82 437
82 454
82 457
82 470
82 472
82 476
82 497
82 499
83 24
83 32
83 46
83 47
83 60
83 64
83 73
83 80
83 82
83 84
83 97
83 99
83 107
83 112
83 116
83 119
83 125
83 130
83 134
83 143
83 159
83 178
83 218
83 221
83 228
83 230
83 274
83 300
83 301
83 304
83 330
83 333
83 356
83 382
83 388
83 395
83 417
83 436
83 447
83 456
83 457
83 470
83 471
83 472
83 497
83 499
84 13
84 46
84 47
84 58
84 64
84 73
84 80
84 82
84 83
84 99
84 107
84 130
84 159
84 228
84 230
84 238
84 254
84 274
84 300
84 304
84 330
84 333
84 339
84 345
84 351
84 378
84 382
84 388
84 395
84 417
84 457
84 469
84 470
84 472
84 479
84 489
84 497
84 499
85 20
85 22
85 25
85 92
85 169
85 290
85 300
85 318
85 323
85 386
85 387
85 394
85 426
85 439
86 21
86 40
86 69
86 82
86 133
86 138
86 145
86 159
86 171
86 191
86 193
86 208
86 244
86 274
86 280
86 284
86 292
86 298
86 310
86 311
86 319
86 324
86 325
86 332
86 337
86 377
86 388
86 395
86 399
86 401
86 406
86 424
86 436
86 447
86 448
86 454
86 470
86 483
87 66
87 109
87 150
87 175
87 207
87 242
87 278
87 280
87 284
87 286
87 291
87 296
87 309
87 315
87 318
87 335
87 369
87 374
87 383
87 400
87 416
87 444
87 447
87 452
87 457
87 463
87 475
87 490
88 120
88 150
88 242
88 280
88 315
88 318
88 333
88 374
88 400
88 428
88 434
89 11
89 17
89 19
89 24
89 27
89 50
89 67
89 69
89 98
89 119
89 140
89 173
89 213
89 239
89 248
89 250
89 263
89 271
89 284
89 287
89 294
89 303
89 321
89 323
89 348
89 351
89 366
89 374
89 385
89 413
89 467
89 478
89 493
90 14
90 58
90 127
90 143
90 215
90 250
90 277
90 420
91 14
91 71
91 156
91 258
91 424
91 438
91 452
91 466
91 494
92 20
92 22
92 28
92 58
92 65
92 68
92 80
92 85
92 287
92 290
92 386
92 387
92 388
92 394
92 411
92 426
92 437
92 439
93 13
93 45
93 75
93 104
93 161
93 211
93 251
93 372
94 9
94 31
94 112
94 192
94 219
94 245
94 257
94 300
94 418
94 425
95 7
95 15
95 36
95 43
95 52
95 58
95 63
95 65
95 110
95 119
95 127
95 136
95 143
95 165
95 180
95 188
95 215
95 216
95 223
95 250
95 251
95 273
95 277
95 287
95 312
95 323
95 368
95 370
95 374
95 378
95 415
95 420
95 435
95 445
95 476
95 479
95 485
96 32
96 80
96 141
96 230
96 282
96 293
96 321
96 343
96 363
96 463
96 491
97 64
97 73
97 80
97 82
97 83
97 99
97 114
97 130
97 159
97 187
97 228
97 230
97 239
97 300
97 304
97 318
97 352
97 457
97 497
98 69
98 89
98 271
98 287
98 385
98 467
99 24
99 46
99 47
99 58
99 64
99 73
99 80
99 82
99 83
99 84
99 97
99 112
99 125
99 130
99 150
99 151
99 159
99 191
99 193
99 207
99 223
99 225
99 228
99 230
99 238
99 249
99 292
99 300
99 304
99 325
99 329
99 330
99 333
99 340
99 345
99 380
99 382
99 388
99 395
99 400
99 417
99 457
99 470
99 472
99 479
99 491
99 497
99 499
100 66
100 137
100 154
100 170
100 202
100 278
100 314
100 371
100 456
100 493
101 3
101 32
101 141
101 221
101 270
101 282
101 293
101 343
101 363
101 441
101 491
102 8
102 11
102 39
102 57
102 106
102 128
102 157
102 162
102 176
102 200
102 261
102 315
102 346
102 385
102 403
102 404
102 486
103 16
103 35
103 38
103 48
103 50
103 121
103 207
103 226
103 264
103 267
103 268
103 324
103 392
103 420
103 423
103 435
103 450
103 451
104 45
104 63
104 75
104 93
104 105
104 161
104 164
104 183
104 210
104 231
104 295
104 372
104 398
104 429
105 13
105 45
105 75
105 104
105 161
105 178
105 231
105 264
105 278
105 372
105 429
106 8
106 57
106 102
106 134
106 157
106 162
106 176
106 200
106 261
106 276
106 308
106 311
106 346
106 361
106 403
106 408
106 456
106 457
107 14
107 34
107 49
107 83
107 84
107 123
107 144
107 147
107 178
107 186
107 236
107 282
107 291
107 303
107 309
107 354
107 364
107 367
107 374
107 401
107 408
107 410
107 418
107 433
107 465
107 477
107 482
107 484
107 485
107 489
107 496
108 51
108 76
108 262
108 269
108 297
108 313
109 19
109 60
109 65
109 81
109 87
109 150
109 163
109 207
109 211
109 224
109 232
109 233
109 242
109 278
109 280
109 284
109 285
109 291
109 296
109 315
109 318
109 335
109 340
109 369
109 374
109 400
109 416
109 417
109 428
109 445
109 452
109 475
109 485
109 490
109 491
110 15
110 43
110 47
110 58
110 63
110 95
110 119
110 127
110 136
110 143
110 180
110 192
110 213
110 215
110 218
110 236
110 250
110 251
110 277
110 280
110 299
110 323
110 351
110 368
110 370
110 378
110 413
110 415
110 420
110 424
110 429
110 445
110 467
110 476
110 479
111 43
111 79
111 212
111 270
111 279
111 307
111 357
111 407
111 453
111 496
112 47
112 82
112 83
112 94
112 99
112 149
112 203
112 333
112 340
112 382
112 388
112 417
112 457
113 10
113 14
113 42
113 66
113 73
113 82
113 123
113 151
113 154
113 162
113 170
113 174
113 195
113 202
113 223
113 234
113 245
113 248
113 314
113 322
113 348
113 355
113 371
113 399
113 407
113 441
113 456
113 469
113 486
113 495
113 499
114 15
114 18
114 97
114 175
114 247
114 303
114 305
114 341
114 349
114 362
114 411
114 482
115 41
115 134
115 136
115 164
115 166
115 321
116 59
116 64
116 73
116 83
116 118
116 119
116 330
116 333
116 417
116 457
116 499
117 23
117 203
117 258
117 263
117 266
117 302
117 322
117 358
118 65
118 116
118 181
118 237
118 253
118 265
118 266
118 298
118 299
118 412
118 473
119 15
119 19
119 21
119 33
119 43
119 58
119 61
119 63
119 83
119 89
119 95
119 110
119 116
119 127
119 136
119 143
119 161
119 170
119 180
119 190
119 215
119 218
119 250
119 251
119 277
119 280
119 294
119 323
119 370
119 378
119 390
119 415
119 420
119 445
119 454
119 468
119 476
119 479
119 482
119 485
120 8
120 36
120 69
120 88
120 134
120 149
120 166
120 198
120 205
120 272
120 302
120 321
120 339
120 366
120 388
120 488
121 35
121 38
121 69
121 103
121 201
121 226
121 264
121 324
121 367
122 210
122 217
122 250
122 295
122 305
122 313
122 336
122 344
122 399
122 435
122 444
123 34
123 107
123 113
123 141
123 144
123 147
123 178
123 186
123 236
123 284
123 288
123 303
123 309
123 318
123 354
123 367
123 394
123 408
123 410
123 416
123 418
123 431
123 465
123 477
123 482
123 484
123 489
123 496
124 3
124 21
124 191
124 193
124 279
124 298
124 311
124 401
124 493
125 73
125 80
125 82
125 83
125 99
125 159
125 172
125 331
125 382
125 396
125 470
125 472
125 480
125 497
126 64
126 159
126 298
126 333
126 395
126 429
127 2
127 12
127 15
127 19
127 30
127 43
127 51
127 58
127 63
127 90
127 95
127 110
127 119
127 136
127 143
127 180
127 215
127 218
127 247
127 250
127 251
127 268
127 273
127 277
127 296
127 300
127 304
127 323
127 333
127 368
127 370
127 378
127 395
127 401
127 415
127 417
127 420
127 437
127 445
127 468
127 476
127 479
127 485
127 488
127 491
128 23
128 37
128 52
128 102
128 132
128 175
128 194
128 203
128 258
128 263
128 302
128 358
128 446
128 500
129 15
129 21
129 79
129 212
129 270
129 279
129 307
129 347
129 357
130 47
130 64
130 73
130 80
130 82
130 83
130 84
130 97
130 99
130 159
130 170
130 200
130 212
130 230
130 251
130 260
130 300
130 304
130 325
130 333
130 388
130 395
130 417
130 445
130 446
130 457
130 470
130 472
130 490
130 497
131 8
131 162
131 176
131 200
131 227
131 237
131 261
131 326
131 346
132 23
132 37
132 67
132 128
132 194
132 258
132 263
132 274
132 302
132 337
132 351
132 358
133 21
133 38
133 58
133 86
133 208
133 244
133 274
133 298
133 310
133 311
133 325
133 337
133 399
133 400
133 419
133 448
133 464
134 9
134 36
134 41
134 72
134 83
134 106
134 115
134 120
134 149
134 150
134 163
134 166
134 198
134 202
134 205
134 220
134 235
134 257
134 268
134 272
134 275
134 278
134 321
134 339
134 344
134 360
134 366
134 405
134 406
134 480
134 488
135 44
135 47
135 60
135 65
135 150
135 171
135 207
135 242
135 278
135 280
135 284
135 296
135 307
135 318
135 330
135 333
135 335
135 374
135 383
135 400
135 415
135 472
135 475
135 490
136 15
136 43
136 58
136 63
136 80
136 95
136 110
136 115
136 119
136 127
136 143
136 150
136 171
136 180
136 190
136 206
136 215
136 218
136 228
136 234
136 250
136 251
136 269
136 273
136 277
136 289
136 294
136 323
136 353
136 368
136 370
136 378
136 415
136 417
136 420
136 445
136 468
136 476
136 479
136 485
137 6
137 81
137 100
137 172
137 196
137 214
137 224
137 296
138 21
138 47
138 74
138 86
138 151
138 191
138 193
138 208
138 209
138 241
138 244
138 274
138 287
138 296
138 298
138 310
138 311
138 367
138 399
138 401
138 406
138 447
138 448
138 467
139 9
139 30
139 31
139 65
139 219
139 245
139 301
139 386
140 69
140 89
140 180
140 208
140 213
140 239
140 351
140 413
140 467
140 493
141 1
141 3
141 21
141 32
141 69
141 96
141 101
141 123
141 146
141 182
141 193
141 225
141 246
141 282
141 286
141 293
141 295
141 312
141 324
141 343
141 363
141 376
141 380
141 463
141 491
142 21
142 32
142 171
142 191
142 193
142 241
142 272
142 274
142 277
142 298
142 311
142 325
142 348
142 399
142 448
142 454
142 457
143 15
143 24
143 26
143 30
143 33
143 35
143 42
143 43
143 58
143 63
143 80
143 83
143 90
143 95
143 110
143 119
143 127
143 136
143 168
143 180
143 191
143 206
143 215
143 218
143 250
143 251
143 273
143 274
143 277
143 323
143 340
143 368
143 370
143 378
143 415
143 419
143 420
143 421
143 442
143 444
143 445
143 468
143 476
143 479
143 485
143 490
143 493
144 19
144 44
144 55
144 68
144 107
144 123
144 147
144 171
144 178
144 186
144 236
144 251
144 284
144 298
144 303
144 309
144 354
144 364
144 367
144 408
144 410
144 413
144 418
144 457
144 465
144 477
144 482
144 484
144 489
144 496
145 21
145 86
145 172
145 191
145 193
145 315
145 318
145 447
145 448
146 27
146 32
146 141
146 222
146 282
146 293
146 463
146 491
147 107
147 123
147 144
147 178
147 196
147 367
147 482
148 45
148 75
148 161
148 181
148 207
148 231
148 233
148 372
149 36
149 41
149 63
149 72
149 112
149 120
149 134
149 162
149 163
149 166
149 198
149 205
149 235
149 251
149 268
149 272
149 275
149 296
149 321
149 339
149 360
149 366
149 405
149 415
149 430
149 470
149 480
149 488
150 8
150 44
150 60
150 65
150 74
150 87
150 88
150 99
150 109
150 134
150 135
150 136
150 165
150 207
150 215
150 227
150 232
150 233
150 242
150 250
150 271
150 278
150 280
150 284
150 291
150 296
150 315
150 318
150 335
150 340
150 369
150 374
150 375
150 383
150 400
150 416
150 428
150 441
150 450
150 452
150 463
150 468
150 472
150 475
150 488
150 490
150 498
150 500
151 10
151 18
151 42
151 52
151 57
151 66
151 99
151 113
151 138
151 154
151 166
151 170
151 174
151 185
151 202
151 234
151 248
151 314
151 322
151 335
151 355
151 371
151 407
151 441
151 445
151 456
151 467
151 469
151 486
151 487
152 177
152 252
152 288
152 329
152 361
152 373
153 52
153 77
153 220
153 316
153 333
153 352
153 379
153 396
153 430
153 449
153 477
154 42
154 66
154 100
154 113
154 151
154 170
154 180
154 202
154 234
154 248
154 280
154 314
154 331
154 371
154 378
154 407
154 431
154 441
154 456
154 457
154 469
155 69
155 196
155 214
155 303
155 327
155 359
156 5
156 14
156 15
156 40
156 55
156 64
156 71
156 78
156 82
156 91
156 179
156 275
156 281
156 359
156 368
156 421
156 424
156 427
156 434
156 438
156 462
156 466
156 469
156 474
156 479
157 8
157 57
157 102
157 106
157 162
157 176
157 200
157 296
157 325
157 346
157 383
157 433
158 7
158 9
158 11
158 17
158 31
158 192
158 196
158 219
158 245
158 338
158 355
158 390
158 392
159 21
159 24
159 46
159 47
159 64
159 73
159 80
159 82
159 83
159 84
159 86
159 97
159 99
159 125
159 126
159 130
159 170
159 214
159 225
159 228
159 230
159 237
159 245
159 271
159 277
159 291
159 300
159 304
159 330
159 333
159 341
159 345
159 347
159 356
159 382
159 388
159 395
159 400
159 409
159 415
159 417
159 447
159 450
159 457
159 470
159 472
159 497
159 499
160 177
160 193
160 211
160 288
160 329
160 331
160 375
161 13
161 45
161 75
161 93
161 104
161 105
161 119
161 148
161 164
161 183
161 184
161 220
161 231
161 294
161 370
161 372
161 429
161 476
162 8
162 57
162 102
162 106
162 113
162 131
162 149
162 157
162 176
162 200
162 261
162 269
162 276
162 278
162 346
162 361
162 382
162 403
162 472
163 36
163 41
163 51
163 109
163 134
163 149
163 166
163 171
163 205
163 268
163 269
163 272
163 275
163 321
163 339
163 366
163 377
163 488
164 61
164 75
164 104
164 115
164 161
164 218
164 372
164 429
165 65
165 95
165 150
165 187
165 207
165 213
165 242
165 278
165 280
165 284
165 291
165 296
165 315
165 335
165 352
165 367
165 374
165 383
165 400
165 416
165 475
165 476
165 489
166 2
166 36
166 41
166 72
166 80
166 115
166 120
166 134
166 149
166 151
166 163
166 198
166 205
166 220
166 235
166 239
166 268
166 272
166 275
166 309
166 321
166 333
166 339
166 360
166 366
166 373
166 405
166 456
166 468
166 480
166 488
166 493
167 12
167 19
167 69
167 213
167 239
167 287
167 348
167 351
167 385
167 413
167 439
167 467
167 493
167 500
168 23
168 52
168 77
168 143
168 221
168 243
168 316
168 328
168 352
168 396
168 430
168 449
168 456
169 22
169 46
169 85
169 218
169 290
169 328
169 386
169 394
169 426
169 439
170 10
170 42
170 66
170 80
170 100
170 113
170 119
170 130
170 151
170 154
170 159
170 195
170 202
170 234
170 248
170 261
170 314
170 330
170 351
170 371
170 407
170 428
170 441
170 456
170 469
170 486
170 487
171 21
171 40
171 86
171 135
171 136
171 142
171 144
171 163
171 191
171 193
171 208
171 241
171 244
171 250
171 274
171 292
171 298
171 299
171 310
171 311
171 319
171 325
171 332
171 337
171 360
171 377
171 383
171 394
171 399
171 401
171 422
171 447
171 448
171 451
171 454
172 125
172 137
172 145
172 196
172 201
172 207
172 214
172 224
172 320
172 359
172 391
172 417
173 27
173 69
173 89
173 287
173 348
173 385
173 433
173 467
174 78
174 113
174 151
174 234
174 314
174 456
175 87
175 114
175 128
175 341
175 349
175 362
175 411
175 432
175 466
176 8
176 17
176 39
176 57
176 102
176 106
176 131
176 157
176 162
176 200
176 215
176 261
176 276
176 346
176 361
176 403
176 404
176 413
176 415
176 420
176 474
177 7
177 59
177 152
177 160
177 211
177 252
177 271
177 280
177 288
177 329
177 331
177 373
177 375
177 381
177 382
177 389
178 41
178 47
178 83
178 105
178 107
178 123
178 144
178 147
178 186
178 236
178 276
178 303
178 309
178 364
178 367
178 408
178 410
178 418
178 422
178 440
178 465
178 476
178 477
178 482
178 484
178 485
178 489
178 496
179 156
179 281
179 424
179 438
179 447
179 475
180 15
180 43
180 63
180 95
180 110
180 119
180 127
180 136
180 140
180 143
180 154
180 215
180 239
180 250
180 251
180 277
180 314
180 323
180 370
180 378
180 415
180 420
180 445
180 447
180 448
180 451
180 454
180 476
180 479
181 30
181 118
181 148
181 253
181 255
181 265
181 266
181 299
181 317
181 335
181 412
181 460
181 473
181 499
182 3
182 141
182 293
182 343
182 363
182 463
183 13
183 45
183 71
183 75
183 104
183 161
183 205
183 332
183 372
183 429
183 445
184 45
184 75
184 161
184 272
184 356
184 372
184 429
185 66
185 151
185 202
185 234
185 248
185 310
185 441
185 480
186 27
186 107
186 123
186 144
186 178
186 236
186 303
186 311
186 367
186 410
186 453
187 17
187 97
187 165
187 199
187 206
187 222
187 223
187 254
187 289
187 323
187 409
187 414
187 443
188 46
188 49
188 95
188 210
188 262
188 295
188 298
188 313
188 330
188 336
188 344
188 374
188 398
188 442
188 444
189 51
189 249
189 256
189 269
189 284
189 297
189 337
189 365
189 440
189 448
189 470
190 119
190 136
190 250
190 251
190 415
190 420
190 479
190 481
191 15
191 21
191 40
191 86
191 99
191 124
191 138
191 142
191 143
191 145
191 171
191 193
191 208
191 234
191 241
191 242
191 244
191 274
191 287
191 292
191 298
191 310
191 311
191 319
191 325
191 337
191 378
191 399
191 401
191 412
191 422
191 440
191 447
191 448
191 454
191 475
191 497
192 7
192 9
192 17
192 31
192 54
192 61
192 70
192 94
192 110
192 158
192 219
192 245
192 257
192 301
192 306
192 338
192 382
192 390
192 405
192 415
192 442
192 481
193 9
193 21
193 40
193 45
193 73
193 86
193 99
193 124
193 138
193 141
193 142
193 145
193 160
193 171
193 191
193 207
193 208
193 232
193 238
193 241
193 244
193 250
193 274
193 292
193 298
193 310
193 311
193 325
193 332
193 377
193 399
193 401
193 406
193 416
193 417
193 422
193 447
193 448
193 454
194 23
194 25
194 37
194 128
194 132
194 203
194 258
194 263
194 302
194 313
194 358
194 374
194 390
194 394
194 403
194 446
194 452
194 461
195 113
195 170
195 231
195 248
195 306
195 314
195 441
195 456
196 12
196 81
196 137
196 147
196 155
196 158
196 172
196 214
196 320
196 327
196 346
196 353
196 359
197 259
197 285
197 315
197 326
197 436
197 459
198 36
198 43
198 54
198 120
198 134
198 149
198 166
198 205
198 268
198 272
198 275
198 321
198 327
198 360
198 369
198 488
199 187
199 206
199 223
199 254
199 447
199 468
200 8
200 39
200 57
200 102
200 106
200 130
200 131
200 157
200 162
200 176
200 261
200 298
200 304
200 343
200 346
200 361
200 404
200 425
201 121
201 172
201 224
201 353
201 359
201 408
202 10
202 42
202 58
202 63
202 66
202 100
202 113
202 134
202 151
202 154
202 170
202 185
202 219
202 234
202 248
202 314
202 315
202 322
202 338
202 371
202 376
202 407
202 441
202 456
202 469
202 486
202 490
202 491
202 495
203 12
203 23
203 25
203 37
203 112
203 117
203 128
203 194
203 205
203 226
203 251
203 258
203 263
203 271
203 300
203 302
203 339
203 358
203 416
203 446
203 461
204 249
204 256
204 269
204 420
204 438
204 440
205 15
205 24
205 36
205 41
205 42
205 72
205 120
205 134
205 149
205 163
205 166
205 183
205 198
205 203
205 220
205 235
205 255
205 268
205 272
205 275
205 321
205 339
205 360
205 366
205 405
205 414
205 420
205 448
205 488
206 62
206 136
206 143
206 187
206 199
206 222
206 223
206 238
206 253
206 254
206 289
206 369
206 409
206 414
206 443
207 44
207 60
207 62
207 65
207 87
207 99
207 103
207 109
207 135
207 148
207 150
207 165
207 172
207 193
207 211
207 227
207 232
207 238
207 239
207 242
207 270
207 278
207 280
207 282
207 284
207 291
207 296
207 315
207 318
207 330
207 335
207 340
207 369
207 374
207 383
207 400
207 416
207 425
207 428
207 452
207 475
207 490
207 498
207 500
208 21
208 40
208 65
208 86
208 133
208 138
208 140
208 171
208 191
208 193
208 212
208 241
208 242
208 244
208 274
208 278
208 292
208 298
208 310
208 311
208 319
208 325
208 337
208 377
208 399
208 401
208 406
208 415
208 435
208 441
208 447
208 448
208 454
208 455
208 469
208 472
208 483
209 3
209 138
209 298
209 331
209 447
209 448
210 44
210 49
210 66
210 67
210 69
210 71
210 104
210 122
210 188
210 217
210 262
210 295
210 313
210 336
210 344
210 398
210 433
210 435
210 442
210 444
210 455
211 40
211 59
211 93
211 109
211 160
211 177
211 207
211 227
211 252
211 288
211 329
211 331
211 373
211 375
211 381
211 389
211 476
212 79
212 111
212 129
212 130
212 208
212 270
212 279
212 307
212 347
212 357
212 378
213 11
213 19
213 27
213 29
213 42
213 50
213 60
213 67
213 69
213 89
213 110
213 140
213 165
213 167
213 239
213 244
213 271
213 277
213 287
213 291
213 294
213 315
213 318
213 334
213 348
213 351
213 385
213 413
213 438
213 467
213 491
213 493
214 64
214 81
214 137
214 155
214 159
214 172
214 196
214 224
214 320
214 327
214 359
214 391
214 405
214 415
215 3
215 15
215 30
215 43
215 58
215 63
215 73
215 81
215 90
215 95
215 110
215 119
215 127
215 136
215 143
215 150
215 176
215 180
215 250
215 251
215 253
215 277
215 278
215 292
215 296
215 323
215 370
215 378
215 414
215 415
215 420
215 431
215 445
215 447
215 476
215 478
215 479
215 485
216 95
216 378
216 415
216 420
216 445
216 479
217 2
217 49
217 122
217 210
217 295
217 313
217 318
217 336
217 388
217 433
218 15
218 40
218 58
218 83
218 110
218 119
218 127
218 136
218 143
218 164
218 169
218 248
218 250
218 251
218 267
218 277
218 323
218 370
218 378
218 415
218 420
218 445
218 472
218 479
219 7
219 9
219 17
219 23
219 31
219 54
219 70
219 79
219 94
219 139
219 158
219 192
219 202
219 229
219 245
219 257
219 301
219 306
219 317
219 380
219 390
219 425
219 441
220 134
220 153
220 161
220 166
220 205
220 272
220 275
220 321
220 366
220 473
220 488
221 52
221 77
221 83
221 101
221 168
221 316
221 352
221 370
221 379
221 396
221 397
221 430
221 449
222 62
222 72
222 146
222 187
222 206
222 223
222 233
222 254
222 289
222 409
222 414
222 443
222 499
223 62
223 95
223 99
223 113
223 187
223 199
223 206
223 222
223 254
223 409
223 414
223 415
224 6
224 81
224 109
224 137
224 172
224 201
224 214
224 250
224 323
224 359
224 391
224 428
225 64
225 80
225 82
225 99
225 141
225 159
225 304
225 333
225 376
225 417
225 457
225 483
226 35
226 103
226 121
226 203
226 264
226 450
226 466
226 475
227 60
227 65
227 131
227 150
227 207
227 211
227 242
227 280
227 284
227 294
227 304
227 315
227 318
227 335
227 374
227 378
227 383
227 400
228 24
228 47
228 59
228 64
228 73
228 80
228 82
228 83
228 84
228 97
228 99
228 136
228 159
228 230
228 296
228 300
228 304
228 330
228 333
228 338
228 341
228 345
228 370
228 374
228 382
228 388
228 395
228 401
228 417
228 420
228 454
228 457
228 470
228 472
228 497
228 499
229 27
229 64
229 73
229 80
229 82
229 219
229 230
229 300
229 333
229 372
229 450
229 457
229 472
229 497
230 8
230 47
230 64
230 73
230 77
230 80
230 82
230 83
230 84
230 96
230 97
230 99
230 130
230 159
230 228
230 229
230 254
230 262
230 300
230 304
230 313
230 319
230 325
230 330
230 333
230 345
230 382
230 385
230 388
230 395
230 413
230 417
230 444
230 457
230 471
230 472
230 484
230 497
230 499
231 8
231 45
231 58
231 66
231 75
231 104
231 105
231 148
231 161
231 195
231 372
231 429
232 10
232 41
232 65
232 109
232 150
232 193
232 207
232 242
232 271
232 272
232 278
232 280
232 291
232 296
232 303
232 315
232 318
232 340
232 351
232 374
232 383
232 400
232 490
233 109
233 148
233 150
233 222
233 315
233 318
233 400
233 428
233 429
234 10
234 37
234 42
234 66
234 73
234 113
234 136
234 151
234 154
234 170
234 174
234 185
234 191
234 202
234 245
234 248
234 314
234 322
234 337
234 355
234 371
234 382
234 407
234 441
234 454
234 456
234 457
234 469
235 9
235 28
235 36
235 63
235 134
235 149
235 166
235 205
235 236
235 268
235 272
235 275
235 321
235 339
235 366
235 408
235 488
236 1
236 34
236 107
236 110
236 123
236 144
236 178
236 186
236 235
236 259
236 292
236 303
236 309
236 312
236 330
236 354
236 367
236 368
236 408
236 410
236 418
236 427
236 477
236 482
236 484
236 489
236 496
236 497
237 27
237 47
237 64
237 80
237 82
237 118
237 131
237 159
237 333
237 388
237 423
237 454
237 457
237 472
237 497
238 47
238 64
238 73
238 84
238 99
238 193
238 206
238 207
238 247
238 304
238 333
238 382
238 417
238 448
238 457
238 472
238 479
238 497
239 11
239 19
239 27
239 29
239 50
239 69
239 73
239 82
239 89
239 97
239 140
239 166
239 167
239 180
239 207
239 213
239 271
239 282
239 287
239 294
239 305
239 311
239 334
239 348
239 351
239 385
239 413
239 422
239 463
239 464
239 467
239 478
239 493
240 14
240 281
240 354
240 424
240 438
240 466
241 21
241 40
241 44
241 73
241 138
241 142
241 171
241 191
241 193
241 208
241 245
241 274
241 281
241 282
241 292
241 298
241 310
241 311
241 325
241 335
241 337
241 369
241 385
241 399
241 401
241 416
241 447
241 448
241 454
241 483
242 44
242 60
242 61
242 65
242 74
242 87
242 88
242 109
242 135
242 150
242 165
242 191
242 207
242 208
242 227
242 232
242 260
242 277
242 278
242 280
242 284
242 291
242 296
242 304
242 308
242 310
242 315
242 318
242 333
242 335
242 340
242 343
242 369
242 374
242 377
242 383
242 400
242 416
242 428
242 439
242 445
242 452
242 457
242 467
242 475
242 485
242 490
242 498
242 500
243 42
243 168
243 259
243 260
243 277
243 285
243 326
243 342
243 393
243 459
244 7
244 19
244 21
244 43
244 86
244 133
244 138
244 171
244 191
244 193
244 208
244 213
244 274
244 292
244 298
244 310
244 311
244 325
244 337
244 374
244 377
244 378
244 399
244 401
244 420
244 447
244 448
244 454
244 472
244 483
244 491
245 7
245 9
245 17
245 31
245 54
245 70
245 94
245 113
245 139
245 158
245 159
245 192
245 219
245 234
245 241
245 257
245 301
245 306
245 338
245 384
245 390
245 456
245 477
245 481
246 3
246 32
246 141
246 282
246 312
246 470
246 491
247 114
247 127
247 238
247 305
247 322
247 341
247 362
247 494
248 15
248 42
248 66
248 89
248 113
248 151
248 154
248 170
248 185
248 195
248 202
248 218
248 234
248 295
248 312
248 314
248 355
248 371
248 383
248 407
248 417
248 420
248 441
248 456
248 469
248 485
248 487
249 51
249 99
249 189
249 204
249 256
249 269
249 297
249 407
249 440
250 2
250 15
250 17
250 30
250 43
250 58
250 63
250 89
250 90
250 95
250 110
250 119
250 122
250 127
250 136
250 143
250 150
250 171
250 180
250 190
250 193
250 215
250 218
250 224
250 251
250 273
250 277
250 280
250 319
250 323
250 348
250 368
250 370
250 378
250 415
250 417
250 420
250 422
250 431
250 445
250 456
250 467
250 468
250 476
250 477
250 479
250 485
250 490
251 2
251 15
251 20
251 26
251 30
251 43
251 58
251 63
251 93
251 95
251 110
251 119
251 127
251 130
251 136
251 143
251 144
251 149
251 180
251 190
251 203
251 215
251 218
251 250
251 277
251 281
251 310
251 323
251 358
251 368
251 370
251 378
251 415
251 419
251 420
251 441
251 442
251 445
251 468
251 469
251 476
251 479
251 485
251 488
252 57
252 152
252 177
252 211
252 288
252 329
252 331
252 373
252 375
252 378
252 381
252 389
252 466
252 482
252 490
252 498
253 66
253 118
253 181
253 206
253 215
253 266
253 299
253 473
254 40
254 84
254 187
254 199
254 206
254 222
254 223
254 230
254 367
254 409
254 414
254 443
255 5
255 181
255 205
255 265
255 412
255 473
256 51
256 189
256 204
256 249
256 269
256 297
256 301
256 349
256 365
256 422
256 440
256 465
257 7
257 9
257 17
257 31
257 54
257 70
257 94
257 134
257 192
257 219
257 245
257 300
257 301
257 306
257 314
257 338
257 374
257 383
257 390
257 481
257 483
258 12
258 23
258 25
258 37
258 63
258 91
258 117
258 128
258 132
258 194
258 203
258 263
258 302
258 306
258 333
258 358
258 400
258 446
258 461
258 477
258 492
259 29
259 197
259 236
259 243
259 268
259 326
259 342
259 384
259 393
259 436
260 130
260 242
260 243
260 326
260 342
260 356
260 371
260 436
261 8
261 57
261 69
261 102
261 106
261 131
261 162
261 170
261 176
261 200
261 344
261 346
261 490
261 493
262 49
262 108
262 188
262 210
262 230
262 295
262 337
262 398
262 435
262 444
263 4
263 12
263 23
263 25
263 37
263 73
263 89
263 117
263 128
263 132
263 194
263 203
263 258
263 302
263 358
263 374
263 388
263 400
263 446
263 461
263 468
263 492
264 8
264 16
264 35
264 38
264 48
264 103
264 105
264 121
264 226
264 267
264 323
264 324
264 348
264 371
264 450
264 451
265 118
265 181
265 255
265 266
265 369
265 401
265 412
265 473
266 19
266 71
266 117
266 118
266 181
266 253
266 265
266 317
266 460
266 473
267 103
267 218
267 264
267 324
267 450
267 451
267 456
268 31
268 36
268 40
268 41
268 103
268 127
268 134
268 149
268 163
268 166
268 198
268 205
268 235
268 259
268 272
268 274
268 275
268 321
268 339
268 366
268 390
268 405
268 415
268 488
269 51
269 76
269 108
269 136
269 162
269 163
269 189
269 204
269 249
269 256
269 297
269 325
269 365
269 440
269 457
270 53
270 79
270 101
270 111
270 129
270 207
270 212
270 279
270 307
270 399
270 453
271 11
271 19
271 27
271 29
271 69
271 81
271 89
271 98
271 150
271 159
271 177
271 203
271 213
271 232
271 239
271 274
271 287
271 294
271 301
271 334
271 348
271 351
271 385
271 403
271 413
271 467
271 478
271 493
272 36
272 41
272 120
272 134
272 142
272 149
272 163
272 166
272 184
272 198
272 205
272 220
272 232
272 235
272 268
272 275
272 321
272 332
272 339
272 360
272 366
272 400
272 405
272 421
272 449
272 488
273 58
273 95
273 127
273 136
273 143
273 250
273 277
273 287
273 348
273 370
273 378
273 420
273 428
273 440
273 445
273 479
274 21
274 27
274 40
274 58
274 83
274 84
274 86
274 132
274 133
274 138
274 142
274 143
274 171
274 191
274 193
274 208
274 241
274 244
274 268
274 271
274 292
274 294
274 298
274 300
274 310
274 311
274 319
274 325
274 337
274 377
274 399
274 401
274 406
274 408
274 422
274 428
274 447
274 448
274 454
274 483
275 36
275 41
275 42
275 43
275 72
275 75
275 134
275 149
275 156
275 163
275 166
275 198
275 205
275 220
275 235
275 268
275 272
275 304
275 321
275 339
275 360
275 366
275 405
275 426
275 443
275 448
275 472
275 480
275 488
275 493
276 8
276 106
276 162
276 176
276 178
276 476
277 15
277 19
277 30
277 32
277 43
277 58
277 63
277 65
277 80
277 90
277 95
277 110
277 119
277 127
277 136
277 142
277 143
277 159
277 180
277 213
277 215
277 218
277 242
277 243
277 250
277 251
277 273
277 282
277 296
277 323
277 368
277 370
277 378
277 415
277 420
277 445
277 476
277 479
277 485
277 489
277 491
278 9
278 44
278 60
278 61
278 65
278 74
278 82
278 87
278 100
278 105
278 109
278 134
278 135
278 150
278 162
278 165
278 207
278 208
278 215
278 232
278 242
278 280
278 284
278 287
278 291
278 296
278 304
278 308
278 315
278 318
278 335
278 343
278 345
278 369
278 374
278 379
278 383
278 400
278 416
278 428
278 452
278 467
278 475
278 490
278 498
278 500
279 79
279 111
279 124
279 129
279 212
279 270
279 307
279 347
279 396
279 428
279 467
280 9
280 44
280 60
280 65
280 66
280 74
280 86
280 87
280 88
280 109
280 110
280 119
280 135
280 150
280 154
280 165
280 177
280 207
280 227
280 232
280 242
280 250
280 278
280 284
280 291
280 296
280 315
280 335
280 340
280 343
280 369
280 374
280 383
280 385
280 388
280 400
280 416
280 428
280 452
280 475
280 487
280 490
280 496
280 500
281 5
281 14
281 55
281 71
281 156
281 179
281 240
281 241
281 251
281 293
281 335
281 385
281 421
281 424
281 427
281 434
281 438
281 462
281 466
281 474
282 1
282 2
282 3
282 4
282 32
282 66
282 96
282 101
282 107
282 141
282 146
282 207
282 239
282 241
282 246
282 277
282 286
282 293
282 312
282 343
282 357
282 363
282 376
282 451
282 463
282 491
283 52
283 316
283 340
283 352
283 396
283 462
284 24
284 44
284 60
284 65
284 86
284 87
284 89
284 109
284 123
284 135
284 144
284 150
284 165
284 189
284 207
284 227
284 242
284 278
284 280
284 291
284 296
284 315
284 316
284 335
284 340
284 363
284 369
284 374
284 383
284 400
284 416
284 417
284 428
284 448
284 452
284 473
284 475
284 490
285 109
285 197
285 243
285 309
285 326
285 342
285 384
285 393
285 436
285 459
285 486
286 87
286 141
286 282
286 293
286 343
286 463
286 491
287 11
287 19
287 27
287 50
287 67
287 69
287 89
287 92
287 95
287 98
287 138
287 167
287 173
287 191
287 213
287 239
287 271
287 273
287 278
287 294
287 318
287 334
287 348
287 351
287 371
287 385
287 391
287 413
287 420
287 438
287 448
287 467
287 478
287 493
288 123
288 152
288 160
288 177
288 211
288 252
288 313
288 329
288 331
288 350
288 373
288 375
288 405
289 39
289 136
289 187
289 206
289 222
289 409
289 414
290 20
290 22
290 28
290 47
290 68
290 80
290 85
290 92
290 169
290 292
290 333
290 386
290 387
290 394
290 426
290 437
290 439
290 458
290 470
290 475
291 22
291 64
291 87
291 107
291 109
291 150
291 159
291 165
291 207
291 213
291 232
291 242
291 278
291 280
291 284
291 296
291 315
291 329
291 335
291 363
291 369
291 374
291 393
291 400
291 428
291 490
292 20
292 21
292 40
292 86
292 99
292 171
292 191
292 193
292 208
292 215
292 236
292 241
292 244
292 274
292 290
292 298
292 310
292 311
292 319
292 325
292 326
292 332
292 337
292 351
292 377
292 399
292 400
292 406
292 422
292 426
292 447
292 448
292 483
292 499
293 3
293 4
293 23
293 32
293 76
293 96
293 101
293 141
293 146
293 182
293 281
293 282
293 286
293 312
293 331
293 343
293 363
293 376
293 385
293 397
293 463
293 491
294 19
294 27
294 47
294 69
294 89
294 119
294 136
294 161
294 213
294 227
294 239
294 271
294 274
294 287
294 310
294 348
294 351
294 385
294 413
294 447
294 467
294 493
295 6
295 47
295 49
295 104
295 122
295 141
295 188
295 210
295 217
295 248
295 262
295 313
295 336
295 398
295 433
295 435
295 442
295 444
295 455
296 15
296 37
296 44
296 60
296 65
296 87
296 109
296 127
296 135
296 137
296 138
296 149
296 150
296 157
296 165
296 207
296 215
296 228
296 232
296 242
296 277
296 278
296 280
296 284
296 291
296 315
296 318
296 335
296 340
296 374
296 383
296 400
296 416
296 428
296 452
296 475
296 485
296 490
296 500
297 51
297 76
297 108
297 189
297 249
297 256
297 269
297 350
297 371
297 439
297 440
298 21
298 32
298 40
298 70
298 86
298 118
298 124
298 126
298 133
298 138
298 142
298 144
298 171
298 188
298 191
298 193
298 200
298 208
298 209
298 241
298 244
298 274
298 292
298 303
298 310
298 311
298 319
298 324
298 325
298 332
298 333
298 337
298 372
298 373
298 377
298 390
298 399
298 401
298 406
298 407
298 422
298 447
298 448
298 454
298 483
299 110
299 118
299 171
299 181
299 253
299 313
299 317
299 412
299 473
300 24
300 46
300 47
300 60
300 63
300 64
300 73
300 80
300 82
300 83
300 84
300 85
300 94
300 97
300 99
300 127
300 130
300 159
300 203
300 228
300 229
300 230
300 257
300 274
300 304
300 321
300 330
300 333
300 340
300 345
300 370
300 380
300 382
300 388
300 395
300 415
300 417
300 457
300 470
300 472
300 497
300 499
301 7
301 9
301 17
301 31
301 44
301 64
301 70
301 83
301 139
301 192
301 219
301 245
301 256
301 257
301 271
301 306
301 338
301 390
301 452
301 481
302 11
302 12
302 23
302 25
302 37
302 48
302 117
302 120
302 128
302 132
302 194
302 203
302 258
302 263
302 358
302 375
302 416
302 446
302 447
302 461
302 492
303 34
303 73
303 89
303 107
303 114
303 123
303 144
303 155
303 178
303 186
303 232
303 236
303 298
303 309
303 354
303 364
303 367
303 384
303 408
303 410
303 418
303 441
303 442
303 465
303 477
303 482
303 484
303 489
303 496
303 497
304 24
304 47
304 64
304 73
304 80
304 82
304 83
304 84
304 97
304 99
304 127
304 130
304 159
304 200
304 225
304 227
304 228
304 230
304 238
304 242
304 275
304 278
304 300
304 330
304 333
304 372
304 380
304 388
304 395
304 400
304 401
304 417
304 457
304 459
304 471
304 472
304 491
304 497
304 499
305 18
305 114
305 122
305 239
305 247
305 341
305 349
305 362
306 7
306 17
306 31
306 192
306 195
306 219
306 245
306 257
306 258
306 301
306 390
306 400
306 485
307 53
307 69
307 79
307 111
307 129
307 135
307 212
307 270
307 279
307 347
307 349
307 357
307 453
308 106
308 242
308 278
308 315
308 335
308 374
309 87
309 107
309 123
309 144
309 166
309 178
309 236
309 285
309 303
309 410
309 484
309 489
310 21
310 40
310 82
310 86
310 133
310 138
310 171
310 185
310 191
310 193
310 208
310 241
310 242
310 244
310 251
310 274
310 292
310 294
310 298
310 311
310 312
310 319
310 325
310 330
310 332
310 333
310 337
310 372
310 377
310 399
310 401
310 415
310 447
310 448
310 483
311 21
311 40
311 65
311 86
311 106
311 124
311 133
311 138
311 142
311 171
311 186
311 191
311 193
311 208
311 239
311 241
311 244
311 274
311 292
311 298
311 310
311 318
311 319
311 325
311 337
311 345
311 399
311 401
311 407
311 416
311 420
311 428
311 447
311 448
311 454
311 479
311 483
312 3
312 32
312 68
312 95
312 141
312 236
312 246
312 248
312 282
312 293
312 310
312 343
312 363
312 376
312 399
312 463
312 491
313 49
313 108
313 122
313 188
313 194
313 210
313 217
313 230
313 288
313 295
313 299
313 336
313 344
313 350
313 435
313 444
313 455
314 10
314 28
314 42
314 66
314 100
314 113
314 151
314 154
314 170
314 174
314 180
314 195
314 202
314 234
314 248
314 257
314 322
314 355
314 360
314 362
314 371
314 407
314 424
314 441
314 454
314 456
314 457
314 469
314 483
314 486
314 487
314 495
315 9
315 35
315 44
315 60
315 61
315 65
315 87
315 88
315 102
315 109
315 145
315 150
315 165
315 197
315 202
315 207
315 213
315 227
315 232
315 233
315 242
315 278
315 280
315 284
315 291
315 296
315 308
315 316
315 318
315 321
315 335
315 340
315 369
315 372
315 374
315 380
315 383
315 400
315 416
315 428
315 437
315 452
315 475
315 483
315 490
315 497
315 498
315 500
316 5
316 52
316 77
316 153
316 168
316 221
316 283
316 284
316 315
316 328
316 339
316 352
316 379
316 396
316 397
316 430
317 181
317 219
317 266
317 299
317 446
317 473
318 44
318 45
318 60
318 65
318 82
318 85
318 87
318 88
318 97
318 109
318 123
318 135
318 145
318 150
318 207
318 213
318 217
318 227
318 232
318 233
318 242
318 278
318 287
318 296
318 311
318 315
318 335
318 369
318 374
318 383
318 400
318 413
318 416
318 428
318 452
318 475
318 490
319 21
319 40
319 43
319 86
319 171
319 191
319 208
319 230
319 250
319 274
319 292
319 298
319 310
319 311
319 325
319 333
319 359
319 399
319 401
319 406
319 441
319 444
319 447
319 448
319 454
320 172
320 196
320 214
320 353
320 359
320 408
320 438
320 495
321 36
321 41
321 52
321 64
321 70
321 72
321 89
321 96
321 115
321 120
321 134
321 149
321 163
321 166
321 198
321 205
321 220
321 235
321 268
321 272
321 275
321 300
321 315
321 336
321 339
321 360
321 366
321 383
321 405
321 488
322 42
322 66
322 113
322 117
322 151
322 202
322 234
322 247
322 314
322 371
322 376
322 395
322 441
322 456
322 469
323 2
323 15
323 25
323 26
323 30
323 43
323 58
323 63
323 80
323 85
323 89
323 95
323 110
323 119
323 127
323 136
323 143
323 180
323 187
323 215
323 218
323 224
323 250
323 251
323 264
323 277
323 337
323 358
323 370
323 378
323 393
323 398
323 406
323 415
323 420
323 431
323 445
323 468
323 476
323 477
323 479
323 485
324 16
324 35
324 48
324 86
324 103
324 121
324 141
324 264
324 267
324 298
324 348
324 392
324 417
324 423
324 450
324 451
325 21
325 40
325 86
325 99
325 130
325 133
325 142
325 157
325 171
325 191
325 193
325 208
325 230
325 241
325 244
325 269
325 274
325 292
325 298
325 310
325 311
325 319
325 332
325 335
325 337
325 348
325 358
325 399
325 401
325 406
325 410
325 422
325 438
325 447
325 448
325 449
325 454
325 483
326 27
326 131
326 197
326 243
326 259
326 260
326 285
326 292
326 342
326 384
326 393
326 402
326 410
326 436
326 459
327 6
327 81
327 155
327 196
327 198
327 214
328 52
328 60
328 77
328 168
328 169
328 316
328 379
328 396
328 430
328 449
328 476
329 15
329 41
329 59
329 99
329 152
329 160
329 177
329 211
329 252
329 288
329 291
329 331
329 366
329 373
329 375
329 381
329 389
329 416
330 40
330 47
330 64
330 73
330 80
330 82
330 83
330 84
330 99
330 116
330 135
330 159
330 170
330 188
330 207
330 228
330 230
330 236
330 300
330 304
330 310
330 333
330 359
330 395
330 417
330 429
330 472
330 497
330 499
331 59
331 125
331 154
331 160
331 177
331 209
331 211
331 252
331 288
331 293
331 329
331 373
331 375
331 381
331 427
331 491
332 15
332 21
332 86
332 171
332 183
332 193
332 272
332 292
332 298
332 310
332 325
332 399
332 448
332 454
332 472
332 483
333 23
333 24
333 47
333 64
333 73
333 80
333 82
333 83
333 84
333 88
333 99
333 112
333 116
333 126
333 127
333 130
333 135
333 153
333 159
333 166
333 225
333 228
333 229
333 230
333 237
333 238
333 242
333 258
333 290
333 298
333 300
333 304
333 310
333 319
333 330
333 356
333 380
333 382
333 388
333 395
333 399
333 406
333 417
333 457
333 470
333 471
333 472
333 482
333 497
333 499
334 69
334 213
334 239
334 271
334 287
334 348
334 351
334 385
334 493
335 31
335 44
335 60
335 61
335 74
335 87
335 109
335 135
335 150
335 151
335 165
335 181
335 207
335 227
335 241
335 242
335 278
335 280
335 281
335 284
335 291
335 296
335 308
335 315
335 318
335 325
335 340
335 341
335 370
335 374
335 378
335 383
335 400
335 416
335 428
335 457
335 458
335 475
335 490
335 497
336 39
336 49
336 82
336 122
336 188
336 210
336 217
336 295
336 313
336 321
336 350
336 398
336 399
336 433
336 435
336 442
336 444
336 455
336 466
336 467
337 21
337 40
337 69
337 86
337 132
337 133
337 171
337 189
337 191
337 208
337 234
337 241
337 244
337 262
337 274
337 292
337 298
337 310
337 311
337 323
337 325
337 373
337 399
337 447
337 448
337 454
337 469
338 7
338 9
338 17
338 31
338 47
338 51
338 70
338 158
338 192
338 202
338 228
338 245
338 257
338 301
338 390
338 475
339 10
339 21
339 41
339 58
339 84
339 120
339 134
339 149
339 163
339 166
339 203
339 205
339 235
339 268
339 272
339 275
339 316
339 321
339 366
339 488
340 44
340 60
340 99
340 109
340 112
340 143
340 150
340 207
340 232
340 242
340 280
340 283
340 284
340 296
340 300
340 315
340 335
340 371
340 374
340 400
340 490
341 18
341 114
341 159
341 175
341 228
341 247
341 305
341 335
341 349
341 362
341 400
341 411
342 26
342 243
342 259
342 260
342 285
342 326
342 383
342 384
342 393
342 399
342 402
342 436
342 500
343 3
343 4
343 32
343 96
343 101
343 141
343 182
343 200
343 242
343 278
343 280
343 282
343 286
343 293
343 312
343 360
343 363
343 376
343 463
343 470
343 472
343 475
343 491
344 43
344 49
344 122
344 134
344 188
344 210
344 261
344 313
344 398
344 442
344 455
345 40
345 64
345 73
345 82
345 84
345 99
345 159
345 228
345 230
345 278
345 300
345 311
345 378
345 382
345 388
345 395
345 438
345 457
345 470
345 472
345 481
345 499
346 8
346 14
346 34
346 102
346 106
346 131
346 157
346 162
346 176
346 196
346 200
346 261
346 351
346 403
346 428
347 10
347 79
347 129
347 159
347 212
347 279
347 307
347 357
348 7
348 19
348 27
348 43
348 67
348 69
348 89
348 113
348 142
348 167
348 173
348 213
348 239
348 250
348 264
348 271
348 273
348 287
348 294
348 324
348 325
348 334
348 351
348 377
348 385
348 413
348 434
348 467
348 478
348 493
349 114
349 175
349 256
349 305
349 307
349 341
349 362
349 411
349 432
349 452
349 494
350 49
350 288
350 297
350 313
350 336
350 398
350 435
350 444
350 456
351 11
351 19
351 27
351 50
351 60
351 69
351 77
351 84
351 89
351 110
351 132
351 140
351 167
351 170
351 213
351 232
351 239
351 271
351 287
351 292
351 294
351 334
351 346
351 348
351 385
351 413
351 428
351 467
351 493
352 21
352 52
352 77
352 82
352 97
352 153
352 165
352 168
352 221
352 283
352 316
352 373
352 379
352 396
352 397
352 430
352 449
353 78
353 136
353 196
353 201
353 320
353 359
354 30
354 107
354 123
354 144
354 236
354 240
354 303
354 367
354 408
354 462
354 484
355 66
355 113
355 151
355 158
355 234
355 248
355 314
355 364
355 371
355 441
355 456
356 47
356 80
356 82
356 83
356 159
356 184
356 260
356 333
357 32
357 63
357 79
357 111
357 129
357 212
357 282
357 307
357 347
357 453
358 12
358 21
358 23
358 25
358 37
358 58
358 117
358 128
358 132
358 194
358 203
358 251
358 258
358 263
358 302
358 323
358 325
358 367
358 418
358 446
358 461
359 6
359 155
359 156
359 172
359 196
359 201
359 214
359 224
359 319
359 320
359 330
359 353
359 391
359 500
360 23
360 36
360 134
360 149
360 166
360 171
360 198
360 205
360 272
360 275
360 314
360 321
360 343
360 366
360 407
360 488
361 8
361 57
361 106
361 152
361 162
361 176
361 200
362 4
362 114
362 175
362 247
362 305
362 314
362 341
362 349
362 411
362 432
362 465
362 468
362 494
363 3
363 32
363 46
363 96
363 101
363 141
363 182
363 282
363 284
363 291
363 293
363 312
363 343
363 376
363 434
363 456
363 463
363 491
363 493
364 107
364 144
364 178
364 303
364 355
364 408
364 484
365 4
365 47
365 189
365 256
365 269
365 440
366 41
366 73
366 89
366 120
366 134
366 149
366 163
366 166
366 205
366 220
366 235
366 268
366 272
366 275
366 321
366 329
366 339
366 360
366 373
366 384
366 415
366 461
366 488
367 34
367 107
367 121
367 123
367 138
367 144
367 147
367 165
367 178
367 186
367 236
367 254
367 303
367 354
367 358
367 408
367 410
367 418
367 441
367 445
367 465
367 475
367 477
367 482
367 484
367 489
367 496
368 15
368 58
368 95
368 110
368 127
368 136
368 143
368 156
368 236
368 250
368 251
368 277
368 370
368 378
368 415
368 420
368 432
368 436
368 445
368 473
368 479
369 36
369 48
369 87
369 109
369 150
369 198
369 206
369 207
369 241
369 242
369 265
369 278
369 280
369 284
369 291
369 315
369 318
369 374
369 383
369 400
369 413
369 475
370 2
370 15
370 26
370 33
370 43
370 58
370 63
370 65
370 69
370 75
370 81
370 95
370 110
370 119
370 127
370 136
370 143
370 161
370 180
370 215
370 218
370 221
370 228
370 250
370 251
370 273
370 277
370 300
370 323
370 335
370 368
370 371
370 378
370 398
370 415
370 420
370 431
370 445
370 468
370 476
370 479
370 483
370 485
370 486
370 490
371 10
371 14
371 42
371 66
371 100
371 113
371 151
371 154
371 170
371 202
371 234
371 248
371 260
371 264
371 287
371 297
371 314
371 322
371 340
371 355
371 370
371 396
371 407
371 441
371 456
371 469
371 495
371 497
371 499
372 13
372 45
372 75
372 93
372 104
372 105
372 148
372 161
372 164
372 183
372 184
372 229
372 231
372 298
372 304
372 310
372 315
372 429
373 36
373 59
373 152
373 166
373 177
373 211
373 252
373 288
373 298
373 329
373 331
373 337
373 352
373 366
373 375
373 381
373 389
373 482
374 20
374 44
374 60
374 61
374 63
374 65
374 74
374 82
374 87
374 88
374 89
374 95
374 107
374 109
374 135
374 150
374 165
374 188
374 194
374 207
374 227
374 228
374 232
374 242
374 244
374 257
374 263
374 278
374 280
374 284
374 291
374 296
374 308
374 315
374 318
374 335
374 340
374 369
374 383
374 400
374 416
374 428
374 430
374 448
374 452
374 475
374 490
374 493
374 500
375 74
375 150
375 160
375 177
375 211
375 252
375 288
375 302
375 329
375 331
375 373
375 389
375 417
375 461
376 1
376 3
376 32
376 141
376 202
376 225
376 282
376 293
376 312
376 322
376 343
376 363
376 463
376 479
376 491
377 21
377 35
377 40
377 86
377 163
377 171
377 193
377 208
377 242
377 244
377 274
377 292
377 298
377 310
377 348
377 413
377 447
377 448
377 484
378 2
378 15
378 30
378 43
378 58
378 63
378 68
378 84
378 95
378 110
378 119
378 127
378 136
378 143
378 154
378 180
378 191
378 212
378 215
378 216
378 218
378 227
378 244
378 250
378 251
378 252
378 273
378 277
378 323
378 335
378 345
378 368
378 370
378 391
378 400
378 415
378 419
378 420
378 445
378 460
378 468
378 476
378 479
378 485
379 5
379 46
379 52
379 77
379 153
379 221
379 278
379 316
379 328
379 352
379 396
379 430
380 47
380 53
380 64
380 73
380 82
380 99
380 141
380 219
380 300
380 304
380 315
380 333
380 382
380 472
381 65
381 177
381 211
381 252
381 329
381 331
381 373
382 24
382 47
382 64
382 73
382 77
382 80
382 82
382 83
382 84
382 99
382 112
382 125
382 159
382 162
382 177
382 192
382 228
382 230
382 234
382 238
382 300
382 333
382 345
382 380
382 388
382 417
382 420
382 455
382 457
382 463
382 472
382 479
382 497
382 499
383 44
383 47
383 60
383 65
383 73
383 87
383 135
383 150
383 157
383 165
383 171
383 207
383 227
383 232
383 242
383 248
383 257
383 278
383 280
383 284
383 296
383 315
383 318
383 321
383 335
383 342
383 369
383 374
383 400
383 410
383 416
383 428
383 447
383 456
383 475
383 490
383 497
384 245
384 259
384 285
384 303
384 326
384 342
384 366
384 393
384 402
384 436
385 11
385 19
385 27
385 29
385 31
385 32
385 34
385 50
385 67
385 69
385 89
385 98
385 102
385 167
385 173
385 213
385 230
385 239
385 241
385 271
385 280
385 281
385 287
385 293
385 294
385 334
385 348
385 351
385 413
385 457
385 464
385 467
385 478
385 484
385 493
386 20
386 85
386 92
386 139
386 169
386 290
386 394
386 426
386 465
386 474
387 20
387 22
387 28
387 64
387 85
387 92
387 290
387 394
387 426
387 439
387 445
387 454
388 15
388 17
388 21
388 24
388 47
388 64
388 73
388 79
388 80
388 82
388 83
388 84
388 86
388 92
388 99
388 112
388 120
388 130
388 159
388 217
388 228
388 230
388 237
388 263
388 280
388 300
388 304
388 333
388 345
388 382
388 395
388 417
388 457
388 470
388 472
388 488
388 490
388 497
388 499
389 177
389 211
389 252
389 329
389 373
389 375
389 492
390 7
390 9
390 17
390 31
390 49
390 54
390 119
390 158
390 192
390 194
390 219
390 245
390 257
390 268
390 298
390 301
390 306
390 338
390 415
390 425
391 81
391 172
391 214
391 224
391 287
391 359
391 378
392 103
392 158
392 324
392 402
392 450
392 451
393 26
393 243
393 259
393 285
393 291
393 323
393 326
393 342
393 384
393 402
393 424
394 20
394 22
394 28
394 68
394 85
394 92
394 123
394 169
394 171
394 194
394 290
394 386
394 387
394 426
394 437
394 439
394 441
394 452
394 458
394 467
395 17
395 21
395 24
395 43
395 47
395 60
395 64
395 73
395 80
395 82
395 83
395 84
395 86
395 99
395 126
395 127
395 130
395 159
395 228
395 230
395 300
395 304
395 322
395 330
395 333
395 345
395 388
395 400
395 417
395 457
395 470
395 472
395 494
395 496
395 499
396 31
396 52
396 77
396 125
396 153
396 168
396 221
396 279
396 283
396 316
396 328
396 352
396 371
396 379
396 397
396 420
396 430
396 435
396 449
397 52
397 66
397 77
397 221
397 293
397 316
397 352
397 396
397 430
398 49
398 104
398 188
398 210
398 262
398 295
398 323
398 336
398 344
398 350
398 370
398 399
398 433
398 442
398 444
398 455
398 475
399 21
399 22
399 40
399 86
399 113
399 122
399 133
399 138
399 142
399 171
399 191
399 193
399 208
399 241
399 244
399 270
399 274
399 292
399 298
399 310
399 311
399 312
399 319
399 325
399 332
399 333
399 336
399 337
399 342
399 398
399 401
399 447
399 448
399 454
399 469
399 483
400 15
400 44
400 60
400 61
400 65
400 74
400 87
400 88
400 99
400 109
400 133
400 135
400 150
400 159
400 165
400 207
400 227
400 232
400 233
400 242
400 258
400 263
400 272
400 278
400 280
400 284
400 291
400 292
400 296
400 304
400 306
400 315
400 318
400 335
400 340
400 341
400 369
400 374
400 378
400 383
400 395
400 413
400 416
400 428
400 452
400 475
400 476
400 490
400 500
401 21
401 40
401 64
401 80
401 86
401 107
401 124
401 127
401 138
401 171
401 191
401 193
401 208
401 228
401 241
401 244
401 265
401 274
401 298
401 304
401 310
401 311
401 319
401 325
401 399
401 406
401 445
401 448
401 454
401 483
401 497
402 56
402 326
402 342
402 384
402 392
402 393
402 436
403 8
403 102
403 106
403 162
403 176
403 194
403 271
403 346
403 489
404 8
404 57
404 102
404 176
404 200
404 423
405 36
405 134
405 149
405 166
405 192
405 205
405 214
405 268
405 272
405 275
405 288
405 321
405 488
405 493
406 21
406 33
406 86
406 134
406 138
406 193
406 208
406 274
406 292
406 298
406 319
406 323
406 325
406 333
406 401
406 417
406 447
406 448
406 454
406 469
406 474
407 29
407 42
407 66
407 111
407 113
407 151
407 154
407 170
407 202
407 234
407 248
407 249
407 298
407 311
407 314
407 360
407 371
407 441
407 456
407 469
408 23
408 34
408 53
408 106
408 107
408 123
408 144
408 178
408 201
408 235
408 236
408 274
408 303
408 320
408 354
408 364
408 367
408 410
408 418
408 439
408 465
408 477
408 482
408 484
408 489
408 496
409 40
409 62
409 159
409 187
409 206
409 222
409 223
409 254
409 289
410 21
410 25
410 47
410 73
410 107
410 123
410 144
410 178
410 186
410 236
410 303
410 309
410 325
410 326
410 367
410 383
410 408
410 418
410 463
410 465
410 477
410 482
410 484
410 489
410 496
411 64
411 92
411 114
411 175
411 341
411 349
411 362
411 432
412 118
412 181
412 191
412 255
412 265
412 299
412 460
412 473
412 489
412 492
413 19
413 27
413 69
413 89
413 110
413 140
413 144
413 167
413 176
413 213
413 230
413 239
413 271
413 287
413 294
413 318
413 348
413 351
413 369
413 377
413 385
413 400
413 430
413 467
413 493
414 187
414 205
414 206
414 215
414 222
414 223
414 254
414 289
415 2
415 3
415 15
415 26
415 33
415 35
415 43
415 58
415 63
415 95
415 110
415 119
415 127
415 135
415 136
415 143
415 149
415 159
415 176
415 180
415 190
415 192
415 208
415 214
415 215
415 216
415 218
415 223
415 250
415 251
415 268
415 277
415 300
415 310
415 323
415 366
415 368
415 370
415 378
415 390
415 419
415 420
415 431
415 445
415 468
415 476
415 479
415 483
415 485
416 44
416 60
416 87
416 109
416 123
416 150
416 165
416 193
416 203
416 207
416 241
416 242
416 278
416 280
416 284
416 296
416 302
416 311
416 315
416 318
416 329
416 335
416 374
416 383
416 400
416 428
416 475
416 488
416 490
416 499
417 47
417 64
417 73
417 80
417 82
417 83
417 84
417 99
417 109
417 112
417 116
417 127
417 130
417 136
417 159
417 172
417 193
417 225
417 228
417 230
417 238
417 248
417 250
417 284
417 300
417 304
417 324
417 330
417 333
417 375
417 382
417 388
417 395
417 406
417 420
417 457
417 472
417 497
417 499
418 24
418 94
418 107
418 123
418 144
418 178
418 236
418 303
418 358
418 367
418 408
418 410
418 484
419 133
419 143
419 251
419 378
419 415
419 479
420 15
420 26
420 30
420 33
420 43
420 44
420 58
420 63
420 90
420 95
420 103
420 110
420 119
420 127
420 136
420 143
420 176
420 180
420 190
420 204
420 205
420 215
420 216
420 218
420 228
420 244
420 248
420 250
420 251
420 273
420 277
420 287
420 311
420 323
420 368
420 370
420 378
420 382
420 396
420 415
420 417
420 431
420 445
420 468
420 472
420 476
420 479
420 482
421 71
421 143
421 156
421 272
421 281
421 424
421 438
421 466
421 474
422 21
422 171
422 178
422 191
422 193
422 239
422 250
422 256
422 274
422 292
422 298
422 325
422 448
423 35
423 103
423 237
423 324
423 404
423 450
424 5
424 14
424 71
424 86
424 91
424 110
424 156
424 179
424 240
424 281
424 314
424 393
424 421
424 427
424 434
424 438
424 462
424 466
424 474
424 476
424 484
425 9
425 31
425 94
425 200
425 207
425 219
425 390
426 20
426 22
426 28
426 66
426 68
426 85
426 92
426 169
426 275
426 290
426 292
426 386
426 387
426 394
426 437
426 439
426 458
426 459
426 475
427 14
427 156
427 236
427 281
427 331
427 424
427 438
427 473
428 44
428 60
428 61
428 65
428 69
428 88
428 109
428 150
428 170
428 207
428 224
428 233
428 242
428 273
428 274
428 278
428 279
428 280
428 284
428 291
428 296
428 311
428 315
428 318
428 335
428 346
428 351
428 374
428 383
428 400
428 416
428 475
428 483
428 490
428 500
429 45
429 75
429 104
429 105
429 110
429 126
429 161
429 164
429 183
429 184
429 231
429 233
429 330
429 372
429 448
430 21
430 52
430 58
430 77
430 149
430 153
430 168
430 221
430 316
430 328
430 352
430 374
430 379
430 396
430 397
430 413
431 10
431 58
431 123
431 154
431 215
431 250
431 323
431 370
431 415
431 420
431 445
431 479
432 18
432 175
432 349
432 362
432 368
432 411
432 479
433 49
433 58
433 107
433 157
433 173
433 210
433 217
433 295
433 336
433 398
433 435
433 444
434 14
434 55
434 59
434 78
434 88
434 156
434 281
434 348
434 363
434 424
434 438
434 466
434 474
435 95
435 103
435 122
435 208
435 210
435 262
435 295
435 313
435 336
435 350
435 396
435 433
435 442
436 83
436 86
436 197
436 259
436 260
436 285
436 326
436 342
436 368
436 384
436 402
436 459
436 479
437 82
437 92
437 127
437 290
437 315
437 394
437 426
438 5
438 14
438 55
438 71
438 78
438 91
438 156
438 179
438 204
438 213
438 240
438 281
438 287
438 320
438 325
438 345
438 421
438 424
438 427
438 434
438 457
438 466
438 474
438 497
439 15
439 20
439 22
439 28
439 68
439 85
439 92
439 167
439 169
439 242
439 290
439 297
439 387
439 394
439 408
439 426
439 458
440 51
440 76
440 178
440 189
440 191
440 204
440 249
440 256
440 269
440 273
440 297
440 365
441 10
441 42
441 66
441 101
441 113
441 150
441 151
441 154
441 170
441 185
441 195
441 202
441 208
441 219
441 234
441 248
441 251
441 303
441 314
441 319
441 322
441 355
441 367
441 371
441 394
441 407
441 456
441 469
441 486
441 487
441 496
442 143
442 188
442 192
442 210
442 251
442 295
442 303
442 336
442 344
442 398
442 435
442 444
443 73
443 187
443 206
443 222
443 254
443 275
444 1
444 87
444 122
444 143
444 188
444 210
444 230
444 262
444 295
444 313
444 319
444 336
444 350
444 398
444 433
444 442
444 455
444 484
445 2
445 15
445 21
445 24
445 33
445 43
445 56
445 57
445 58
445 60
445 63
445 70
445 79
445 95
445 109
445 110
445 119
445 127
445 130
445 136
445 143
445 151
445 180
445 183
445 215
445 216
445 218
445 242
445 250
445 251
445 273
445 277
445 323
445 367
445 368
445 370
445 378
445 387
445 401
445 415
445 420
445 431
445 450
445 468
445 476
445 479
446 23
446 25
446 32
446 37
446 128
446 130
446 194
446 203
446 258
446 263
446 302
446 317
446 358
446 457
447 21
447 36
447 40
447 83
447 86
447 87
447 138
447 145
447 159
447 171
447 179
447 180
447 191
447 193
447 199
447 208
447 209
447 215
447 241
447 244
447 274
447 292
447 294
447 298
447 302
447 310
447 311
447 319
447 325
447 337
447 377
447 383
447 399
447 406
447 448
447 454
447 474
447 483
448 21
448 22
448 27
448 40
448 80
448 86
448 133
448 138
448 142
448 145
448 171
448 180
448 189
448 191
448 193
448 205
448 208
448 209
448 238
448 241
448 244
448 274
448 275
448 284
448 287
448 292
448 298
448 310
448 311
448 319
448 325
448 332
448 337
448 374
448 377
448 399
448 401
448 406
448 422
448 429
448 447
448 454
448 483
448 497
449 77
449 153
449 168
449 221
449 272
449 325
449 328
449 352
449 396
450 16
450 35
450 38
450 48
450 103
450 150
450 159
450 226
450 229
450 264
450 267
450 324
450 392
450 423
450 445
450 451
450 483
451 35
451 38
451 103
451 171
451 180
451 264
451 267
451 282
451 324
451 392
451 450
452 65
452 80
452 87
452 91
452 109
452 150
452 194
452 207
452 242
452 278
452 280
452 284
452 296
452 301
452 315
452 318
452 349
452 374
452 394
452 400
452 475
453 53
453 55
453 111
453 186
453 270
453 307
453 357
453 490
454 21
454 33
454 40
454 82
454 86
454 119
454 142
454 171
454 180
454 191
454 193
454 208
454 228
454 234
454 237
454 241
454 244
454 274
454 298
454 311
454 314
454 319
454 325
454 332
454 337
454 387
454 399
454 401
454 406
454 447
454 448
454 466
454 483
455 66
455 208
455 210
455 295
455 313
455 336
455 344
455 382
455 398
455 444
456 42
456 66
456 83
456 100
456 106
456 113
456 151
456 154
456 166
456 168
456 170
456 174
456 195
456 202
456 234
456 245
456 248
456 250
456 267
456 314
456 322
456 350
456 355
456 363
456 371
456 383
456 407
456 441
456 469
456 486
457 11
457 24
457 32
457 46
457 47
457 64
457 73
457 80
457 82
457 83
457 84
457 87
457 97
457 99
457 106
457 112
457 116
457 130
457 142
457 144
457 154
457 159
457 225
457 228
457 229
457 230
457 234
457 237
457 238
457 242
457 269
457 300
457 304
457 314
457 333
457 335
457 345
457 382
457 385
457 388
457 395
457 417
457 438
457 446
457 470
457 472
457 497
457 499
458 18
458 290
458 335
458 394
458 426
458 439
459 197
459 243
459 285
459 304
459 326
459 426
459 436
460 26
460 181
460 266
460 378
460 412
460 473
461 16
461 23
461 75
461 194
461 203
461 258
461 263
461 302
461 358
461 366
461 375
462 14
462 156
462 281
462 283
462 354
462 424
462 466
463 3
463 32
463 87
463 96
463 141
463 146
463 150
463 182
463 239
463 282
463 286
463 293
463 312
463 343
463 363
463 376
463 382
463 410
463 481
463 491
464 27
464 133
464 239
464 385
464 467
464 493
465 107
465 123
465 144
465 178
465 256
465 303
465 362
465 367
465 386
465 408
465 410
465 484
465 489
465 496
466 14
466 44
466 55
466 71
466 91
466 156
466 175
466 226
466 240
466 252
466 281
466 336
466 421
466 424
466 434
466 438
466 454
466 462
466 474
467 11
467 19
467 27
467 29
467 30
467 50
467 66
467 69
467 89
467 98
467 110
467 138
467 140
467 151
467 167
467 173
467 213
467 239
467 242
467 250
467 271
467 278
467 279
467 287
467 294
467 336
467 348
467 351
467 385
467 394
467 413
467 464
467 478
467 493
468 15
468 58
468 119
468 127
468 136
468 143
468 150
468 166
468 199
468 250
468 251
468 263
468 323
468 362
468 370
468 378
468 415
468 420
468 445
468 476
468 479
469 42
469 66
469 84
469 113
469 151
469 154
469 156
469 170
469 202
469 208
469 234
469 248
469 251
469 314
469 322
469 337
469 371
469 399
469 406
469 407
469 441
469 456
469 487
470 1
470 31
470 47
470 64
470 73
470 80
470 82
470 83
470 84
470 86
470 99
470 125
470 130
470 149
470 159
470 189
470 228
470 246
470 290
470 300
470 333
470 343
470 345
470 388
470 395
470 457
470 472
470 489
470 497
471 25
471 80
471 83
471 230
471 304
471 333
472 43
472 44
472 46
472 47
472 64
472 73
472 80
472 82
472 83
472 84
472 99
472 125
472 130
472 135
472 150
472 159
472 162
472 208
472 218
472 228
472 229
472 230
472 237
472 238
472 244
472 275
472 300
472 304
472 330
472 332
472 333
472 343
472 345
472 380
472 382
472 388
472 395
472 417
472 420
472 457
472 470
472 497
472 499
472 500
473 118
473 181
473 220
473 253
473 255
473 265
473 266
473 284
473 299
473 317
473 368
473 412
473 427
473 460
474 5
474 14
474 55
474 71
474 73
474 156
474 176
474 281
474 386
474 406
474 421
474 424
474 434
474 438
474 447
474 466
475 44
475 47
475 60
475 65
475 75
475 87
475 109
475 135
475 150
475 165
475 179
475 191
475 207
475 226
475 242
475 278
475 280
475 284
475 290
475 296
475 315
475 318
475 335
475 338
475 343
475 367
475 369
475 374
475 383
475 398
475 400
475 416
475 426
475 428
475 452
475 490
476 7
476 15
476 30
476 43
476 56
476 58
476 63
476 82
476 95
476 110
476 119
476 127
476 136
476 143
476 161
476 165
476 178
476 180
476 211
476 215
476 250
476 251
476 276
476 277
476 323
476 328
476 370
476 378
476 400
476 415
476 420
476 424
476 445
476 468
476 479
476 488
477 107
477 123
477 144
477 153
477 178
477 236
477 245
477 250
477 258
477 303
477 323
477 367
477 408
477 410
477 482
477 484
477 489
477 496
478 60
478 89
478 215
478 239
478 271
478 287
478 348
478 385
478 467
478 493
479 2
479 15
479 26
479 30
479 37
479 43
479 45
479 49
479 58
479 63
479 77
479 84
479 95
479 99
479 110
479 119
479 127
479 136
479 143
479 156
479 180
479 190
479 215
479 216
479 218
479 238
479 250
479 251
479 273
479 277
479 311
479 323
479 368
479 370
479 376
479 378
479 382
479 415
479 419
479 420
479 431
479 432
479 436
479 445
479 468
479 476
479 484
479 485
479 490
480 125
480 134
480 149
480 166
480 185
480 275
481 17
481 31
481 190
481 192
481 245
481 257
481 301
481 345
481 463
482 107
482 114
482 119
482 123
482 144
482 147
482 178
482 236
482 252
482 303
482 333
482 367
482 373
482 408
482 410
482 420
482 477
482 484
482 489
482 496
482 497
483 21
483 40
483 73
483 86
483 208
483 225
483 241
483 244
483 257
483 274
483 292
483 298
483 310
483 311
483 314
483 315
483 325
483 332
483 370
483 399
483 401
483 415
483 428
483 447
483 448
483 450
483 454
484 33
484 52
484 66
484 107
484 123
484 144
484 178
484 230
484 236
484 303
484 309
484 354
484 364
484 367
484 377
484 385
484 408
484 410
484 418
484 424
484 444
484 465
484 477
484 479
484 482
484 489
484 496
485 15
485 43
485 58
485 63
485 95
485 107
485 109
485 119
485 127
485 136
485 143
485 178
485 215
485 242
485 248
485 250
485 251
485 277
485 296
485 306
485 323
485 370
485 378
485 415
485 479
485 489
486 42
486 57
486 66
486 102
486 113
486 151
486 170
486 202
486 285
486 314
486 370
486 441
486 456
487 66
487 151
487 170
487 248
487 280
487 314
487 441
487 469
488 27
488 36
488 41
488 75
488 120
488 127
488 134
488 149
488 150
488 163
488 166
488 198
488 205
488 220
488 235
488 251
488 268
488 272
488 275
488 321
488 339
488 360
488 366
488 388
488 405
488 416
488 476
489 36
489 84
489 107
489 123
489 144
489 165
489 178
489 236
489 277
489 303
489 309
489 367
489 403
489 408
489 410
489 412
489 465
489 470
489 477
489 482
489 484
489 485
489 496
490 13
490 44
490 57
490 60
490 65
490 87
490 109
490 130
490 135
490 143
490 150
490 202
490 207
490 232
490 242
490 250
490 252
490 261
490 278
490 280
490 284
490 291
490 296
490 315
490 318
490 335
490 340
490 370
490 374
490 383
490 388
490 400
490 416
490 428
490 453
490 475
490 479
490 500
491 1
491 3
491 4
491 32
491 96
491 99
491 101
491 109
491 127
491 141
491 146
491 202
491 213
491 244
491 246
491 277
491 282
491 286
491 293
491 304
491 312
491 331
491 343
491 363
491 376
491 463
492 23
492 37
492 258
492 263
492 302
492 389
492 412
493 11
493 19
493 27
493 29
493 50
493 58
493 67
493 69
493 71
493 89
493 100
493 124
493 140
493 143
493 166
493 167
493 213
493 239
493 261
493 271
493 275
493 287
493 294
493 334
493 348
493 351
493 363
493 374
493 385
493 405
493 413
493 464
493 467
493 478
494 18
494 91
494 247
494 349
494 362
494 395
495 37
495 113
495 202
495 314
495 320
495 371
496 64
496 78
496 107
496 111
496 123
496 144
496 178
496 236
496 280
496 303
496 367
496 395
496 408
496 410
496 441
496 465
496 477
496 482
496 484
496 489
497 19
497 24
497 47
497 63
497 64
497 73
497 80
497 82
497 83
497 84
497 97
497 99
497 125
497 130
497 159
497 191
497 228
497 229
497 230
497 236
497 237
497 238
497 300
497 303
497 304
497 315
497 330
497 333
497 335
497 371
497 382
497 383
497 388
497 401
497 417
497 438
497 448
497 457
497 470
497 472
497 482
497 499
498 150
498 207
498 242
498 252
498 278
498 315
499 3
499 24
499 41
499 46
499 47
499 58
499 64
499 73
499 79
499 80
499 82
499 83
499 84
499 99
499 113
499 116
499 159
499 181
499 222
499 228
499 230
499 292
499 300
499 304
499 330
499 333
499 345
499 371
499 382
499 388
499 395
499 416
499 417
499 457
499 472
499 497
500 128
500 150
500 167
500 207
500 242
500 278
500 280
500 296
500 315
500 342
500 359
500 374
500 400
500 428
500 472
500 490
