1 38
1 75
1 205
1 233
1 394
1 433
2 6
2 7
2 21
2 63
2 277
2 336
2 343
2 393
2 474
2 500
3 38
3 42
3 78
3 163
3 179
3 184
3 221
4 35
4 48
4 125
4 219
4 251
4 339
4 415
4 440
5 11
5 29
5 33
5 54
5 55
5 116
5 118
5 159
5 221
5 223
5 224
5 247
5 279
5 281
5 323
5 343
5 385
5 391
5 427
5 453
5 473
5 492
5 493
5 499
6 2
6 13
6 88
6 150
6 178
6 209
6 224
6 241
6 264
6 344
6 384
6 443
6 456
6 491
6 500
7 2
7 46
7 58
7 69
7 88
7 207
7 224
7 275
7 284
7 340
7 381
7 404
7 427
7 445
8 11
8 53
8 121
8 181
8 208
8 213
8 214
8 303
8 331
8 338
8 377
8 396
8 404
9 37
9 42
9 91
9 93
9 99
9 100
9 127
9 142
9 152
9 156
9 165
9 172
9 179
9 198
9 204
9 209
9 213
9 219
9 223
9 236
9 243
9 249
9 267
9 271
9 275
9 277
9 299
9 309
9 311
9 325
9 335
9 361
9 404
9 405
9 417
9 444
9 450
9 467
9 499
9 500
10 53
10 73
10 79
10 113
10 166
10 170
10 186
10 218
10 219
10 229
10 239
10 240
10 250
10 337
10 407
10 463
10 482
10 497
11 5
11 8
11 34
11 50
11 105
11 108
11 124
11 182
11 211
11 213
11 214
11 229
11 231
11 290
11 298
11 301
11 305
11 313
11 326
11 331
11 338
11 359
11 360
11 391
11 404
11 431
11 450
11 464
11 474
11 497
12 82
12 157
12 203
12 281
12 297
12 470
13 6
13 62
13 85
13 90
13 123
13 136
13 181
13 208
13 223
13 247
13 284
13 346
13 386
13 413
13 417
13 442
13 448
14 16
14 29
14 54
14 105
14 127
14 128
14 160
14 172
14 179
14 236
14 250
14 256
14 269
14 321
14 338
14 353
14 356
14 387
14 390
14 396
14 420
14 468
15 29
15 62
15 82
15 97
15 156
15 157
15 274
15 430
15 449
15 481
16 14
16 87
16 93
16 100
16 152
16 231
16 249
16 357
16 361
16 372
16 394
16 400
17 23
17 122
17 126
17 127
17 178
17 183
17 231
17 249
17 305
17 343
17 355
17 360
17 405
17 490
17 493
18 104
18 108
18 344
18 364
18 491
18 494
19 21
19 42
19 133
19 187
19 221
19 231
19 275
19 328
19 345
19 353
19 396
19 467
20 205
20 327
20 357
20 374
20 377
20 433
20 450
21 2
21 19
21 31
21 46
21 54
21 69
21 81
21 100
21 106
21 111
21 113
21 133
21 165
21 166
21 192
21 197
21 221
21 239
21 252
21 262
21 269
21 272
21 320
21 335
21 344
21 360
21 382
21 397
21 403
21 412
21 418
21 421
21 441
21 443
21 450
21 452
21 467
21 486
22 39
22 101
22 129
22 158
22 166
22 193
22 212
22 253
22 281
22 325
22 337
22 340
22 380
22 387
22 444
22 478
23 17
23 79
23 126
23 143
23 169
23 181
23 197
23 355
23 357
23 363
23 407
23 439
23 450
23 481
23 484
24 27
24 38
24 49
24 53
24 59
24 61
24 62
24 86
24 97
24 120
24 128
24 142
24 148
24 149
24 157
24 191
24 204
24 205
24 237
24 240
24 243
24 269
24 276
24 296
24 311
24 330
24 340
24 342
24 349
24 356
24 357
24 370
24 391
24 392
24 397
24 413
24 428
24 432
24 455
24 474
25 65
25 150
25 185
25 186
25 217
25 425
25 478
26 101
26 117
26 140
26 245
26 247
26 438
27 24
27 55
27 69
27 70
27 82
27 92
27 104
27 113
27 160
27 170
27 226
27 229
27 233
27 239
27 240
27 287
27 317
27 318
27 341
27 353
27 373
27 382
27 388
27 398
27 461
27 468
27 472
28 104
28 127
28 148
28 176
28 257
28 278
28 341
28 344
28 357
28 394
28 405
28 433
29 5
29 14
29 15
29 30
29 55
29 75
29 90
29 94
29 95
29 102
29 104
29 116
29 122
29 125
29 132
29 142
29 153
29 160
29 172
29 177
29 178
29 185
29 197
29 202
29 211
29 214
29 223
29 231
29 244
29 247
29 249
29 254
29 301
29 313
29 315
29 316
29 321
29 325
29 336
29 341
29 369
29 370
29 396
29 400
29 403
29 407
29 488
29 492
29 493
30 29
30 102
30 113
30 115
30 153
30 168
30 179
30 198
30 204
30 205
30 215
30 258
30 296
30 318
30 356
30 363
30 404
30 429
30 438
30 441
30 448
30 449
30 465
30 484
31 21
31 35
31 47
31 64
31 135
31 138
31 149
31 157
31 173
31 183
31 185
31 195
31 196
31 239
31 243
31 286
31 330
31 381
31 384
31 387
31 441
31 445
31 491
31 500
32 38
32 184
32 190
32 253
32 345
32 439
33 5
33 55
33 65
33 71
33 88
33 116
33 117
33 125
33 126
33 127
33 133
33 142
33 153
33 168
33 172
33 197
33 225
33 231
33 235
33 243
33 247
33 252
33 256
33 282
33 303
33 310
33 321
33 337
33 352
33 359
33 369
33 377
33 405
33 417
33 427
33 429
33 474
33 489
33 493
33 494
33 495
34 11
34 83
34 88
34 89
34 112
34 136
34 147
34 152
34 217
34 219
34 244
34 252
34 256
34 267
34 269
34 271
34 292
34 304
34 305
34 318
34 322
34 360
34 361
34 376
34 383
34 388
34 390
34 396
34 401
34 443
34 472
34 476
34 481
35 4
35 31
35 117
35 183
35 185
35 195
35 196
35 202
35 249
35 315
35 384
35 388
35 438
35 484
36 78
36 116
36 125
36 153
36 264
36 306
36 343
36 349
36 474
37 9
37 76
37 172
37 220
37 333
37 361
38 1
38 3
38 24
38 32
38 78
38 93
38 106
38 108
38 147
38 169
38 173
38 184
38 190
38 195
38 226
38 231
38 260
38 319
38 341
38 387
38 416
38 420
38 423
38 450
38 496
39 22
39 75
39 82
39 97
39 107
39 126
39 155
39 157
39 188
39 203
39 212
39 318
39 352
39 409
39 436
39 439
39 474
39 481
39 484
40 121
40 125
40 152
40 283
40 293
40 326
40 474
40 493
41 42
41 173
41 215
41 223
41 359
41 435
42 3
42 9
42 19
42 41
42 58
42 62
42 93
42 100
42 109
42 110
42 143
42 152
42 157
42 163
42 165
42 173
42 183
42 185
42 190
42 196
42 204
42 223
42 240
42 249
42 250
42 271
42 282
42 295
42 300
42 320
42 360
42 372
42 380
42 398
42 423
42 442
42 444
42 455
42 467
42 495
43 67
43 84
43 110
43 120
43 152
43 156
43 160
43 183
43 184
43 212
43 267
43 279
43 302
43 303
43 309
43 314
43 343
43 354
43 393
43 449
43 461
43 486
44 52
44 84
44 311
44 370
44 479
44 493
45 77
45 81
45 84
45 88
45 92
45 100
45 114
45 142
45 152
45 159
45 184
45 212
45 213
45 215
45 224
45 249
45 250
45 265
45 309
45 343
45 352
45 354
45 361
45 398
45 440
45 483
46 7
46 21
46 47
46 54
46 117
46 118
46 356
46 359
46 360
46 387
46 443
46 445
47 31
47 46
47 183
47 184
47 185
47 196
47 346
47 376
47 394
47 414
48 4
48 93
48 202
48 454
48 483
48 486
49 24
49 71
49 142
49 180
49 285
49 326
49 355
49 356
49 357
49 391
50 11
50 102
50 105
50 231
50 263
50 397
50 426
50 430
50 493
51 61
51 100
51 114
51 127
51 214
51 241
51 283
51 337
51 360
51 409
51 494
52 44
52 56
52 133
52 304
52 346
52 434
53 8
53 10
53 24
53 75
53 79
53 91
53 105
53 106
53 115
53 116
53 131
53 141
53 171
53 174
53 176
53 204
53 302
53 309
53 317
53 323
53 331
53 336
53 341
53 347
53 355
53 357
53 360
53 361
53 362
53 377
53 383
53 384
53 388
53 398
53 450
53 474
53 490
53 497
53 500
54 5
54 14
54 21
54 46
54 56
54 69
54 73
54 78
54 93
54 94
54 98
54 101
54 102
54 105
54 112
54 120
54 127
54 133
54 137
54 173
54 181
54 186
54 214
54 221
54 226
54 229
54 240
54 244
54 249
54 250
54 252
54 253
54 256
54 258
54 269
54 281
54 291
54 302
54 338
54 353
54 370
54 387
54 397
54 438
54 463
54 473
54 486
54 497
55 5
55 27
55 29
55 33
55 59
55 67
55 71
55 75
55 77
55 94
55 106
55 107
55 118
55 130
55 132
55 133
55 159
55 160
55 166
55 168
55 170
55 172
55 197
55 202
55 214
55 247
55 249
55 268
55 294
55 299
55 332
55 336
55 354
55 356
55 357
55 359
55 360
55 362
55 363
55 370
55 379
55 388
55 392
55 413
55 432
55 473
55 476
55 494
56 52
56 54
56 67
56 75
56 81
56 88
56 152
56 180
56 182
56 230
56 231
56 292
56 322
56 342
56 346
56 352
56 364
56 375
56 395
56 435
56 438
56 483
56 491
57 70
57 174
57 200
57 229
57 268
57 321
57 412
57 436
57 455
58 7
58 42
58 136
58 181
58 284
58 445
59 24
59 55
59 120
59 142
59 314
59 375
60 69
60 101
60 127
60 131
60 168
60 221
60 227
60 269
60 281
60 286
60 319
60 340
60 345
60 370
60 396
60 397
60 476
61 24
61 51
61 118
61 227
61 249
61 396
62 13
62 15
62 24
62 42
62 90
62 98
62 123
62 133
62 136
62 155
62 181
62 197
62 208
62 220
62 229
62 245
62 259
62 262
62 268
62 269
62 276
62 284
62 291
62 338
62 367
62 380
62 453
62 480
62 494
62 497
63 2
63 179
63 253
63 265
63 266
63 298
63 316
63 326
63 337
63 371
63 420
63 439
64 31
64 136
64 151
64 160
64 167
64 183
64 185
64 195
64 230
64 264
64 354
64 384
65 25
65 33
65 82
65 107
65 126
65 157
65 160
65 168
65 203
65 244
65 246
65 294
65 297
65 372
65 409
65 410
65 425
65 439
65 447
65 481
66 145
66 157
66 215
66 289
66 354
66 355
66 362
67 43
67 55
67 56
67 70
67 84
67 131
67 156
67 267
67 279
67 393
67 401
67 409
67 419
67 449
67 498
68 71
68 226
68 235
68 241
68 243
68 252
68 454
68 486
69 7
69 21
69 27
69 54
69 60
69 74
69 78
69 97
69 100
69 122
69 132
69 133
69 137
69 157
69 163
69 182
69 186
69 201
69 256
69 258
69 269
69 282
69 329
69 343
69 353
69 370
69 397
69 398
69 404
69 453
69 467
69 476
69 482
69 486
70 27
70 57
70 67
70 96
70 119
70 124
70 151
70 228
70 257
70 263
70 268
70 318
70 327
70 328
70 402
70 404
70 416
70 422
70 439
70 453
70 465
70 499
71 33
71 49
71 55
71 68
71 88
71 94
71 108
71 113
71 125
71 188
71 249
71 309
71 312
71 315
71 318
71 347
71 353
71 377
71 393
71 424
71 425
71 445
71 473
71 493
72 89
72 99
72 106
72 118
72 122
72 127
72 184
72 185
72 193
72 204
72 230
72 233
72 252
72 253
72 298
72 321
72 325
72 337
72 343
72 387
72 391
72 425
72 441
72 477
72 493
73 10
73 54
73 100
73 105
73 132
73 173
73 263
73 275
73 329
73 338
73 404
74 69
74 143
74 166
74 224
74 317
74 396
75 1
75 29
75 39
75 53
75 55
75 56
75 76
75 80
75 93
75 102
75 117
75 122
75 125
75 161
75 170
75 183
75 193
75 196
75 233
75 234
75 253
75 255
75 256
75 262
75 296
75 297
75 304
75 309
75 347
75 348
75 349
75 351
75 361
75 387
75 394
75 425
75 430
75 431
75 433
75 479
76 37
76 75
76 101
76 153
76 197
76 233
76 234
76 241
76 262
76 294
76 325
76 349
76 358
76 374
76 378
76 394
76 426
76 433
76 444
76 479
76 480
76 491
77 45
77 55
77 104
77 113
77 120
77 240
77 252
77 253
77 360
77 382
77 406
77 463
78 3
78 36
78 38
78 54
78 69
78 83
78 108
78 137
78 184
78 190
78 197
78 239
78 260
78 382
78 388
78 416
78 423
78 435
78 445
78 463
78 496
79 10
79 23
79 53
79 92
79 100
79 125
79 128
79 183
79 209
79 210
79 213
79 241
79 262
79 269
79 270
79 279
79 308
79 321
79 335
79 341
79 343
79 355
79 405
79 450
79 475
80 75
80 155
80 203
80 233
80 352
80 373
80 380
80 393
80 394
80 406
80 433
80 479
81 21
81 45
81 56
81 84
81 89
81 102
81 190
81 211
81 216
81 221
81 252
81 255
81 256
81 284
81 293
81 319
81 326
81 343
81 354
81 355
81 359
81 383
81 387
81 388
81 463
81 468
82 12
82 15
82 27
82 39
82 65
82 106
82 126
82 132
82 133
82 157
82 166
82 203
82 213
82 242
82 274
82 318
82 319
82 325
82 347
82 362
82 380
82 384
82 409
82 410
82 436
82 439
82 441
82 443
82 460
82 462
82 481
82 487
82 489
82 493
83 34
83 78
83 93
83 100
83 133
83 147
83 156
83 168
83 175
83 181
83 195
83 204
83 235
83 245
83 270
83 271
83 311
83 361
83 380
83 398
83 445
84 43
84 44
84 45
84 67
84 81
84 102
84 119
84 133
84 156
84 170
84 190
84 213
84 237
84 241
84 262
84 267
84 279
84 375
84 393
84 428
84 434
84 445
84 449
85 13
85 111
85 176
85 331
85 342
85 355
85 363
85 394
85 405
85 463
85 464
85 471
86 24
86 97
86 106
86 120
86 122
86 136
86 142
86 234
86 250
86 300
86 337
86 340
86 356
86 358
86 391
86 396
86 404
86 410
86 494
87 16
87 102
87 170
87 378
87 455
87 485
88 6
88 7
88 33
88 34
88 45
88 56
88 71
88 133
88 145
88 152
88 170
88 175
88 179
88 223
88 226
88 243
88 248
88 266
88 275
88 282
88 289
88 297
88 303
88 317
88 324
88 344
88 355
88 362
88 363
88 384
88 442
88 445
88 463
88 467
88 474
88 491
88 494
88 500
89 34
89 72
89 81
89 153
89 190
89 211
89 213
89 217
89 244
89 256
89 269
89 275
89 321
89 337
89 342
89 360
89 364
89 377
89 388
89 396
89 420
89 443
89 448
89 487
90 13
90 29
90 62
90 132
90 160
90 221
90 247
90 278
90 293
90 433
90 493
91 9
91 53
91 198
91 223
91 364
91 396
91 450
91 474
92 27
92 45
92 79
92 104
92 113
92 170
92 179
92 203
92 223
92 229
92 240
92 256
92 270
92 272
92 273
92 286
92 287
92 346
92 433
92 440
92 448
92 463
92 497
93 9
93 16
93 38
93 42
93 48
93 54
93 75
93 83
93 94
93 98
93 113
93 144
93 152
93 160
93 165
93 179
93 209
93 213
93 217
93 239
93 250
93 256
93 317
93 326
93 333
93 354
93 361
93 440
93 445
93 449
93 500
94 29
94 54
94 55
94 71
94 93
94 101
94 116
94 120
94 132
94 134
94 153
94 159
94 167
94 168
94 172
94 176
94 180
94 181
94 193
94 195
94 197
94 204
94 206
94 227
94 241
94 243
94 247
94 248
94 259
94 299
94 306
94 319
94 321
94 322
94 341
94 352
94 354
94 356
94 362
94 392
94 407
94 417
94 424
94 426
94 446
94 464
94 467
94 473
94 480
94 493
95 29
95 106
95 122
95 201
95 269
95 355
95 374
95 380
95 405
95 445
95 454
95 460
95 475
96 70
96 101
96 153
96 163
96 238
96 268
96 288
96 317
96 322
96 368
96 372
96 462
96 481
96 494
97 15
97 24
97 39
97 69
97 86
97 100
97 120
97 125
97 136
97 142
97 179
97 195
97 196
97 203
97 205
97 237
97 315
97 318
97 336
97 340
97 356
97 368
97 391
97 393
97 400
97 412
97 413
97 432
97 455
98 54
98 62
98 93
98 101
98 144
98 147
98 153
98 166
98 192
98 198
98 214
98 240
98 242
98 288
98 290
98 324
98 334
98 335
98 360
98 379
98 381
98 387
98 429
98 474
98 476
98 479
98 493
99 9
99 72
99 117
99 170
99 226
99 229
99 242
99 261
99 458
99 497
100 9
100 16
100 21
100 42
100 45
100 51
100 69
100 73
100 79
100 83
100 97
100 101
100 106
100 109
100 125
100 139
100 165
100 177
100 204
100 207
100 217
100 226
100 249
100 250
100 295
100 304
100 309
100 340
100 344
100 346
100 354
100 355
100 358
100 359
100 361
100 362
100 365
100 372
100 373
100 385
100 408
100 413
100 418
100 433
100 438
100 440
100 444
100 454
100 489
100 492
101 22
101 26
101 54
101 60
101 76
101 94
101 96
101 98
101 100
101 107
101 137
101 139
101 144
101 153
101 175
101 179
101 186
101 191
101 192
101 195
101 207
101 211
101 229
101 234
101 238
101 239
101 240
101 242
101 252
101 267
101 298
101 318
101 325
101 328
101 335
101 339
101 346
101 350
101 368
101 372
101 423
101 429
101 438
101 445
101 484
101 497
102 29
102 30
102 50
102 54
102 75
102 81
102 84
102 87
102 106
102 110
102 112
102 127
102 133
102 197
102 252
102 253
102 256
102 258
102 262
102 269
102 322
102 339
102 348
102 353
102 358
102 387
102 405
102 445
102 469
102 470
102 473
102 486
102 491
102 497
103 113
103 229
103 267
103 311
103 394
103 420
103 463
103 475
103 497
104 18
104 27
104 28
104 29
104 77
104 92
104 105
104 113
104 128
104 140
104 170
104 198
104 229
104 239
104 240
104 258
104 294
104 296
104 319
104 321
104 325
104 355
104 357
104 376
104 463
104 478
104 491
104 497
105 11
105 14
105 50
105 53
105 54
105 73
105 104
105 121
105 175
105 181
105 197
105 214
105 226
105 231
105 247
105 250
105 275
105 278
105 281
105 305
105 313
105 318
105 319
105 329
105 331
105 338
105 339
105 343
105 368
105 404
105 451
105 464
106 21
106 38
106 53
106 55
106 72
106 82
106 86
106 95
106 100
106 102
106 112
106 125
106 129
106 139
106 152
106 163
106 167
106 213
106 233
106 234
106 249
106 270
106 299
106 309
106 311
106 335
106 354
106 361
106 377
106 380
106 384
106 387
106 399
106 426
106 440
106 442
106 460
106 493
107 39
107 55
107 65
107 101
107 116
107 138
107 172
107 202
107 270
107 275
107 299
107 306
107 321
107 344
107 394
107 407
107 426
107 445
107 450
107 453
107 472
107 482
107 491
108 11
108 18
108 38
108 71
108 78
108 184
108 190
108 239
108 266
108 358
108 395
109 42
109 100
109 146
109 182
109 264
109 391
110 42
110 43
110 102
110 166
110 185
110 307
110 353
110 423
110 454
110 468
110 486
111 21
111 85
111 127
111 172
111 195
111 216
111 237
111 258
111 273
111 289
111 292
111 306
111 377
111 388
111 443
112 34
112 54
112 102
112 106
112 121
112 144
112 153
112 178
112 179
112 181
112 192
112 215
112 240
112 242
112 253
112 267
112 309
112 318
112 330
112 368
112 421
113 10
113 21
113 27
113 30
113 71
113 77
113 92
113 93
113 103
113 104
113 140
113 143
113 152
113 154
113 158
113 183
113 197
113 212
113 219
113 229
113 239
113 240
113 249
113 251
113 252
113 256
113 290
113 306
113 310
113 324
113 356
113 359
113 362
113 373
113 376
113 382
113 397
113 398
113 426
113 463
113 464
113 465
113 469
113 472
113 474
113 497
113 500
114 45
114 51
114 115
114 127
114 133
114 166
114 168
114 183
114 238
114 248
114 256
114 313
114 319
114 322
114 337
114 346
114 360
114 361
114 387
114 388
114 443
114 475
114 481
115 30
115 53
115 114
115 125
115 166
115 183
115 216
115 255
115 309
115 318
115 324
115 336
115 355
115 362
115 367
115 388
115 450
115 468
115 475
116 5
116 29
116 33
116 36
116 53
116 94
116 107
116 134
116 160
116 165
116 170
116 197
116 202
116 204
116 211
116 243
116 247
116 252
116 254
116 263
116 269
116 282
116 300
116 332
116 355
116 360
116 387
116 388
116 400
116 427
116 440
116 442
116 445
116 454
116 467
116 481
116 493
116 500
117 26
117 33
117 35
117 46
117 75
117 99
117 172
117 228
117 233
117 234
117 239
117 262
117 279
117 349
117 394
117 433
117 445
117 458
117 479
117 486
118 5
118 46
118 55
118 61
118 72
118 129
118 152
118 164
118 166
118 177
118 203
118 215
118 223
118 273
118 294
118 298
118 319
118 326
118 358
118 383
118 393
118 413
118 425
118 440
119 70
119 84
119 147
119 156
119 179
119 279
119 307
119 393
119 436
120 24
120 43
120 54
120 59
120 77
120 86
120 94
120 97
120 121
120 142
120 148
120 173
120 192
120 194
120 196
120 197
120 205
120 227
120 237
120 259
120 340
120 343
120 356
120 362
120 368
120 391
120 396
120 403
120 413
120 428
120 432
120 436
120 443
120 449
120 454
120 455
120 462
120 494
121 8
121 40
121 105
121 112
121 120
121 122
121 127
121 143
121 159
121 166
121 186
121 199
121 206
121 213
121 294
121 298
121 310
121 325
121 326
121 327
121 345
121 359
121 403
121 418
121 441
121 474
121 481
121 493
121 497
121 499
122 17
122 29
122 69
122 72
122 75
122 86
122 95
122 121
122 143
122 160
122 166
122 176
122 177
122 193
122 244
122 253
122 263
122 294
122 296
122 312
122 337
122 367
122 368
122 372
122 381
122 412
122 420
122 448
122 467
122 489
123 13
123 62
123 134
123 245
123 284
123 389
124 11
124 70
124 127
124 189
124 214
124 231
124 298
124 331
124 402
124 404
124 443
124 465
125 4
125 29
125 33
125 36
125 40
125 71
125 75
125 79
125 97
125 100
125 106
125 115
125 126
125 131
125 147
125 150
125 153
125 159
125 171
125 176
125 231
125 246
125 268
125 271
125 302
125 303
125 312
125 324
125 325
125 336
125 343
125 349
125 363
125 377
125 398
125 405
125 412
125 423
125 445
125 453
125 454
125 469
125 474
125 479
126 17
126 23
126 33
126 39
126 65
126 82
126 125
126 157
126 203
126 262
126 265
126 272
126 275
126 326
126 339
126 352
126 398
126 410
126 415
126 436
126 477
126 481
126 487
127 9
127 14
127 17
127 28
127 33
127 51
127 54
127 60
127 72
127 102
127 111
127 114
127 121
127 124
127 137
127 177
127 212
127 227
127 240
127 244
127 248
127 252
127 253
127 304
127 328
127 330
127 335
127 340
127 344
127 346
127 349
127 352
127 353
127 357
127 360
127 361
127 380
127 387
127 388
127 397
127 443
127 449
127 463
127 464
127 469
127 476
127 482
127 500
128 14
128 24
128 79
128 104
128 160
128 187
128 202
128 224
128 231
128 241
128 256
128 264
128 278
128 302
128 324
128 336
128 343
128 367
128 443
128 474
128 478
128 481
129 22
129 106
129 118
129 166
129 203
129 232
129 274
129 282
129 286
129 294
129 319
129 321
129 340
129 397
129 403
129 425
129 441
129 454
129 474
129 497
130 55
130 138
130 185
130 234
130 312
130 321
130 365
130 403
130 407
130 422
131 53
131 60
131 67
131 125
131 133
131 178
131 181
131 242
131 275
131 289
131 294
131 324
131 367
131 432
131 438
131 450
132 29
132 55
132 69
132 73
132 82
132 90
132 94
132 136
132 170
132 197
132 202
132 221
132 271
132 280
132 347
132 360
132 403
132 442
132 460
132 493
133 19
133 21
133 33
133 52
133 54
133 55
133 62
133 69
133 82
133 83
133 84
133 88
133 102
133 114
133 131
133 160
133 234
133 256
133 269
133 278
133 345
133 350
133 353
133 357
133 360
133 381
133 417
133 429
133 452
133 486
134 94
134 116
134 123
134 135
134 158
134 173
134 188
134 201
134 215
134 223
134 224
134 236
134 242
134 245
134 246
134 278
134 289
134 297
134 333
134 359
134 405
134 422
134 470
134 473
134 475
134 491
135 31
135 134
135 146
135 279
135 359
135 395
135 476
136 13
136 34
136 58
136 62
136 64
136 86
136 97
136 132
136 142
136 144
136 145
136 146
136 155
136 181
136 208
136 210
136 220
136 221
136 227
136 234
136 259
136 276
136 284
136 291
136 302
136 322
136 329
136 336
136 337
136 384
136 386
136 393
136 420
136 445
136 451
136 464
136 480
136 481
137 54
137 69
137 78
137 101
137 127
137 159
137 270
138 31
138 107
138 130
138 160
138 161
138 173
138 183
138 185
138 196
138 335
138 340
138 384
138 392
138 466
139 100
139 101
139 106
139 165
139 214
139 343
139 361
139 387
139 445
139 466
140 26
140 104
140 113
140 181
140 239
140 240
140 242
140 253
140 306
140 382
140 415
140 443
140 463
140 478
141 53
141 197
141 229
141 240
141 248
141 284
141 463
142 9
142 24
142 29
142 33
142 45
142 49
142 59
142 86
142 97
142 120
142 136
142 148
142 179
142 202
142 203
142 205
142 233
142 237
142 250
142 265
142 296
142 302
142 309
142 335
142 340
142 356
142 357
142 358
142 361
142 370
142 391
142 398
142 401
142 407
142 412
142 413
142 428
142 429
142 432
142 455
142 476
142 477
142 487
143 23
143 42
143 74
143 113
143 121
143 122
143 153
143 160
143 164
143 177
143 187
143 193
143 197
143 226
143 230
143 240
143 243
143 248
143 282
143 289
143 299
143 310
143 319
143 325
143 345
143 349
143 358
143 359
143 372
143 376
143 382
143 420
143 429
143 439
143 463
143 494
144 93
144 98
144 101
144 112
144 136
144 172
144 179
144 191
144 211
144 236
144 243
144 271
144 281
144 324
144 368
144 375
144 444
144 479
144 481
145 66
145 88
145 136
145 239
145 242
145 391
145 467
146 109
146 135
146 136
146 181
146 257
146 290
147 34
147 38
147 83
147 98
147 119
147 125
147 163
147 241
147 246
147 294
147 325
147 355
147 357
147 363
147 397
147 405
147 450
147 471
147 474
147 479
147 481
148 24
148 28
148 120
148 142
148 237
148 260
148 320
148 340
148 342
148 394
148 409
148 423
149 24
149 31
149 174
149 247
149 321
149 323
149 370
149 382
149 476
149 486
150 6
150 25
150 125
150 153
150 181
150 223
150 247
150 249
150 275
150 335
150 352
150 354
150 361
150 444
150 460
150 487
151 64
151 70
151 256
151 257
151 259
151 268
151 329
151 338
151 402
151 412
151 425
151 443
152 9
152 16
152 34
152 40
152 42
152 43
152 45
152 56
152 88
152 93
152 106
152 113
152 118
152 163
152 165
152 166
152 176
152 179
152 192
152 203
152 209
152 238
152 240
152 247
152 260
152 299
152 309
152 336
152 355
152 361
152 366
152 370
152 380
152 385
152 397
152 398
152 440
152 450
152 478
153 29
153 30
153 33
153 36
153 76
153 89
153 94
153 96
153 98
153 101
153 112
153 125
153 143
153 150
153 160
153 161
153 175
153 179
153 197
153 208
153 215
153 227
153 239
153 243
153 247
153 265
153 281
153 288
153 290
153 294
153 309
153 318
153 325
153 352
153 360
153 364
153 448
153 463
153 465
153 475
153 484
153 486
153 492
154 113
154 168
154 221
154 237
154 255
154 280
154 307
154 375
154 406
154 437
154 450
154 486
155 39
155 62
155 80
155 136
155 178
155 181
155 205
155 208
155 239
155 243
155 284
155 346
155 394
155 433
155 480
156 9
156 15
156 43
156 67
156 83
156 84
156 119
156 204
156 226
156 252
156 267
156 279
156 314
156 324
156 341
156 346
156 359
156 393
156 403
156 424
156 433
156 443
156 449
156 468
157 12
157 15
157 24
157 31
157 39
157 42
157 65
157 66
157 69
157 82
157 126
157 165
157 203
157 220
157 241
157 246
157 247
157 258
157 262
157 273
157 336
157 353
157 358
157 366
157 379
157 398
157 409
157 410
157 415
157 436
157 439
157 440
157 443
157 454
157 481
157 487
158 22
158 113
158 134
158 203
158 214
158 274
158 275
158 306
158 481
158 487
159 5
159 45
159 55
159 94
159 121
159 125
159 137
159 214
159 240
159 249
159 256
159 275
159 282
159 306
159 315
159 321
159 328
159 343
159 377
159 384
159 389
159 392
159 402
159 405
159 407
159 447
159 468
159 469
159 473
159 495
160 14
160 27
160 29
160 43
160 55
160 64
160 65
160 90
160 93
160 116
160 122
160 128
160 133
160 138
160 143
160 153
160 168
160 169
160 172
160 179
160 197
160 223
160 247
160 256
160 258
160 282
160 299
160 306
160 315
160 321
160 343
160 347
160 362
160 377
160 387
160 403
160 407
160 417
160 424
160 429
160 430
160 462
160 486
160 493
160 494
160 496
161 75
161 138
161 153
161 203
161 223
161 238
161 242
161 253
161 318
161 342
161 355
161 421
161 438
161 462
161 482
162 249
162 270
162 274
162 329
162 372
162 374
163 3
163 42
163 69
163 96
163 106
163 147
163 152
163 176
163 180
163 213
163 257
163 260
163 264
163 270
163 271
163 279
163 354
163 367
163 398
163 425
163 442
163 445
163 454
163 460
163 470
163 476
163 488
164 118
164 143
164 181
164 210
164 412
164 425
165 9
165 21
165 42
165 93
165 100
165 116
165 139
165 152
165 157
165 176
165 184
165 213
165 219
165 223
165 224
165 235
165 236
165 247
165 250
165 269
165 284
165 304
165 361
165 370
165 380
165 395
165 398
165 419
165 420
165 424
165 451
166 10
166 21
166 22
166 55
166 74
166 82
166 98
166 110
166 114
166 115
166 118
166 121
166 122
166 129
166 152
166 173
166 177
166 187
166 199
166 216
166 247
166 253
166 254
166 256
166 258
166 263
166 275
166 283
166 294
166 298
166 302
166 310
166 319
166 325
166 326
166 355
166 357
166 358
166 391
166 398
166 403
166 405
166 409
166 425
166 441
166 448
166 466
166 479
166 481
166 494
167 64
167 94
167 106
167 269
167 275
167 337
167 344
167 382
167 387
167 392
167 500
168 30
168 33
168 55
168 60
168 65
168 83
168 94
168 114
168 154
168 160
168 267
168 292
168 327
168 347
168 350
168 377
168 382
168 407
168 417
168 475
169 23
169 38
169 160
169 235
169 241
169 275
169 477
169 487
170 10
170 27
170 55
170 75
170 84
170 87
170 88
170 92
170 99
170 104
170 116
170 132
170 179
170 180
170 184
170 202
170 214
170 224
170 229
170 239
170 240
170 252
170 263
170 344
170 345
170 420
170 442
170 463
170 472
170 497
171 53
171 125
171 179
171 240
171 332
171 450
172 9
172 14
172 29
172 33
172 37
172 55
172 94
172 107
172 111
172 117
172 144
172 160
172 188
172 191
172 220
172 221
172 249
172 253
172 279
172 284
172 306
172 313
172 325
172 340
172 370
172 407
172 417
172 426
172 433
172 448
172 493
172 495
173 31
173 38
173 41
173 42
173 54
173 73
173 120
173 134
173 138
173 166
173 193
173 195
173 197
173 201
173 210
173 214
173 215
173 220
173 223
173 246
173 266
173 278
173 293
173 340
173 359
173 397
173 470
174 53
174 57
174 149
174 252
174 262
174 275
174 332
174 336
174 349
174 355
174 357
174 393
174 445
174 474
174 486
174 499
175 83
175 88
175 101
175 105
175 153
175 200
175 256
175 292
175 311
175 318
176 28
176 53
176 85
176 94
176 122
176 125
176 152
176 163
176 165
176 243
176 252
176 277
176 307
176 336
176 356
176 360
176 362
176 363
176 367
176 370
176 405
176 407
176 450
176 465
176 474
176 476
177 29
177 100
177 118
177 122
177 127
177 143
177 166
177 203
177 209
177 216
177 217
177 224
177 225
177 243
177 248
177 249
177 253
177 280
177 321
177 325
177 326
177 337
177 345
177 358
177 407
177 423
177 450
177 458
177 478
177 482
177 487
177 496
178 6
178 17
178 29
178 112
178 131
178 155
178 208
178 239
178 277
178 303
178 318
178 343
178 374
178 388
178 405
178 406
178 411
178 415
178 425
178 454
178 499
179 3
179 9
179 14
179 30
179 63
179 88
179 92
179 93
179 97
179 101
179 112
179 119
179 142
179 144
179 152
179 153
179 160
179 170
179 171
179 183
179 192
179 193
179 198
179 224
179 238
179 275
179 281
179 296
179 298
179 311
179 320
179 330
179 331
179 340
179 352
179 354
179 371
179 372
179 417
179 438
179 448
179 460
179 484
179 497
180 49
180 56
180 94
180 163
180 170
180 292
181 8
181 13
181 23
181 54
181 58
181 62
181 83
181 94
181 105
181 112
181 131
181 136
181 140
181 146
181 150
181 155
181 164
181 198
181 208
181 211
181 259
181 276
181 278
181 284
181 291
181 296
181 346
181 386
181 438
181 439
181 460
181 480
182 11
182 56
182 69
182 109
182 252
182 292
182 354
182 403
182 486
183 17
183 31
183 35
183 42
183 43
183 47
183 64
183 75
183 79
183 113
183 114
183 115
183 138
183 179
183 185
183 195
183 196
183 200
183 208
183 222
183 223
183 286
183 295
183 298
183 365
183 370
183 384
183 386
183 390
183 397
183 447
183 449
183 453
183 459
184 3
184 32
184 38
184 43
184 45
184 47
184 72
184 78
184 108
184 165
184 170
184 190
184 200
184 260
184 289
184 306
184 319
184 416
184 423
184 432
184 439
184 495
184 496
185 25
185 29
185 31
185 35
185 42
185 47
185 64
185 72
185 110
185 130
185 138
185 183
185 194
185 195
185 196
185 200
185 213
185 222
185 280
185 285
185 286
185 325
185 356
185 365
185 384
185 391
185 404
185 407
185 417
185 426
185 447
185 450
185 486
185 497
186 10
186 25
186 54
186 69
186 101
186 121
186 215
186 216
186 231
186 256
186 326
186 336
186 353
186 380
186 479
187 19
187 128
187 143
187 166
187 234
187 240
187 247
187 295
187 319
187 325
187 337
187 420
187 440
187 450
188 39
188 71
188 134
188 172
188 215
188 219
188 223
188 359
188 404
189 124
189 190
189 224
189 226
189 269
189 317
189 325
189 445
190 32
190 38
190 42
190 78
190 81
190 84
190 89
190 108
190 184
190 189
190 193
190 208
190 260
190 323
190 423
190 432
190 495
190 496
190 500
191 24
191 101
191 144
191 172
191 198
191 240
191 252
191 270
191 340
191 367
191 448
191 476
192 21
192 98
192 101
192 112
192 120
192 152
192 179
192 204
192 210
192 211
192 219
192 221
192 276
192 294
192 296
192 311
192 312
192 319
192 352
192 361
192 381
192 424
192 443
192 448
192 450
192 465
192 476
192 484
192 486
192 497
193 22
193 72
193 75
193 94
193 122
193 143
193 173
193 179
193 190
193 224
193 253
193 345
193 358
193 366
193 388
193 390
193 405
193 407
194 120
194 185
194 203
194 270
194 308
194 309
194 380
194 387
194 398
195 31
195 35
195 38
195 64
195 83
195 94
195 97
195 101
195 111
195 173
195 183
195 185
195 196
195 275
195 315
195 354
195 369
195 384
196 31
196 35
196 42
196 47
196 75
196 97
196 120
196 138
196 183
196 185
196 195
196 205
196 214
196 218
196 222
196 260
196 285
196 311
196 321
196 338
196 384
196 408
196 430
196 444
196 447
196 457
196 480
196 493
197 21
197 23
197 29
197 33
197 55
197 62
197 76
197 78
197 94
197 102
197 105
197 113
197 116
197 120
197 132
197 141
197 143
197 153
197 160
197 173
197 242
197 247
197 262
197 270
197 282
197 312
197 319
197 342
197 347
197 354
197 360
197 369
197 372
197 394
197 417
197 439
197 493
197 495
198 9
198 30
198 91
198 98
198 104
198 179
198 181
198 191
198 224
198 253
198 312
198 353
198 372
198 491
199 121
199 166
199 242
199 244
199 294
199 303
199 341
199 355
199 454
199 484
200 57
200 175
200 183
200 184
200 185
200 384
201 69
201 95
201 134
201 173
201 205
201 215
201 222
201 223
201 224
201 241
201 246
201 250
201 253
201 278
201 284
201 289
201 354
201 359
201 446
201 448
201 459
201 460
201 470
201 479
201 487
202 29
202 35
202 48
202 55
202 107
202 116
202 128
202 132
202 142
202 170
202 238
202 247
202 256
202 262
202 275
202 282
202 306
202 319
202 321
202 336
202 338
202 345
202 348
202 361
202 368
202 370
202 380
202 407
202 426
202 459
202 474
202 493
202 499
203 12
203 39
203 65
203 80
203 82
203 92
203 97
203 118
203 126
203 129
203 142
203 152
203 157
203 158
203 161
203 177
203 194
203 209
203 213
203 294
203 312
203 321
203 358
203 409
203 410
203 415
203 439
203 467
203 469
203 481
203 487
203 497
203 499
204 9
204 24
204 30
204 42
204 53
204 72
204 83
204 94
204 100
204 116
204 156
204 192
204 213
204 221
204 234
204 249
204 250
204 256
204 270
204 308
204 309
204 325
204 353
204 354
204 356
204 357
204 360
204 361
204 380
204 427
204 435
204 442
204 465
204 484
204 488
205 1
205 20
205 24
205 30
205 97
205 120
205 142
205 155
205 196
205 201
205 207
205 213
205 237
205 336
205 337
205 340
205 356
205 382
205 388
205 391
205 430
205 460
206 94
206 121
206 224
206 269
206 312
206 493
207 7
207 100
207 101
207 205
207 224
207 226
207 260
207 390
207 392
208 8
208 13
208 62
208 136
208 153
208 155
208 178
208 181
208 183
208 190
208 220
208 259
208 271
208 275
208 284
208 288
208 313
208 332
208 341
208 361
208 383
208 480
209 6
209 9
209 79
209 93
209 152
209 177
209 203
209 249
209 250
209 302
209 336
209 354
209 380
209 387
209 403
209 407
209 445
209 448
209 477
209 488
209 494
210 79
210 136
210 164
210 173
210 192
210 215
210 246
210 263
210 383
211 11
211 29
211 81
211 89
211 101
211 116
211 144
211 181
211 192
211 213
211 221
211 225
211 226
211 238
211 265
211 294
211 298
211 308
211 317
211 345
211 352
211 360
211 368
211 372
211 374
211 384
211 394
211 395
211 429
211 438
211 441
211 447
211 448
211 456
211 460
211 465
211 476
211 481
211 484
211 494
212 22
212 39
212 43
212 45
212 113
212 127
212 229
212 240
212 280
212 298
212 353
212 357
212 373
212 382
212 394
212 463
212 497
213 8
213 9
213 11
213 45
213 79
213 82
213 84
213 89
213 93
213 106
213 121
213 163
213 165
213 185
213 203
213 204
213 205
213 211
213 229
213 231
213 238
213 249
213 250
213 252
213 309
213 325
213 333
213 343
213 361
213 362
213 407
213 441
213 444
213 445
213 458
213 460
213 467
213 494
214 8
214 11
214 29
214 51
214 54
214 55
214 98
214 105
214 124
214 139
214 158
214 159
214 170
214 173
214 196
214 231
214 256
214 283
214 305
214 313
214 329
214 331
214 356
214 371
214 377
214 400
214 404
214 451
214 464
214 492
215 30
215 41
215 45
215 66
215 112
215 118
215 134
215 153
215 173
215 186
215 188
215 201
215 210
215 223
215 246
215 278
215 293
215 307
215 310
215 329
215 359
215 370
215 407
215 414
215 418
215 433
215 459
215 467
215 493
216 81
216 111
216 115
216 166
216 177
216 186
216 252
216 299
216 319
216 383
216 438
216 494
217 25
217 34
217 89
217 93
217 100
217 177
217 222
217 256
217 270
217 275
217 329
217 353
217 356
217 358
217 379
217 388
217 390
217 392
217 398
217 422
217 429
217 443
217 463
218 10
218 196
218 239
218 240
218 274
218 339
218 417
219 4
219 9
219 10
219 34
219 113
219 165
219 188
219 192
219 224
219 226
219 233
219 284
219 289
219 317
219 344
219 355
219 369
219 439
219 442
219 445
219 459
219 467
219 490
219 491
219 494
219 497
219 500
220 37
220 62
220 136
220 157
220 172
220 173
220 208
221 3
221 5
221 19
221 21
221 54
221 60
221 81
221 90
221 132
221 136
221 154
221 172
221 192
221 204
221 211
221 231
221 240
221 247
221 252
221 256
221 258
221 307
221 326
221 360
221 372
221 387
221 411
221 441
221 486
222 183
222 185
222 196
222 201
222 217
222 237
222 384
222 416
223 5
223 9
223 13
223 29
223 41
223 42
223 88
223 91
223 92
223 118
223 134
223 150
223 160
223 161
223 165
223 173
223 183
223 188
223 201
223 215
223 239
223 245
223 246
223 248
223 278
223 293
223 298
223 359
223 388
223 401
223 403
223 405
223 414
223 440
223 446
223 470
224 5
224 6
224 7
224 45
224 74
224 128
224 134
224 165
224 170
224 177
224 179
224 189
224 193
224 198
224 201
224 206
224 207
224 219
224 226
224 233
224 240
224 250
224 275
224 289
224 322
224 329
224 343
224 344
224 354
224 381
224 392
224 402
224 408
224 433
224 445
224 460
224 463
224 494
225 33
225 177
225 211
225 254
225 294
225 387
225 489
226 27
226 38
226 54
226 68
226 88
226 99
226 100
226 105
226 143
226 156
226 189
226 207
226 211
226 219
226 224
226 241
226 244
226 247
226 252
226 254
226 275
226 281
226 310
226 337
226 344
226 362
226 392
226 405
226 412
226 416
226 417
226 420
226 433
226 445
226 482
226 491
226 494
227 60
227 61
227 94
227 120
227 127
227 136
227 153
227 252
227 256
227 301
227 306
227 318
227 360
227 368
227 387
227 443
227 445
227 450
227 484
227 491
228 70
228 117
228 257
228 262
228 402
228 412
228 468
229 10
229 11
229 27
229 54
229 57
229 62
229 92
229 99
229 101
229 103
229 104
229 113
229 141
229 170
229 212
229 213
229 239
229 240
229 241
229 243
229 248
229 281
229 289
229 303
229 318
229 324
229 330
229 338
229 368
229 374
229 376
229 382
229 438
229 440
229 442
229 454
229 457
229 463
229 465
229 485
229 486
229 497
230 56
230 64
230 72
230 143
230 239
230 305
230 319
230 405
230 411
230 422
230 442
230 489
231 11
231 16
231 17
231 19
231 29
231 33
231 38
231 50
231 56
231 105
231 124
231 125
231 128
231 186
231 213
231 214
231 221
231 242
231 252
231 278
231 313
231 329
231 331
231 338
231 381
231 451
231 464
231 491
231 493
232 129
232 241
232 249
232 275
232 343
232 355
232 363
232 427
232 500
233 1
233 27
233 72
233 75
233 76
233 80
233 106
233 117
233 142
233 219
233 224
233 234
233 249
233 262
233 282
233 305
233 311
233 336
233 348
233 349
233 353
233 361
233 370
233 389
233 394
233 420
233 426
233 430
233 433
233 438
233 463
233 467
233 479
234 75
234 76
234 86
234 101
234 106
234 117
234 130
234 133
234 136
234 187
234 204
234 233
234 260
234 262
234 321
234 349
234 351
234 353
234 377
234 391
234 394
234 433
234 454
234 479
234 492
235 33
235 68
235 83
235 165
235 169
235 239
235 243
235 274
235 289
235 343
235 353
235 362
235 375
235 384
235 399
235 459
235 491
236 9
236 14
236 134
236 144
236 165
236 299
236 354
237 24
237 84
237 97
237 111
237 120
237 142
237 148
237 154
237 205
237 222
237 246
237 252
237 256
237 257
237 280
237 298
237 319
237 340
237 355
237 356
237 391
237 398
237 434
238 96
238 101
238 114
238 152
238 161
238 179
238 202
238 211
238 213
238 242
238 294
238 298
238 309
238 336
238 374
238 387
238 438
238 469
238 476
238 499
239 10
239 21
239 27
239 31
239 78
239 93
239 101
239 104
239 108
239 113
239 117
239 140
239 145
239 153
239 155
239 170
239 178
239 218
239 223
239 229
239 230
239 235
239 240
239 251
239 261
239 271
239 306
239 317
239 335
239 376
239 382
239 407
239 414
239 425
239 463
239 464
239 474
239 476
239 497
240 10
240 24
240 27
240 42
240 54
240 77
240 92
240 98
240 101
240 104
240 112
240 113
240 127
240 140
240 141
240 143
240 152
240 159
240 170
240 171
240 187
240 191
240 212
240 218
240 221
240 224
240 229
240 239
240 241
240 251
240 269
240 274
240 308
240 311
240 317
240 318
240 320
240 343
240 368
240 376
240 380
240 382
240 383
240 423
240 454
240 463
240 472
240 497
241 6
241 51
241 68
241 76
241 79
241 84
241 94
241 128
241 147
241 157
241 169
241 201
241 226
241 229
241 232
241 240
241 250
241 254
241 325
241 347
241 354
241 381
241 392
241 445
241 494
242 82
242 98
242 99
242 101
242 112
242 131
242 134
242 140
242 145
242 161
242 197
242 199
242 231
242 238
242 251
242 256
242 258
242 318
242 324
242 334
242 364
242 368
242 372
242 406
242 418
242 439
242 484
242 487
242 492
242 493
243 9
243 24
243 31
243 33
243 68
243 88
243 94
243 116
243 143
243 144
243 153
243 155
243 176
243 177
243 229
243 235
243 266
243 275
243 289
243 317
243 344
243 361
243 363
243 392
243 417
243 445
243 466
243 467
243 494
243 496
244 29
244 34
244 54
244 65
244 89
244 122
244 127
244 199
244 226
244 256
244 265
244 268
244 320
244 346
244 372
244 448
244 469
245 26
245 62
245 83
245 123
245 134
245 223
245 246
245 273
245 278
245 325
245 359
245 394
245 449
246 65
246 125
246 134
246 147
246 157
246 173
246 201
246 210
246 215
246 223
246 237
246 245
246 253
246 278
246 307
246 313
246 319
246 350
246 355
246 359
246 360
246 391
246 404
246 407
246 414
246 419
246 443
246 446
246 454
246 470
247 5
247 13
247 26
247 29
247 33
247 55
247 90
247 94
247 105
247 116
247 149
247 150
247 152
247 153
247 157
247 160
247 165
247 166
247 187
247 197
247 202
247 221
247 226
247 258
247 283
247 301
247 312
247 319
247 321
247 326
247 338
247 351
247 356
247 358
247 384
247 390
247 407
247 412
247 417
247 418
247 424
247 427
247 450
247 460
247 463
247 493
247 494
247 495
247 497
248 88
248 94
248 114
248 127
248 141
248 143
248 177
248 223
248 229
248 292
248 319
248 337
248 344
248 360
248 392
248 420
248 441
248 489
248 493
249 9
249 16
249 17
249 29
249 35
249 42
249 45
249 54
249 55
249 61
249 71
249 100
249 106
249 113
249 150
249 159
249 162
249 172
249 177
249 204
249 209
249 213
249 232
249 233
249 256
249 266
249 270
249 290
249 299
249 304
249 309
249 313
249 319
249 341
249 347
249 349
249 354
249 356
249 361
249 363
249 372
249 380
249 398
249 399
249 442
249 443
249 448
249 474
249 486
250 10
250 14
250 42
250 45
250 54
250 86
250 93
250 100
250 105
250 142
250 165
250 201
250 204
250 209
250 213
250 224
250 241
250 265
250 317
250 343
250 354
250 410
250 412
250 438
250 458
250 467
251 4
251 113
251 239
251 240
251 242
251 279
252 21
252 33
252 34
252 54
252 68
252 72
252 77
252 81
252 101
252 102
252 113
252 116
252 127
252 156
252 170
252 174
252 176
252 182
252 191
252 213
252 216
252 221
252 226
252 227
252 231
252 237
252 253
252 269
252 275
252 321
252 353
252 361
252 380
252 387
252 388
252 391
252 429
252 459
252 468
252 469
252 482
252 484
252 486
252 488
252 489
252 497
253 22
253 32
253 54
253 63
253 72
253 75
253 77
253 102
253 112
253 122
253 127
253 140
253 161
253 166
253 172
253 177
253 193
253 198
253 201
253 246
253 252
253 256
253 257
253 270
253 288
253 291
253 298
253 309
253 319
253 325
253 326
253 358
253 381
253 383
253 425
253 441
253 476
253 489
253 499
254 29
254 116
254 166
254 225
254 226
254 241
254 317
254 360
254 433
254 459
255 75
255 81
255 115
255 154
255 280
255 307
255 318
255 375
255 380
255 399
255 494
256 14
256 33
256 34
256 54
256 69
256 75
256 81
256 89
256 92
256 93
256 102
256 113
256 114
256 128
256 133
256 151
256 159
256 160
256 166
256 175
256 186
256 202
256 204
256 214
256 217
256 221
256 227
256 237
256 242
256 244
256 249
256 253
256 282
256 294
256 320
256 355
256 360
256 370
256 375
256 383
256 387
256 392
256 397
256 398
256 438
256 443
256 450
256 481
256 487
256 496
257 28
257 70
257 146
257 151
257 163
257 228
257 237
257 253
257 387
257 405
257 412
257 422
257 453
257 478
258 30
258 54
258 69
258 102
258 104
258 111
258 157
258 160
258 166
258 221
258 242
258 247
258 306
258 310
258 311
258 322
258 337
258 360
258 380
258 382
258 387
258 443
258 474
258 486
258 489
259 62
259 94
259 120
259 136
259 151
259 181
259 208
259 275
259 284
259 351
259 355
259 407
259 480
259 491
260 38
260 78
260 148
260 152
260 163
260 184
260 190
260 196
260 207
260 234
260 345
260 354
260 388
260 419
260 423
260 496
261 99
261 239
261 340
261 356
261 463
261 492
262 21
262 62
262 75
262 76
262 79
262 84
262 102
262 117
262 126
262 157
262 174
262 197
262 202
262 228
262 233
262 234
262 268
262 297
262 310
262 348
262 349
262 388
262 394
262 415
262 433
262 477
262 479
262 480
263 50
263 70
263 73
263 116
263 122
263 166
263 170
263 210
263 326
263 329
263 437
263 457
264 6
264 36
264 64
264 109
264 128
264 163
264 296
264 357
265 45
265 63
265 126
265 142
265 153
265 211
265 244
265 250
265 311
265 360
265 411
265 429
265 492
266 63
266 88
266 108
266 173
266 243
266 249
266 281
266 344
266 361
266 387
266 408
266 419
266 445
267 9
267 34
267 43
267 67
267 84
267 101
267 103
267 112
267 156
267 168
267 279
267 284
267 317
267 393
267 449
267 457
268 55
268 57
268 62
268 70
268 96
268 125
268 151
268 244
268 262
268 327
268 338
268 354
268 412
268 453
268 480
269 14
269 21
269 24
269 34
269 54
269 60
269 62
269 69
269 79
269 89
269 95
269 102
269 116
269 133
269 165
269 167
269 189
269 206
269 240
269 252
269 289
269 294
269 310
269 320
269 336
269 341
269 354
269 360
269 387
269 388
269 397
269 405
269 407
269 441
269 443
269 448
269 450
269 469
269 473
269 474
269 488
270 79
270 83
270 92
270 106
270 107
270 137
270 162
270 163
270 191
270 194
270 197
270 204
270 217
270 249
270 253
270 284
270 311
270 340
270 356
270 408
270 440
270 458
271 9
271 34
271 42
271 83
271 125
271 132
271 144
271 163
271 208
271 239
271 304
271 348
271 355
271 361
272 21
272 92
272 126
272 275
272 374
272 403
272 445
273 92
273 111
273 118
273 157
273 245
273 292
273 304
273 346
273 364
273 395
273 435
273 449
274 15
274 82
274 129
274 158
274 162
274 218
274 235
274 240
274 276
274 347
274 393
274 432
274 439
274 481
274 487
275 7
275 9
275 19
275 73
275 88
275 89
275 105
275 107
275 126
275 131
275 150
275 158
275 159
275 166
275 167
275 169
275 174
275 179
275 195
275 202
275 208
275 217
275 224
275 226
275 232
275 243
275 252
275 259
275 272
275 302
275 331
275 344
275 355
275 361
275 362
275 363
275 366
275 374
275 392
275 417
275 437
275 445
275 456
275 459
275 477
275 491
275 494
275 500
276 24
276 62
276 136
276 181
276 192
276 274
276 281
276 284
276 301
276 399
277 2
277 9
277 176
277 178
277 290
277 343
277 345
277 396
277 435
278 28
278 90
278 105
278 128
278 133
278 134
278 173
278 181
278 201
278 215
278 223
278 231
278 245
278 246
278 324
278 344
278 359
278 414
278 445
278 454
278 468
278 480
279 5
279 43
279 67
279 79
279 84
279 117
279 119
279 135
279 156
279 163
279 172
279 251
279 267
279 288
279 314
279 360
279 393
279 441
279 449
279 460
279 466
280 132
280 154
280 177
280 185
280 212
280 237
280 255
280 307
280 375
280 380
280 383
280 406
281 5
281 12
281 22
281 54
281 60
281 105
281 144
281 153
281 179
281 226
281 229
281 266
281 276
281 284
281 318
281 328
281 340
281 352
281 371
281 399
281 438
281 465
281 476
281 493
281 495
282 33
282 42
282 69
282 88
282 116
282 129
282 143
282 159
282 160
282 197
282 202
282 233
282 256
282 306
282 357
282 368
282 389
282 392
282 417
282 459
282 463
282 481
283 40
283 51
283 166
283 214
283 247
283 325
283 351
283 387
283 403
283 484
284 7
284 13
284 58
284 62
284 81
284 123
284 136
284 141
284 155
284 165
284 172
284 181
284 201
284 208
284 219
284 259
284 267
284 270
284 276
284 281
284 318
284 324
284 378
284 443
284 448
284 474
284 480
284 494
285 49
285 185
285 196
285 305
285 384
285 398
285 479
286 31
286 60
286 92
286 129
286 183
286 185
286 384
286 477
286 498
287 27
287 92
287 313
287 318
287 344
287 355
288 96
288 98
288 153
288 208
288 253
288 279
288 318
288 398
288 406
288 454
289 66
289 88
289 111
289 131
289 134
289 143
289 184
289 201
289 219
289 224
289 229
289 235
289 243
289 269
289 298
289 317
289 328
289 343
289 362
289 405
289 407
289 420
289 443
289 444
289 445
289 467
289 491
289 494
290 11
290 98
290 113
290 146
290 153
290 249
290 277
290 343
290 403
290 429
290 434
290 438
290 448
290 484
290 499
291 54
291 62
291 136
291 181
291 253
291 349
291 480
292 34
292 56
292 111
292 168
292 175
292 180
292 182
292 248
292 273
292 325
292 342
292 346
292 361
292 364
292 395
292 431
292 435
292 440
292 454
292 474
292 483
292 495
293 40
293 81
293 90
293 173
293 215
293 223
293 391
294 55
294 65
294 76
294 104
294 118
294 121
294 122
294 129
294 131
294 147
294 153
294 166
294 192
294 199
294 203
294 211
294 225
294 238
294 256
294 269
294 310
294 318
294 319
294 325
294 326
294 345
294 357
294 358
294 388
294 397
294 403
294 441
294 443
294 467
294 474
294 478
294 479
295 42
295 100
295 183
295 187
295 326
295 334
295 380
296 24
296 30
296 75
296 104
296 122
296 142
296 179
296 181
296 192
296 264
296 311
296 316
296 318
296 344
296 366
296 389
296 395
296 418
296 429
296 476
296 484
296 493
297 12
297 65
297 75
297 88
297 134
297 262
297 327
297 394
297 416
297 433
298 11
298 63
298 72
298 101
298 118
298 121
298 124
298 166
298 179
298 183
298 211
298 212
298 223
298 237
298 238
298 253
298 289
298 319
298 326
298 331
298 359
298 403
298 420
298 441
298 457
298 470
298 480
298 481
298 487
298 488
298 500
299 9
299 55
299 94
299 106
299 107
299 143
299 152
299 160
299 216
299 236
299 249
299 370
299 443
300 42
300 86
300 116
300 321
300 347
300 349
300 375
300 386
301 11
301 29
301 227
301 247
301 276
301 306
301 482
302 43
302 53
302 54
302 125
302 128
302 136
302 142
302 166
302 209
302 275
302 319
302 340
302 358
302 367
302 398
302 405
302 417
302 442
302 454
302 461
302 474
302 492
302 499
303 8
303 33
303 43
303 88
303 125
303 178
303 199
303 229
303 326
303 337
304 34
304 52
304 75
304 100
304 127
304 165
304 249
304 271
304 273
304 335
304 370
304 380
304 441
304 496
305 11
305 17
305 34
305 105
305 214
305 230
305 233
305 285
305 313
305 338
305 476
305 486
306 36
306 94
306 107
306 111
306 113
306 140
306 158
306 159
306 160
306 172
306 184
306 202
306 227
306 239
306 258
306 282
306 301
306 307
306 317
306 321
306 344
306 354
306 377
306 396
306 474
306 477
307 110
307 119
307 154
307 176
307 215
307 221
307 246
307 255
307 280
307 306
307 364
307 375
307 399
307 406
307 417
307 419
307 428
307 440
307 452
307 478
307 498
307 500
308 79
308 194
308 204
308 211
308 240
308 328
308 368
308 378
308 473
308 476
309 9
309 43
309 45
309 53
309 71
309 75
309 100
309 106
309 112
309 115
309 142
309 152
309 153
309 194
309 204
309 213
309 238
309 249
309 253
309 344
309 354
309 357
309 361
309 362
309 368
309 377
309 380
309 398
309 457
309 469
309 484
309 500
310 33
310 113
310 121
310 143
310 166
310 215
310 226
310 258
310 262
310 269
310 294
310 336
310 358
310 394
310 441
311 9
311 24
311 44
311 83
311 103
311 106
311 175
311 179
311 192
311 196
311 233
311 240
311 258
311 265
311 270
311 296
311 315
311 317
311 318
311 352
311 380
311 438
311 476
312 71
312 122
312 125
312 130
312 192
312 197
312 198
312 203
312 206
312 247
312 318
312 358
312 370
312 387
312 396
312 458
312 493
313 11
313 29
313 105
313 114
313 172
313 208
313 214
313 231
313 246
313 249
313 287
313 305
313 317
313 331
313 338
313 379
313 404
313 425
313 489
314 43
314 59
314 156
314 279
314 393
314 405
315 29
315 35
315 71
315 97
315 159
315 160
315 195
315 311
315 344
315 361
315 449
316 29
316 63
316 296
316 332
316 407
316 433
316 445
317 27
317 53
317 74
317 88
317 93
317 96
317 189
317 211
317 219
317 239
317 240
317 243
317 250
317 254
317 267
317 289
317 306
317 311
317 313
317 344
317 347
317 361
317 362
317 363
317 379
317 392
317 394
317 438
317 443
317 445
317 467
317 472
317 477
317 487
317 491
317 494
318 27
318 30
318 34
318 39
318 70
318 71
318 82
318 97
318 101
318 105
318 112
318 115
318 153
318 161
318 175
318 178
318 227
318 229
318 240
318 242
318 255
318 281
318 284
318 287
318 288
318 294
318 296
318 311
318 312
318 325
318 328
318 330
318 339
318 352
318 355
318 356
318 357
318 359
318 372
318 405
318 412
318 418
318 421
318 476
318 480
318 483
318 492
319 38
319 60
319 81
319 82
319 94
319 104
319 105
319 114
319 118
319 129
319 143
319 166
319 184
319 187
319 192
319 197
319 202
319 216
319 230
319 237
319 246
319 247
319 248
319 249
319 253
319 294
319 298
319 302
319 325
319 326
319 357
319 358
319 367
319 369
319 372
319 373
319 398
319 403
319 406
319 420
319 425
319 437
319 450
319 457
319 486
320 21
320 42
320 148
320 179
320 240
320 244
320 256
320 269
320 393
321 14
321 29
321 33
321 57
321 72
321 79
321 89
321 94
321 104
321 107
321 129
321 130
321 149
321 159
321 160
321 177
321 196
321 202
321 203
321 234
321 247
321 252
321 300
321 306
321 347
321 354
321 370
321 377
321 382
321 387
321 394
321 404
321 405
321 406
321 407
321 409
321 417
321 427
321 429
321 437
321 454
321 458
321 468
321 476
321 479
321 493
322 34
322 56
322 94
322 96
322 102
322 114
322 136
322 224
322 258
322 355
322 375
322 387
322 410
322 493
323 5
323 53
323 149
323 190
323 353
323 417
324 88
324 98
324 113
324 115
324 125
324 128
324 131
324 144
324 156
324 229
324 242
324 278
324 284
324 425
324 450
324 454
324 474
324 499
325 9
325 22
325 29
325 72
325 76
325 82
325 101
325 104
325 121
325 125
325 143
325 147
325 153
325 166
325 172
325 177
325 185
325 187
325 189
325 204
325 213
325 241
325 245
325 253
325 283
325 292
325 294
325 318
325 319
325 326
325 344
325 345
325 347
325 358
325 360
325 361
325 403
325 441
325 474
325 480
326 11
326 40
326 49
326 63
326 81
326 93
326 118
326 121
326 126
326 166
326 177
326 186
326 221
326 247
326 253
326 263
326 294
326 295
326 298
326 303
326 319
326 325
326 328
326 337
326 343
326 349
326 357
326 388
326 397
326 403
326 413
326 437
326 441
326 449
326 450
326 454
326 462
326 475
326 480
326 499
327 20
327 70
327 121
327 168
327 268
327 297
327 370
327 412
327 438
327 453
328 19
328 70
328 101
328 127
328 159
328 281
328 289
328 308
328 318
328 326
328 465
328 470
329 69
329 73
329 105
329 136
329 151
329 162
329 214
329 215
329 217
329 224
329 231
329 263
329 338
329 370
329 404
329 464
329 487
330 24
330 31
330 112
330 127
330 179
330 229
330 318
330 369
330 499
331 8
331 11
331 53
331 85
331 105
331 124
331 179
331 214
331 231
331 275
331 298
331 313
331 337
331 338
331 355
331 372
331 403
331 404
331 448
331 464
331 471
331 481
332 55
332 116
332 171
332 174
332 208
332 316
332 360
332 361
332 407
332 433
333 37
333 93
333 134
333 213
333 408
333 489
334 98
334 242
334 295
334 335
334 354
334 407
335 9
335 21
335 79
335 98
335 101
335 106
335 127
335 138
335 142
335 150
335 239
335 304
335 334
335 380
335 392
335 398
335 421
336 2
336 29
336 53
336 55
336 97
336 115
336 125
336 128
336 136
336 152
336 157
336 174
336 176
336 186
336 202
336 205
336 209
336 233
336 238
336 269
336 310
336 343
336 355
336 357
336 377
336 391
336 398
336 405
336 407
336 438
336 450
336 462
336 474
336 479
336 486
337 10
337 22
337 33
337 51
337 63
337 72
337 86
337 89
337 114
337 122
337 136
337 167
337 177
337 187
337 205
337 226
337 248
337 258
337 303
337 326
337 331
337 345
337 454
337 494
338 8
338 11
338 14
338 54
338 62
338 73
338 105
338 151
338 196
338 202
338 229
338 231
338 247
338 268
338 305
338 313
338 329
338 331
338 344
338 352
338 353
338 377
338 393
338 404
338 405
339 4
339 101
339 102
339 105
339 126
339 218
339 318
339 355
339 362
339 363
339 454
339 464
339 467
339 471
339 475
340 7
340 22
340 24
340 60
340 86
340 97
340 100
340 120
340 127
340 129
340 138
340 142
340 148
340 172
340 173
340 179
340 191
340 205
340 237
340 261
340 270
340 281
340 302
340 344
340 356
340 360
340 363
340 384
340 391
340 401
340 405
340 413
340 434
340 450
340 478
341 27
341 28
341 29
341 38
341 53
341 79
341 94
341 156
341 199
341 208
341 249
341 269
341 353
341 357
341 374
341 387
341 448
341 450
341 461
341 467
341 497
342 24
342 56
342 85
342 89
342 148
342 161
342 197
342 292
342 346
342 364
342 395
343 2
343 5
343 17
343 36
343 43
343 45
343 69
343 72
343 79
343 81
343 105
343 120
343 125
343 128
343 139
343 159
343 160
343 178
343 213
343 224
343 232
343 235
343 240
343 250
343 277
343 289
343 290
343 326
343 336
343 367
343 374
343 391
343 405
343 412
343 450
343 454
343 459
343 462
343 474
343 484
344 6
344 18
344 21
344 28
344 88
344 100
344 107
344 127
344 167
344 170
344 219
344 224
344 226
344 243
344 248
344 266
344 275
344 278
344 287
344 296
344 306
344 309
344 315
344 317
344 325
344 338
344 340
344 352
344 353
344 362
344 367
344 407
344 413
344 437
344 445
344 446
344 459
344 460
344 467
344 479
344 491
344 494
345 19
345 32
345 60
345 121
345 133
345 143
345 170
345 177
345 193
345 202
345 211
345 260
345 277
345 294
345 325
345 337
345 358
345 360
345 420
345 443
345 478
345 481
345 491
345 494
346 13
346 47
346 52
346 56
346 92
346 100
346 101
346 114
346 127
346 155
346 156
346 181
346 244
346 273
346 292
346 342
346 364
346 395
346 421
346 483
347 53
347 71
347 75
347 82
347 132
347 160
347 168
347 197
347 241
347 249
347 274
347 300
347 317
347 321
347 325
347 377
347 380
347 407
347 443
347 469
347 471
347 497
348 75
348 102
348 202
348 233
348 262
348 271
348 394
348 433
348 434
348 447
348 479
349 24
349 36
349 75
349 76
349 117
349 125
349 127
349 143
349 174
349 233
349 234
349 249
349 262
349 291
349 300
349 326
349 359
349 367
349 378
349 394
349 433
349 441
349 472
349 479
349 492
350 101
350 133
350 168
350 246
350 388
350 410
350 443
351 75
351 234
351 247
351 259
351 283
351 393
351 394
351 433
352 33
352 39
352 45
352 56
352 80
352 94
352 126
352 127
352 150
352 153
352 179
352 192
352 211
352 281
352 311
352 318
352 338
352 344
352 361
352 409
352 456
352 469
352 476
352 484
353 14
353 19
353 27
353 54
353 69
353 71
353 102
353 110
353 127
353 133
353 157
353 186
353 198
353 204
353 212
353 217
353 233
353 234
353 235
353 252
353 323
353 338
353 341
353 344
353 354
353 357
353 360
353 380
353 382
353 383
353 391
353 392
353 397
353 404
353 424
353 427
353 445
353 486
353 490
354 43
354 45
354 55
354 64
354 66
354 81
354 93
354 94
354 100
354 106
354 150
354 163
354 179
354 182
354 195
354 197
354 201
354 204
354 209
354 224
354 236
354 241
354 249
354 250
354 260
354 268
354 269
354 306
354 309
354 321
354 334
354 353
354 357
354 367
354 387
354 398
354 413
354 440
354 444
354 460
355 17
355 23
355 49
355 53
355 66
355 79
355 81
355 85
355 88
355 95
355 100
355 104
355 115
355 116
355 147
355 152
355 161
355 166
355 174
355 199
355 219
355 232
355 237
355 246
355 256
355 259
355 271
355 275
355 287
355 318
355 322
355 331
355 336
355 339
355 359
355 360
355 361
355 398
355 405
355 454
355 461
355 462
355 467
355 474
355 499
356 14
356 24
356 30
356 46
356 49
356 55
356 86
356 94
356 97
356 113
356 120
356 142
356 176
356 185
356 204
356 205
356 214
356 217
356 237
356 247
356 249
356 261
356 270
356 318
356 340
356 391
356 394
356 401
356 404
356 406
356 413
356 417
356 420
356 432
356 434
356 442
356 447
356 455
356 476
356 486
356 491
357 16
357 20
357 23
357 24
357 28
357 49
357 53
357 55
357 104
357 127
357 133
357 142
357 147
357 166
357 174
357 204
357 212
357 264
357 282
357 294
357 309
357 318
357 319
357 326
357 336
357 341
357 353
357 354
357 362
357 363
357 454
357 459
357 462
357 465
357 474
357 490
357 499
357 500
358 76
358 86
358 100
358 102
358 108
358 118
358 142
358 143
358 157
358 166
358 177
358 193
358 203
358 217
358 247
358 253
358 294
358 302
358 310
358 312
358 319
358 325
358 345
358 360
358 380
358 382
358 387
358 420
358 440
358 441
358 452
358 454
358 478
358 489
358 494
358 497
359 11
359 33
359 41
359 46
359 55
359 81
359 100
359 113
359 121
359 134
359 135
359 143
359 156
359 173
359 188
359 201
359 215
359 223
359 245
359 246
359 278
359 298
359 318
359 349
359 355
359 384
359 393
359 398
359 438
359 446
359 454
359 470
360 11
360 17
360 21
360 34
360 42
360 46
360 51
360 53
360 55
360 77
360 89
360 98
360 114
360 116
360 127
360 132
360 133
360 153
360 176
360 197
360 204
360 211
360 221
360 227
360 246
360 248
360 254
360 256
360 258
360 265
360 269
360 279
360 325
360 332
360 340
360 345
360 353
360 355
360 358
360 383
360 467
360 468
361 9
361 16
361 34
361 37
361 45
361 53
361 75
361 83
361 93
361 100
361 106
361 114
361 127
361 139
361 142
361 150
361 152
361 165
361 192
361 202
361 204
361 208
361 213
361 233
361 243
361 249
361 252
361 266
361 271
361 275
361 292
361 309
361 315
361 317
361 325
361 332
361 352
361 355
361 374
361 375
361 393
361 398
361 442
361 448
361 450
361 460
361 465
361 474
361 480
361 489
362 53
362 55
362 66
362 82
362 88
362 94
362 100
362 113
362 115
362 120
362 160
362 176
362 213
362 226
362 235
362 275
362 289
362 309
362 317
362 339
362 344
362 357
362 366
362 384
362 392
362 426
362 427
362 459
362 463
362 467
362 484
362 486
362 491
362 494
363 23
363 30
363 55
363 85
363 88
363 125
363 147
363 176
363 232
363 243
363 249
363 275
363 317
363 339
363 340
363 357
363 372
363 394
363 438
363 474
364 18
364 56
364 89
364 91
364 153
364 242
364 273
364 292
364 307
364 342
364 346
364 372
364 395
364 449
364 454
364 455
364 483
365 100
365 130
365 183
365 185
365 467
365 491
365 494
366 152
366 157
366 193
366 275
366 296
366 362
366 407
366 445
366 459
367 62
367 115
367 122
367 128
367 131
367 163
367 176
367 191
367 302
367 319
367 343
367 344
367 349
367 354
367 369
367 374
367 377
367 380
367 450
367 454
367 484
368 96
368 97
368 101
368 105
368 112
368 120
368 122
368 144
368 202
368 211
368 227
368 229
368 240
368 242
368 282
368 308
368 309
368 418
368 427
368 429
368 441
368 465
368 479
368 489
369 29
369 33
369 195
369 197
369 219
369 319
369 330
369 367
369 495
370 24
370 29
370 44
370 54
370 55
370 60
370 69
370 142
370 149
370 152
370 165
370 172
370 176
370 183
370 202
370 215
370 233
370 256
370 299
370 304
370 312
370 321
370 327
370 329
370 389
370 407
370 426
370 438
370 441
370 474
371 63
371 179
371 214
371 281
371 435
371 448
372 16
372 42
372 65
372 96
372 100
372 101
372 122
372 143
372 162
372 179
372 197
372 198
372 211
372 221
372 242
372 244
372 249
372 318
372 319
372 331
372 363
372 364
372 429
372 438
372 448
372 470
372 484
373 27
373 80
373 100
373 113
373 212
373 319
373 463
373 489
374 20
374 76
374 95
374 162
374 178
374 211
374 229
374 238
374 272
374 275
374 341
374 343
374 361
374 367
374 389
374 392
375 56
375 59
375 84
375 144
375 154
375 235
375 255
375 256
375 280
375 300
375 307
375 322
375 361
375 406
375 419
375 429
375 463
376 34
376 47
376 104
376 113
376 143
376 229
376 239
376 240
376 397
376 416
376 447
376 493
376 494
376 497
377 8
377 20
377 33
377 53
377 71
377 89
377 106
377 111
377 125
377 159
377 160
377 168
377 214
377 234
377 306
377 309
377 321
377 336
377 338
377 347
377 367
377 388
377 407
377 426
377 474
378 76
378 87
378 284
378 308
378 349
378 394
378 433
379 55
379 98
379 157
379 217
379 313
379 317
379 396
379 443
379 454
379 486
380 22
380 42
380 62
380 80
380 82
380 83
380 95
380 106
380 127
380 152
380 165
380 186
380 194
380 202
380 204
380 209
380 240
380 249
380 252
380 255
380 258
380 280
380 295
380 304
380 309
380 311
380 335
380 347
380 353
380 358
380 367
380 387
380 398
380 409
380 410
380 443
380 460
380 496
381 7
381 31
381 98
381 122
381 133
381 192
381 224
381 231
381 241
381 253
381 493
381 494
382 21
382 27
382 77
382 78
382 113
382 140
382 143
382 149
382 167
382 168
382 205
382 212
382 229
382 239
382 240
382 258
382 321
382 353
382 358
382 384
382 405
382 417
382 491
382 497
383 34
383 53
383 81
383 118
383 208
383 210
383 216
383 240
383 253
383 256
383 280
383 353
383 360
383 432
383 439
383 454
383 472
383 486
384 6
384 31
384 35
384 53
384 64
384 82
384 88
384 106
384 136
384 138
384 159
384 183
384 185
384 195
384 196
384 200
384 211
384 222
384 235
384 247
384 285
384 286
384 340
384 359
384 362
384 382
384 407
384 418
384 440
384 447
384 481
385 5
385 100
385 152
385 406
385 409
385 429
386 13
386 136
386 181
386 183
386 300
386 392
387 14
387 22
387 31
387 38
387 46
387 54
387 72
387 75
387 81
387 98
387 102
387 106
387 114
387 116
387 127
387 139
387 160
387 167
387 194
387 209
387 221
387 225
387 227
387 238
387 252
387 256
387 257
387 258
387 266
387 269
387 283
387 312
387 321
387 322
387 341
387 354
387 358
387 380
387 388
387 404
387 407
387 443
387 445
387 465
387 482
387 486
388 27
388 34
388 35
388 53
388 55
388 78
388 81
388 89
388 111
388 114
388 115
388 116
388 127
388 178
388 193
388 205
388 217
388 223
388 252
388 260
388 262
388 269
388 294
388 326
388 350
388 377
388 387
388 396
388 397
388 403
388 411
388 415
388 438
388 442
388 463
388 468
388 482
388 487
388 491
388 496
389 123
389 159
389 233
389 282
389 296
389 370
389 374
390 14
390 34
390 183
390 193
390 207
390 217
390 247
391 5
391 11
391 24
391 49
391 72
391 86
391 97
391 109
391 120
391 142
391 145
391 166
391 185
391 205
391 234
391 237
391 246
391 252
391 293
391 336
391 340
391 343
391 353
391 356
391 413
391 432
391 439
391 440
391 446
391 462
392 24
392 55
392 94
392 138
392 159
392 167
392 207
392 217
392 224
392 226
392 241
392 243
392 248
392 256
392 275
392 282
392 317
392 335
392 353
392 362
392 374
392 386
392 408
392 432
392 450
392 469
392 476
392 500
393 2
393 43
393 67
393 71
393 80
393 84
393 97
393 118
393 119
393 136
393 156
393 174
393 267
393 274
393 279
393 314
393 320
393 338
393 351
393 359
393 361
393 423
393 449
394 1
394 16
394 28
394 47
394 75
394 76
394 80
394 85
394 103
394 107
394 117
394 148
394 155
394 197
394 211
394 212
394 233
394 234
394 245
394 262
394 297
394 310
394 317
394 321
394 348
394 349
394 351
394 356
394 363
394 378
394 407
394 413
394 426
394 430
394 431
394 433
394 440
394 441
394 458
394 462
394 463
394 479
394 484
395 56
395 108
395 135
395 165
395 211
395 273
395 292
395 296
395 342
395 346
395 364
395 416
395 445
395 488
395 494
396 8
396 14
396 19
396 29
396 34
396 60
396 61
396 74
396 86
396 89
396 91
396 120
396 277
396 306
396 312
396 379
396 388
396 433
396 441
396 443
396 474
396 493
396 495
397 21
397 24
397 50
397 54
397 60
397 69
397 113
397 127
397 129
397 147
397 152
397 173
397 183
397 256
397 269
397 294
397 326
397 353
397 376
397 388
397 420
397 484
397 497
398 27
398 42
398 45
398 53
398 69
398 83
398 113
398 125
398 126
398 142
398 152
398 157
398 163
398 165
398 166
398 194
398 217
398 237
398 249
398 256
398 285
398 288
398 302
398 309
398 319
398 335
398 336
398 354
398 355
398 359
398 361
398 380
398 407
398 440
398 442
398 459
398 460
398 470
398 472
398 493
398 499
399 106
399 235
399 249
399 255
399 276
399 281
399 307
399 406
399 419
400 16
400 29
400 97
400 116
400 214
400 407
400 410
401 34
401 67
401 142
401 223
401 340
401 356
401 470
402 70
402 124
402 151
402 159
402 224
402 228
402 412
402 426
402 468
403 21
403 29
403 120
403 121
403 129
403 130
403 132
403 156
403 160
403 166
403 182
403 209
403 223
403 272
403 283
403 290
403 294
403 298
403 319
403 325
403 326
403 331
403 388
403 450
403 478
403 489
403 500
404 7
404 8
404 9
404 11
404 30
404 69
404 70
404 73
404 86
404 105
404 124
404 185
404 188
404 214
404 246
404 313
404 321
404 329
404 331
404 338
404 353
404 356
404 387
404 409
404 443
404 451
404 460
404 485
405 9
405 17
405 28
405 33
405 79
405 85
405 95
405 102
405 125
405 134
405 147
405 159
405 166
405 176
405 178
405 193
405 223
405 226
405 230
405 257
405 269
405 289
405 302
405 314
405 318
405 321
405 336
405 338
405 340
405 343
405 355
405 382
405 450
405 451
405 454
405 476
405 486
405 496
406 77
406 80
406 154
406 178
406 242
406 280
406 288
406 307
406 319
406 321
406 356
406 375
406 385
406 399
406 419
406 452
406 498
407 10
407 23
407 29
407 94
407 107
407 130
407 142
407 159
407 160
407 168
407 172
407 176
407 177
407 185
407 193
407 202
407 209
407 213
407 215
407 239
407 246
407 247
407 259
407 269
407 289
407 316
407 321
407 332
407 334
407 336
407 344
407 347
407 366
407 370
407 377
407 384
407 387
407 394
407 398
407 400
407 409
407 415
407 426
407 439
407 497
408 100
408 196
408 224
408 266
408 270
408 333
408 392
408 464
408 494
409 39
409 51
409 65
409 67
409 82
409 148
409 157
409 166
409 203
409 321
409 352
409 380
409 385
409 404
409 407
409 433
409 439
409 460
409 463
409 481
409 487
410 65
410 82
410 86
410 126
410 157
410 203
410 250
410 322
410 350
410 380
410 400
410 478
410 481
410 495
411 178
411 221
411 230
411 265
411 388
411 436
412 21
412 57
412 97
412 122
412 125
412 142
412 151
412 164
412 226
412 228
412 247
412 250
412 257
412 268
412 318
412 327
412 343
412 402
412 422
412 433
412 453
412 456
412 474
413 13
413 24
413 55
413 97
413 100
413 118
413 120
413 142
413 326
413 340
413 344
413 354
413 356
413 391
413 394
413 450
413 454
413 473
413 497
414 47
414 215
414 223
414 239
414 246
414 278
415 4
415 126
415 140
415 157
415 178
415 203
415 262
415 388
415 407
415 416
415 481
415 487
416 38
416 70
416 78
416 184
416 222
416 226
416 297
416 376
416 395
416 415
417 9
417 13
417 33
417 94
417 133
417 160
417 168
417 172
417 179
417 185
417 197
417 218
417 226
417 243
417 247
417 275
417 282
417 302
417 307
417 321
417 323
417 356
417 382
417 446
417 462
417 474
417 493
418 21
418 100
418 121
418 215
418 242
418 247
418 296
418 318
418 368
418 384
418 492
418 493
419 67
419 165
419 246
419 260
419 266
419 307
419 375
419 399
419 406
419 442
420 14
420 38
420 63
420 89
420 103
420 122
420 136
420 143
420 165
420 170
420 187
420 226
420 233
420 248
420 289
420 298
420 319
420 345
420 356
420 358
420 397
420 421
420 451
420 463
420 478
420 493
421 21
421 112
421 161
421 318
421 335
421 346
421 420
421 438
421 443
421 455
421 484
421 489
422 70
422 130
422 134
422 217
422 230
422 257
422 412
422 479
423 38
423 42
423 78
423 101
423 110
423 125
423 148
423 177
423 184
423 190
423 240
423 260
423 393
423 431
423 438
423 496
424 71
424 94
424 156
424 160
424 165
424 192
424 247
424 353
424 433
424 461
425 25
425 65
425 71
425 72
425 75
425 118
425 129
425 151
425 163
425 164
425 166
425 178
425 239
425 253
425 313
425 319
425 324
425 426
425 468
426 50
426 76
426 94
426 106
426 107
426 113
426 172
426 185
426 202
426 233
426 362
426 370
426 377
426 394
426 402
426 407
426 425
427 5
427 7
427 33
427 116
427 204
427 232
427 247
427 321
427 353
427 362
427 368
427 483
428 24
428 84
428 120
428 142
428 307
428 470
429 30
429 33
429 98
429 101
429 133
429 142
429 143
429 160
429 211
429 217
429 252
429 265
429 290
429 296
429 321
429 368
429 372
429 375
429 385
429 433
429 448
429 459
429 494
430 15
430 50
430 75
430 160
430 196
430 205
430 233
430 394
430 433
430 449
430 450
430 479
430 480
430 485
431 11
431 75
431 292
431 394
431 423
431 433
432 24
432 55
432 97
432 120
432 131
432 142
432 184
432 190
432 274
432 356
432 383
432 391
432 392
432 443
432 459
432 489
433 1
433 20
433 28
433 75
433 76
433 80
433 90
433 92
433 100
433 117
433 155
433 156
433 172
433 215
433 224
433 226
433 233
433 234
433 254
433 262
433 297
433 316
433 332
433 348
433 349
433 351
433 378
433 394
433 396
433 409
433 412
433 424
433 429
433 430
433 431
433 443
433 457
433 479
433 481
433 487
433 491
433 493
434 52
434 84
434 237
434 290
434 340
434 348
434 356
435 41
435 56
435 78
435 204
435 273
435 277
435 292
435 371
436 39
436 57
436 82
436 119
436 120
436 126
436 157
436 411
436 463
436 475
436 481
437 154
437 263
437 275
437 319
437 321
437 326
437 344
437 481
438 26
438 30
438 35
438 54
438 56
438 100
438 101
438 131
438 161
438 179
438 181
438 211
438 216
438 229
438 233
438 238
438 250
438 256
438 281
438 290
438 311
438 317
438 327
438 336
438 359
438 363
438 370
438 372
438 388
438 421
438 423
438 453
438 456
438 463
438 476
439 23
439 32
439 39
439 63
439 65
439 70
439 82
439 143
439 157
439 181
439 184
439 197
439 203
439 219
439 242
439 274
439 383
439 391
439 407
439 409
439 481
439 487
439 491
440 4
440 45
440 92
440 93
440 100
440 106
440 116
440 118
440 152
440 157
440 187
440 223
440 229
440 270
440 292
440 307
440 354
440 358
440 384
440 391
440 394
440 398
440 442
440 448
441 21
441 30
441 31
441 72
441 82
441 121
441 129
441 166
441 211
441 213
441 221
441 248
441 253
441 269
441 279
441 294
441 298
441 304
441 310
441 325
441 326
441 349
441 358
441 368
441 370
441 394
441 396
441 481
441 485
441 489
441 493
441 497
442 13
442 42
442 88
442 106
442 116
442 132
442 163
442 170
442 204
442 219
442 229
442 230
442 249
442 302
442 356
442 361
442 388
442 398
442 419
442 440
443 6
443 21
443 34
443 46
443 82
443 89
443 111
443 114
443 120
443 124
443 127
443 128
443 140
443 151
443 156
443 157
443 192
443 217
443 227
443 246
443 249
443 256
443 258
443 269
443 284
443 289
443 294
443 299
443 317
443 345
443 347
443 350
443 379
443 380
443 387
443 396
443 404
443 421
443 432
443 433
443 444
443 483
443 486
444 9
444 22
444 42
444 76
444 100
444 144
444 150
444 196
444 213
444 289
444 354
444 443
444 454
445 7
445 31
445 46
445 58
445 71
445 78
445 83
445 84
445 88
445 93
445 95
445 101
445 102
445 107
445 116
445 117
445 125
445 136
445 139
445 163
445 174
445 189
445 209
445 213
445 219
445 224
445 226
445 227
445 241
445 243
445 266
445 272
445 275
445 278
445 289
445 316
445 317
445 344
445 353
445 366
445 387
445 395
445 465
445 467
445 477
445 490
445 491
445 494
445 495
445 500
446 94
446 201
446 223
446 246
446 344
446 359
446 391
446 417
447 65
447 159
447 183
447 185
447 196
447 211
447 348
447 356
447 376
447 384
447 493
447 498
448 13
448 30
448 89
448 92
448 122
448 153
448 166
448 172
448 179
448 191
448 192
448 201
448 209
448 211
448 244
448 249
448 269
448 284
448 290
448 331
448 341
448 361
448 371
448 372
448 429
448 440
448 476
448 479
448 492
448 494
449 15
449 30
449 43
449 67
449 84
449 93
449 120
449 127
449 156
449 183
449 245
449 267
449 273
449 279
449 315
449 326
449 364
449 393
449 430
450 9
450 11
450 20
450 21
450 23
450 38
450 53
450 79
450 91
450 107
450 115
450 131
450 147
450 152
450 154
450 171
450 176
450 177
450 185
450 187
450 192
450 227
450 247
450 256
450 269
450 319
450 324
450 326
450 336
450 340
450 341
450 343
450 361
450 367
450 392
450 403
450 405
450 413
450 430
450 459
450 466
451 105
451 136
451 165
451 214
451 231
451 404
451 405
451 420
452 21
452 133
452 307
452 358
452 406
452 471
453 5
453 62
453 69
453 70
453 107
453 125
453 183
453 257
453 268
453 327
453 412
453 438
453 455
454 48
454 68
454 95
454 100
454 110
454 116
454 120
454 125
454 129
454 157
454 163
454 178
454 199
454 229
454 234
454 240
454 246
454 278
454 288
454 292
454 302
454 321
454 324
454 326
454 337
454 339
454 343
454 355
454 357
454 358
454 359
454 364
454 367
454 379
454 383
454 405
454 413
454 444
454 455
454 462
454 466
454 474
454 499
455 24
455 42
455 57
455 87
455 97
455 120
455 142
455 356
455 364
455 421
455 453
455 454
456 6
456 211
456 275
456 352
456 412
456 438
457 196
457 229
457 263
457 267
457 298
457 309
457 319
457 433
458 99
458 117
458 177
458 213
458 250
458 270
458 312
458 321
458 394
458 460
459 183
459 201
459 202
459 215
459 219
459 235
459 252
459 254
459 275
459 282
459 343
459 344
459 357
459 362
459 366
459 398
459 429
459 432
459 450
459 467
460 82
460 95
460 106
460 132
460 150
460 163
460 179
460 181
460 201
460 205
460 211
460 213
460 224
460 247
460 279
460 344
460 354
460 361
460 380
460 398
460 404
460 409
460 458
461 27
461 43
461 302
461 341
461 355
461 424
461 464
462 82
462 96
462 120
462 160
462 161
462 326
462 336
462 343
462 355
462 357
462 391
462 394
462 417
462 454
462 475
463 10
463 54
463 77
463 78
463 81
463 85
463 88
463 92
463 103
463 104
463 113
463 127
463 140
463 141
463 143
463 153
463 170
463 212
463 217
463 224
463 229
463 233
463 239
463 240
463 247
463 261
463 282
463 362
463 373
463 375
463 388
463 394
463 409
463 420
463 436
463 438
463 486
463 487
463 490
463 497
464 11
464 85
464 94
464 105
464 113
464 127
464 136
464 214
464 231
464 239
464 329
464 331
464 339
464 408
464 461
465 30
465 70
465 113
465 124
465 153
465 176
465 192
465 204
465 211
465 229
465 281
465 328
465 357
465 361
465 368
465 387
465 445
466 138
466 139
466 166
466 243
466 279
466 450
466 454
466 474
467 9
467 19
467 21
467 42
467 69
467 88
467 94
467 116
467 122
467 145
467 203
467 213
467 215
467 219
467 233
467 243
467 250
467 289
467 294
467 317
467 339
467 341
467 344
467 355
467 360
467 362
467 365
467 445
467 459
467 500
468 14
468 27
468 81
468 110
468 115
468 156
468 159
468 228
468 252
468 278
468 321
468 360
468 388
468 402
468 425
469 102
469 113
469 125
469 127
469 159
469 203
469 238
469 244
469 252
469 269
469 309
469 347
469 352
469 392
470 12
470 102
470 134
470 163
470 173
470 201
470 223
470 246
470 298
470 328
470 359
470 372
470 398
470 401
470 428
471 85
471 147
471 331
471 339
471 347
471 452
472 27
472 34
472 107
472 113
472 170
472 240
472 317
472 349
472 383
472 398
472 478
472 484
472 497
473 5
473 54
473 55
473 71
473 94
473 102
473 134
473 159
473 269
473 308
473 413
474 2
474 11
474 24
474 33
474 36
474 39
474 40
474 53
474 88
474 91
474 98
474 113
474 121
474 125
474 128
474 129
474 147
474 174
474 176
474 202
474 239
474 249
474 258
474 269
474 284
474 292
474 294
474 302
474 306
474 324
474 325
474 336
474 343
474 355
474 357
474 361
474 363
474 370
474 377
474 396
474 412
474 417
474 454
474 466
474 478
474 484
474 490
475 79
475 95
475 103
475 114
475 115
475 134
475 153
475 168
475 326
475 339
475 436
475 462
475 491
476 34
476 55
476 60
476 69
476 98
476 127
476 135
476 142
476 149
476 163
476 176
476 191
476 192
476 211
476 238
476 239
476 253
476 281
476 296
476 305
476 308
476 311
476 318
476 321
476 352
476 356
476 392
476 405
476 438
476 448
476 480
476 486
476 497
477 72
477 126
477 142
477 169
477 209
477 262
477 275
477 286
477 306
477 317
477 445
478 22
478 25
478 104
478 128
478 140
478 152
478 177
478 257
478 294
478 307
478 340
478 345
478 358
478 403
478 410
478 420
478 472
478 474
479 44
479 75
479 76
479 80
479 98
479 117
479 125
479 144
479 147
479 166
479 186
479 201
479 233
479 234
479 262
479 285
479 294
479 321
479 336
479 344
479 348
479 349
479 368
479 394
479 422
479 430
479 433
479 448
479 484
479 487
480 62
480 76
480 94
480 136
480 155
480 181
480 196
480 208
480 259
480 262
480 268
480 278
480 284
480 291
480 298
480 318
480 325
480 326
480 361
480 430
480 476
480 481
481 15
481 23
481 34
481 39
481 65
481 82
481 96
481 114
481 116
481 121
481 126
481 128
481 136
481 144
481 147
481 157
481 158
481 166
481 203
481 211
481 256
481 274
481 282
481 298
481 331
481 345
481 384
481 409
481 410
481 415
481 433
481 436
481 437
481 439
481 441
481 480
481 487
482 10
482 69
482 107
482 127
482 161
482 177
482 226
482 252
482 301
482 387
482 388
483 45
483 48
483 56
483 292
483 318
483 346
483 364
483 427
483 443
484 23
484 30
484 35
484 39
484 101
484 153
484 179
484 192
484 199
484 204
484 211
484 227
484 242
484 252
484 283
484 290
484 296
484 309
484 343
484 352
484 362
484 367
484 372
484 394
484 397
484 421
484 472
484 474
484 479
485 87
485 229
485 404
485 430
485 441
485 497
486 21
486 43
486 48
486 54
486 68
486 69
486 102
486 110
486 117
486 133
486 149
486 153
486 154
486 160
486 174
486 182
486 185
486 192
486 221
486 229
486 249
486 252
486 258
486 305
486 319
486 336
486 353
486 356
486 362
486 379
486 383
486 387
486 405
486 443
486 463
486 476
486 498
487 82
487 89
487 126
487 142
487 150
487 157
487 158
487 169
487 177
487 201
487 203
487 242
487 256
487 274
487 298
487 317
487 329
487 388
487 409
487 415
487 433
487 439
487 463
487 479
487 481
487 491
487 493
488 29
488 163
488 204
488 209
488 252
488 269
488 298
488 395
489 33
489 82
489 100
489 122
489 225
489 230
489 248
489 252
489 253
489 258
489 313
489 333
489 358
489 361
489 368
489 373
489 403
489 421
489 432
489 441
490 17
490 53
490 219
490 353
490 357
490 445
490 463
490 474
490 491
490 494
491 6
491 18
491 31
491 56
491 76
491 88
491 102
491 104
491 107
491 134
491 198
491 219
491 226
491 227
491 231
491 235
491 259
491 275
491 289
491 317
491 344
491 345
491 356
491 362
491 365
491 382
491 388
491 433
491 439
491 445
491 475
491 487
491 490
491 494
491 495
491 500
492 5
492 29
492 100
492 153
492 214
492 234
492 242
492 261
492 265
492 302
492 318
492 349
492 418
492 448
492 500
493 5
493 17
493 29
493 33
493 40
493 44
493 50
493 71
493 72
493 82
493 90
493 94
493 98
493 106
493 116
493 121
493 132
493 160
493 172
493 196
493 197
493 202
493 206
493 215
493 231
493 242
493 247
493 248
493 281
493 296
493 312
493 321
493 322
493 376
493 381
493 396
493 398
493 417
493 418
493 420
493 433
493 441
493 447
493 487
494 18
494 33
494 51
494 55
494 62
494 86
494 88
494 96
494 120
494 143
494 160
494 166
494 209
494 211
494 213
494 216
494 219
494 224
494 226
494 241
494 243
494 247
494 255
494 275
494 284
494 289
494 317
494 337
494 344
494 345
494 358
494 362
494 365
494 376
494 381
494 395
494 408
494 429
494 445
494 448
494 490
494 491
495 33
495 42
495 159
495 172
495 184
495 190
495 197
495 247
495 281
495 292
495 369
495 396
495 410
495 445
495 491
496 38
496 78
496 160
496 177
496 184
496 190
496 243
496 256
496 260
496 304
496 380
496 388
496 405
496 423
497 10
497 11
497 53
497 54
497 62
497 92
497 99
497 101
497 102
497 103
497 104
497 113
497 121
497 129
497 170
497 179
497 185
497 192
497 203
497 212
497 219
497 229
497 239
497 240
497 247
497 252
497 341
497 347
497 358
497 376
497 382
497 397
497 407
497 413
497 441
497 463
497 472
497 476
497 485
498 67
498 286
498 307
498 406
498 447
498 486
499 5
499 9
499 70
499 121
499 174
499 178
499 202
499 203
499 238
499 253
499 290
499 302
499 324
499 326
499 330
499 355
499 357
499 398
499 454
500 2
500 6
500 9
500 31
500 53
500 88
500 93
500 113
500 116
500 127
500 167
500 190
500 219
500 232
500 275
500 298
500 307
500 309
500 357
500 392
500 403
500 445
500 467
500 491
500 492
